Segment 1,Segment 2,Segment 3,Segment 4,Segment 5,Segment 6,Segment 7,Segment 8,Segment 9,Segment 10,Segment 11,Segment 12,Segment 13,Segment 14,Segment 15,Segment 16,Segment 17,Segment 18,Segment 19,Segment 20,Segment 21,Segment 22,Segment 23,Segment 24,Segment 25,Segment 26,Segment 27,Segment 28,Segment 29,Segment 30,Segment 31,Segment 32,Segment 33,Segment 34,Segment 35,Segment 36,Segment 37,Segment 38,Segment 39,Segment 40,Segment 41,Segment 42,Segment 43,Segment 44,Segment 45,Segment 46,Segment 47,Segment 48,Segment 49,Segment 50,Segment 51,Segment 52,Segment 53,Segment 54,Segment 55,Segment 56,Segment 57,Segment 58,Segment 59,Segment 60,Segment 61,Segment 62,Segment 63,Segment 64,Segment 65,Segment 66,Segment 67,Segment 68,Segment 69,Segment 70,Segment 71,Segment 72,Segment 73,Segment 74,Segment 75,Segment 76,Segment 77,Segment 78,Segment 79
329.97521195589206,-438.1175254362539,-219.51507795123487,-308.11032340009905,-489.514276736398,1304.0900437338562,437.00921533628224,-57.81554071905697,337.23736269536334,881.4336068409036,140.723382652099,-474.90426506874655,380.4729049514208,-341.9759501087702,938.7676660968295,-336.586697764438,-578.8570609465397,281.33770375574,770.919863268567,508.7078104256762,-6.615183840292883,419.56167810406254,507.1442027814519,14.72423706542495,150.33995671339173,509.9134990036291,-523.9994178390259,-268.7088471560387,-220.30177245650933,-340.7390007854632,-458.5309484864188,511.9207038301696,365.9095240004622,947.5009260831786,502.765751556669,-266.0177002579178,-267.0758549829303,-42.28846916101231,-26.794081014279783,-56.82227628710318,-162.68741342818797,-478.0484829747976,-543.2238546331066,-693.0383215158148,652.2781551237819,744.9972225124765,871.1102782461951,425.2417558069343,620.8665024862967,921.9925338377986,-466.37155076965416,795.5285378536763,379.7658009103727,-43.55287839009206,-257.2559441891136,-343.0802318463319,-589.1755321406307,728.393772282914,578.5845499145307,736.134883547623,-414.32154870238975,-534.9476953687832,-626.3090945125979,762.1747948260683,502.2110270570512,536.885690285437,779.4399143574582,386.27185019432255,773.4652418565596,860.6067494730086,532.3566385691221,-87.2623945243991,-594.3322623241994,-335.36043219876973,-479.4176871061738,981.9332678604244,526.2170656182197,454.3069225167716,331.7498307888061
302.3926160529563,-356.202437428773,-139.63085159931697,-236.55817410734,-418.723070400091,1328.258143627131,526.3567264784464,-68.66725788193536,283.71354729417607,835.9859130346844,235.8425070297325,-495.7387368201136,324.37242755440155,-358.3642823393855,917.194147165264,-364.8421094394725,-599.1477977186436,364.0549430581047,730.6874622595888,463.8996089769293,-33.67871378920147,365.6292347565936,458.60997663281,-12.73825522690104,99.19378125874611,582.8586543041254,-544.0996910317755,-279.39442167219283,-227.09337712139128,-339.7432311382845,-468.455607930618,459.7637486432276,327.19832179480943,921.8752759401808,452.9181255328944,-272.5802931024905,-296.01689017218774,49.051069795313005,-71.75737092685307,-83.3851697850275,-195.4580709048005,-480.8065107786304,-565.5529179898562,-671.7124096293895,601.1361814769607,704.5899664678926,862.5070638997265,377.54020297125794,567.8797641781497,910.1541558975676,-469.79765696462687,828.7533887194685,316.3081116534233,-66.50540855408194,-267.3454967420057,-368.0876505531589,-592.269582439173,793.6030816633529,650.1318827530895,740.6613437892046,-410.5100321166073,-544.7355894666633,-637.1084878242682,819.8703550382897,578.6150454810804,606.600806465625,776.1138166000944,457.409223031458,814.4661356157676,816.9750377555897,603.1709405724936,-96.96612430221052,-607.9604383606966,-343.4310825387261,-495.4364543702917,961.0891571193224,473.04306106830506,407.64992503441454,283.81787177682537
276.5893607256553,-268.01070278285187,-56.680395149503866,-158.5930029817196,-339.8051887978765,1342.5426926865457,609.9084382857601,-78.2512402637478,229.72403743603135,785.2809828171181,329.60785866403006,-517.6375725722851,268.6061446813797,-375.9722903021223,889.8567557265607,-389.76952848303137,-619.4397001855976,442.2702208098588,687.1718309215378,418.4032499526,-58.56000695610884,312.4389940111324,409.2706279730601,-38.205090473631685,48.92128240465225,648.4707381077537,-564.9249809002815,-290.1395147719745,-232.62666689227527,-340.4535742997457,-475.5302072703723,407.0959672646817,288.27928891160457,891.3584716160034,401.251572114302,-279.82752664838483,-327.2054888401647,139.97236765506662,-113.59801939725828,-107.50692748399176,-225.9898776345017,-484.0738445949588,-587.1986275394563,-642.4814101048592,546.7552947196195,661.0681248710639,847.8281474328062,328.9170821297334,514.9915644325451,893.9021549565113,-471.11881024127086,852.349804360683,253.3249711076236,-86.98564295335323,-276.42313293157423,-396.064283518267,-590.7071944708622,851.1773628416573,716.0484699230849,737.7559512717805,-407.6216459588572,-556.6137597903333,-642.4946505927625,870.3758231998507,649.113127861289,670.2674694873486,766.0764601365871,522.8753695747208,846.613938681719,770.8322052735231,667.2939641188353,-108.70788637715732,-623.3875053057504,-354.1247568602445,-511.9229131465236,934.1155011630173,419.881630426175,360.2906113722837,235.2912587100145
254.25181494423765,-174.9229825221948,28.088730321541693,-75.15240731492074,-253.64192580474517,1347.4929668702885,686.6626865521738,-86.55638217478754,175.64932142454043,730.0015494744121,420.5948601557463,-540.1697893596534,213.5581048056696,-394.6678336682468,857.4158366406598,-411.3629609053091,-639.1427180502532,514.9718602299084,640.8306719691726,372.4619040762758,-81.26292064958025,260.30176152160885,359.43681458577794,-61.69499804633327,-0.1593242882306465,706.1066639562971,-586.0623988508108,-301.2551155533009,-237.2419907786861,-343.19652389998504,-480.0680549659796,354.3377250579304,249.2831946477352,856.5517044111787,348.1227482934691,-288.13744064012747,-360.3026348619788,228.9237585951942,-152.16278630459288,-129.21364329126234,-254.09460117747597,-488.3194990783252,-607.3971212452996,-605.064057567048,489.62037271266746,614.9129630358428,827.6164864053818,279.7016552841664,462.5170778116927,873.6658702629262,-470.8250331385125,866.5142029536282,191.29144650396705,-105.19877327626249,-284.87014234894514,-426.7515258130833,-583.8273508086654,900.7529972553622,775.6607897135978,727.9802354718446,-406.1512587582856,-570.5386688481108,-641.7103382369546,913.3440163307127,712.9464642772695,727.2771841715625,749.8429815078892,581.9758127068421,869.9564602754178,722.588928714582,724.020634862459,-122.36105896794678,-640.3512506404206,-367.4880755001628,-528.4251690564984,901.6903557482603,367.104397721314,312.4917230074078,186.48339932169316
236.96873865090643,-78.45906231617934,113.38134531788562,12.662951615282026,-161.31665891483334,1343.7739671270483,755.8073598841494,-93.60043859825169,121.86406574294996,670.816580800169,507.4539120798138,-562.7861717256224,159.60583507818075,-414.2310580936922,820.5172329100218,-429.67262277966665,-657.5912341754864,581.2917270132898,592.0849817061558,326.3239137602698,-101.81939028506004,209.5123881820657,309.4151125593223,-83.25642025376709,-47.736750935064975,755.3211553595102,-607.0043228455226,-313.03970137629454,-241.30567295326625,-348.2262069308296,-482.4209120125814,301.85982802120856,210.31659638933397,818.0220299864627,293.9025076849787,-297.8483869749042,-394.8763698304605,314.4187942987694,-187.36228573612877,-148.58102041285505,-279.6115540808922,-493.9657482314529,-625.3346528325476,-559.354004158243,430.2083136615877,566.5636337524608,802.4245628745637,230.21912768200497,410.7785249685786,849.8405212665266,-469.43585372324856,871.6054473795731,130.6715294162106,-121.38668186186936,-293.07899133157304,-459.7778848071361,-571.0361482448791,942.1351757442222,828.4532064686791,711.9574066705036,-406.5345013421218,-586.3672276307516,-634.087586051689,948.5875597551372,769.5302651268355,777.177379269098,727.9541181110476,634.1774305984771,884.6893147458778,672.6099072124729,772.8312198881706,-137.72969374093418,-658.4892850809712,-383.4721275040749,-544.3992650653795,864.4757144693434,315.093956279669,264.5257685305308,137.69894495750518
226.18475425167856,19.768098782556,197.89290497858008,103.6184773981422,-64.08761030602527,1332.1319174106206,816.7331979617825,-99.43033951717672,68.73773569463869,608.3783529296064,588.9449786709052,-584.8299190083511,107.11407036920508,-434.3525310419558,779.7803856234993,-444.8076188897831,-674.0575084948392,640.5200485145789,541.3236640081126,280.245556550639,-120.28895218460794,160.3489721432619,259.5095907541249,-102.96791533842968,-93.51031344490572,795.865213110965,-627.1538131934797,-325.7719394700093,-245.20312242758052,-355.7169347350714,-482.9714039292333,249.98773568480928,171.47251198500058,776.2959003965998,238.9820083364476,-309.2477836839302,-430.4064648539927,395.0808284425983,-219.17556510926235,-165.73235669901666,-302.4153485186204,-501.3745455417711,-640.1652468381744,-505.4354074341863,368.9931844529534,516.4219299264659,772.7998792660211,180.79531329321583,360.1006281018467,822.7836632724578,-467.4842962935364,868.11711237424,71.91481833964338,-135.82090670347677,-301.441265982842,-494.6587818974859,-551.8324303803201,975.2849213145838,874.0694618034386,690.3471165112848,-409.132965030284,-603.8531666496779,-619.0756679763947,976.0691636568688,818.4580543003392,819.6710469042926,700.9596708792021,679.1096895891893,891.1341951128702,621.2182188840923,813.3941555351981,-154.5476987124425,-677.3402045685856,-401.9268586986726,-559.2193240408618,823.1021635877928,264.23683969055224,216.67617548543188,89.23772046750754
223.1573919201921,118.1016401773057,280.3474877359067,196.38054900957147,36.64656745119546,1313.361096583778,869.0382963426723,-104.12149145951304,16.633860272859057,543.3217027609038,663.9667644532251,-605.551866107772,56.427704560534806,-454.63377677720416,735.7897903320091,-456.93735828648346,-687.7683298448864,692.1133559234039,488.90975980655327,234.4923918830288,-136.75778579151648,113.07113663193208,210.022026687675,-120.93795024649934,-137.19421775181328,827.6773815901025,-645.833878765862,-339.70304384338374,-249.33076820905796,-365.7572197634152,-482.1249074199425,199.00648060239445,132.84050093505437,731.8562623754098,183.77671034525304,-322.56145401338523,-466.2908296047522,469.68192202220416,-247.65244026991965,-180.83487366857128,-322.422983662356,-510.8346268550896,-651.0315960774639,-443.59288213241575,306.45139750298455,464.8583450132539,739.2736899915468,131.7598540327546,310.80476761453764,792.8156212966808,-465.4998048124992,856.6478425738201,15.451853001081355,-148.7953673193585,-310.3348871922158,-530.7985533234288,-525.8324916386362,1000.3016485947192,912.3076715840216,663.8223634956814,-414.2209761470117,-622.6457766774045,-596.2672504409162,995.8870347685872,859.4988794227314,854.6109540401454,669.4050273302273,716.5595280303546,889.7153050788104,568.7016486413598,845.5615010689642,-172.47952073678812,-696.3477856075293,-422.5975931044514,-572.1914624106531,778.158263806951,214.9146347662029,169.23656187237938,41.39731719217619
228.9189392832759,214.89113233473356,359.5337679416665,289.5556636767166,139.38694669408912,1288.2734185996503,912.5239326045562,-107.77608042111687,-34.09216423979295,476.2647274939809,731.5794989688254,-624.1299826818773,7.864349343694627,-474.5905520016161,689.0896556644446,-466.2915033166087,-697.9246910869293,735.6957553996322,435.187515069565,189.33912004248944,-151.33733143912957,67.9175018494217,161.25079533566324,-137.30406625740275,-178.52228509453275,850.8687062593916,-662.3007023288583,-355.04877304127217,-254.086913644207,-378.3452652607586,-480.3011414559584,149.16585111415156,94.51559063491676,685.1428210998188,128.7276746240646,-337.94377270125574,-501.8536654612429,537.1743744040281,-272.9134816409773,-194.0946328084481,-339.5998789039808,-522.5495582753454,-657.0889243968803,-374.3149339373421,243.066184279852,412.2186662215456,702.3530104335711,83.44770089849206,263.2022115588463,760.2233570600888,-463.9905695038238,837.8714266835392,-38.31172578453919,-160.6190498010573,-320.1109144280335,-567.4950314081785,-492.7926027195626,1017.402597328988,943.1097381782794,633.04932862516,-421.9743215460548,-642.2912749043034,-565.421481084736,1008.2565633478388,892.5881456133542,881.9891462062083,633.8209491339295,746.4607021182366,880.9352457302442,515.320399744431,869.3579191609069,-191.12257252344392,-714.8684727553302,-445.12398366377,-582.5712884402517,730.1846825808543,167.49373707186922,122.50827907557384,-5.525898655692869
244.24429645577527,308.5416959667151,434.33739994523984,381.732001225233,242.57842196351064,1257.6718579892158,947.1823063803524,-110.52043877747624,-83.09675861400159,407.8101931435358,791.0207173530773,-639.6926979576092,-38.29313025964136,-493.65918857139474,640.1814862259436,-473.15825936241225,-703.7241544384867,771.05410883556,380.4895449774291,145.0679340062352,-164.16256213980367,25.102511484351076,113.48856394104963,-152.23140369369034,-217.25292412270213,865.7025476775998,-675.7607899033038,-371.9811206184326,-259.861623680247,-393.3859240220534,-477.92569586500827,100.68544854911885,56.605575184732814,636.5549231746951,74.29977022814738,-355.46885124916344,-536.3554003520202,596.7136662005712,-295.147668694137,-205.75034648393475,-353.96452483776375,-536.627033643119,-657.5312869134527,-298.2902309161143,179.33072404390154,358.8304228186914,662.5157251561994,36.19870056048872,217.5868043396396,725.2670231020818,-463.42575384209925,812.5080538897978,-89.00193662183139,-171.60879487225293,-331.0802671751584,-603.9471013325505,-452.62806010623433,1026.900506230579,966.5463311546138,598.6707021988515,-432.461249139955,-662.237016473401,-526.4827434684616,1013.4895580264648,917.8130605136112,901.9226336063522,594.7166015933002,768.8786481789997,865.3515189704347,461.3155677792837,884.9643583637312,-210.01160963549967,-732.1823341944934,-469.0416716068872,-589.5846505029817,679.6728224408517,122.31431749388386,76.79645773625718,-51.23745857216566
269.62597118415016,397.559763800882,503.7685134521786,471.5214492355267,344.6557064449645,1222.3284775875395,973.1772112192602,-112.501573712371,-130.0532712267924,338.5469770841878,841.7138017555404,-651.34544852845,-81.80376062178055,-511.206280542714,589.5242242174053,-477.8808407392416,-704.3854083625646,798.1280060501142,325.1434258943587,101.96539184572406,-175.39000081342112,-15.187179843654032,67.01901354819512,-165.91056942111288,-253.1741422059507,872.5706063076739,-685.3918390654388,-390.6198264355378,-267.0257747558003,-410.6891253534607,-475.4217185005769,53.75930099728345,19.23632309662603,586.4564098453121,20.976645106791285,-375.12300225757946,-569.00445482562,647.6721426415867,-314.60782339368336,-216.0664260762304,-365.5915008264796,-553.0697672504766,-651.6195247047997,-216.39638596365927,115.74941357431204,305.0086460449221,620.2084372023057,-9.644740852634476,174.22749899317336,688.1883223716676,-464.21813810816695,781.297990061202,-136.28382384257097,-182.0822884661692,-343.50069851584794,-639.2655894808739,-405.4275030684979,1029.1808431299146,982.7987296428432,561.2928361981071,-445.6360141371046,-681.8387339913817,-479.5938797975127,1011.9723434766436,935.3938757536278,914.6362612765512,552.5756086042296,783.9920765590649,843.5546299666152,406.917753370694,892.6977712228174,-228.62520417154263,-747.5075448858357,-493.7869061532858,-592.4511525221909,627.067441700624,79.67911151372961,32.40483237896627,-95.44708765091286
305.2572297114892,480.5935906077217,566.9833453424511,557.6001020905959,444.0890828147714,1182.9674777171983,990.8189947727352,-113.8829760351866,-174.6583529542731,269.05098530001976,883.2694220057081,-658.1997089531819,-122.47497032719264,-526.5418970076938,537.536531198605,-480.8519929396543,-699.174345387474,816.9956176595748,269.47714832656754,60.317886851875954,-185.19557748303663,-52.79650830999692,22.11287512767438,-178.55482850084996,-286.1083811138195,871.9666091739269,-690.366928581447,-411.02391359374,-275.9194148878014,-429.96978719686814,-473.2019510467154,8.559796481724735,-17.44514659550846,535.1817376047126,-30.74740684277033,-396.7987304778124,-598.9708749130061,689.6433284318026,-331.6039999121296,-225.3256149507025,-374.612696823765,-571.7683576911757,-638.7098531574557,-129.6813047262773,52.83691455937672,251.06055087824268,575.8465712359844,-53.74183027413474,133.3611011281345,649.2197289667646,-466.7077055823481,744.9786382708825,-179.86907483650126,-192.3513268811629,-357.5643610161328,-672.4877484594534,-351.46138072166434,1024.679787529857,992.1388604560766,521.4768375641048,-461.3351880988671,-700.3709473594464,-425.1028425118199,1004.1439912641868,945.6622225432932,920.4438195206676,507.85476577970303,792.072585433483,816.1485668076365,352.3552186485795,892.9882517211784,-246.39438980712808,-760.018309316297,-518.7043293042227,-590.4098082500881,572.7725559042105,39.84266372082131,-10.370362674213156,-137.87242666746727
351.0242366107337,556.4669567259607,623.2993816520273,638.7453538064034,539.4278039923724,1140.253370526342,1000.5353919310404,-114.83983833628317,-216.63932568082345,199.88512837490333,915.480368726102,-659.403643633144,-160.16818129630073,-538.9363556717143,484.6007647107257,-482.50650883481455,-687.4308267465922,827.8566241955846,213.822982094454,20.40584879628661,-193.77241201860545,-87.60570967439998,-20.976392952723774,-190.3966045756208,-315.9169662112409,864.4591135355413,-689.8814225509389,-433.1835250626607,-286.839608918971,-450.8492600801623,-471.66125435330713,-34.759217895395366,-53.26992708543973,483.0426622819256,-80.37827020281219,-420.290506209708,-625.4018295825613,722.4373059214635,-346.4950569981051,-233.82152984266767,-381.2166688623362,-592.4965120749207,-618.2818635581134,-39.33756989311905,-8.885219489106998,197.28890518397523,529.8161716049589,-95.7592094360167,95.18556294392724,608.5936373998203,-471.1466951039362,704.2656545861939,-219.5235119411254,-202.71541810956936,-373.3863165259455,-702.5954691409416,-291.1836924506029,1013.8639847949306,994.9088193060052,479.7335140557626,-479.2768935302704,-717.0406374629608,-363.56198490206975,990.4758328790052,949.0378708802194,919.7284517612104,460.9849405822766,793.4635709661077,783.734223770808,297.8610491426396,886.3549361117477,-262.71347419593616,-768.8659674474326,-543.0580588380785,-582.7460673374054,517.1597501745655,3.0016546797435044,-51.24713605017152,-178.24387291050323
406.5077691635899,624.204913921823,672.203734654259,713.8679422723885,629.3392057748126,1094.7841037461922,1002.8399232436144,-115.55381402887556,-255.7621663841977,131.59808636823652,938.3105870595984,-654.173415568117,-194.80322331988884,-547.6404012289007,431.068190709989,-483.31174158862586,-668.5951614615519,831.013427025118,158.51943259479577,-17.503127955123215,-201.32858487031436,-119.5336405592559,-62.016953569518485,-201.6832853451092,-342.50397633509715,850.6647997761361,-683.1817665582088,-457.0123903081079,-300.02798683382343,-472.8583854483153,-471.1697008406789,-76.06024514176038,-88.0487961442445,430.3348338393696,-127.4348656083912,-445.2925847214377,-647.4389150582632,746.0680686324417,-359.67867962925817,-241.85138451638684,-385.6461422453706,-614.9090122525342,-589.964576612242,53.32925182569589,-68.8943601258911,143.99399254561482,482.4768229274933,-135.3781497020181,59.85412292886225,566.5505899182821,-477.6866262455637,659.8384952817667,-255.07407719162208,-213.45578244821448,-390.9943613797047,-728.5371815278286,-225.2264605573168,997.212873490176,991.5010431166564,436.52190221731104,-499.0630700576882,-731.0042102622634,-295.71953575109063,971.4532192970626,946.0052001031858,912.9233683283258,412.373630034963,788.5596222690845,746.8961256347739,243.67886257227545,873.3819053356181,-276.95293421513475,-773.202852020839,-566.0461058048976,-568.8193194950106,460.5779305171488,-30.71310279352905,-89.96484393824677,-216.3101590851672
470.9947831247248,683.0508676101451,713.354816499328,782.0376511412043,712.6418656443205,1047.088722984835,998.2995410267056,-116.20744848297431,-291.83963792817667,64.72172374757601,951.8794709518884,-641.8241034107675,-226.36134884895628,-551.9084113671216,377.2649597120929,-483.7561856142685,-642.2332303446327,826.851773818204,103.91110364571234,-53.16197046280935,-208.0849203347805,-148.54042998933502,-100.8026604543839,-212.67234743674337,-365.81937389535176,831.2234667182294,-669.595147002878,-482.3412924617275,-315.65827220896256,-495.4422869191449,-472.0662403433139,-115.2208616122598,-121.57593715107863,377.3437449458597,-171.46320214615238,-471.39914163017625,-664.2371389389506,760.7341474288155,-371.5801516576021,-249.70909929796017,-388.1937460041868,-638.542773156848,-553.5591233823769,146.93711731643393,-126.67490643539978,91.47418831748,434.1651589946292,-172.30276467000277,27.47053133298873,523.3458743215264,-486.3677705045213,612.3304897350339,-286.4149390152619,-224.8298214765188,-410.3205647572812,-749.2532119927157,-154.3868051545639,975.2041475943306,982.3401250905112,392.2509505189631,-520.1848198106007,-741.3876814562457,-222.50320884261075,947.5602581826994,937.0905614700696,900.493780065014,362.4086283231194,777.7874386304899,706.1926104192931,190.0667035663865,854.6951760911496,-288.4742288322015,-772.2082957084826,-586.8180440454655,-548.0898752055721,403.36350091790007,-61.24249193928084,-126.29139615739037,-251.84425439693527
543.4997443106722,732.4747532111704,746.5776774558504,842.5017996882622,788.3315029102664,997.6289746306896,987.5030901329052,-116.97841407209388,-324.73903682662774,-0.2328759519631819,956.4426477978722,-621.7991128993347,-254.88666827990565,-551.0240194428161,323.4983581638273,-484.33626680515016,-608.0591409219682,815.8217938889594,50.34643016993103,-86.35231087118902,-214.2727556272332,-174.62921709111015,-137.15660061563423,-223.6258321428984,-385.86127766764446,806.7757240787066,-648.5588070241885,-508.91293004121246,-333.8241372306062,-517.9670431137438,-474.65287603687614,-152.13330368865326,-153.63452833600184,324.3496020758084,-212.0506955562919,-498.1069949283324,-674.9853740017401,766.794071941801,-382.6402092251042,-257.67891733448744,-389.1961124520466,-662.8212871472514,-509.0566578622795,240.0672618049871,-181.72833227715475,40.02524661277737,385.1985013128507,-206.26881788388363,-1.9144666552811664,479.25397237416007,-497.1114964369508,562.3232754177416,-313.5123780942179,-237.066127479484,-431.1949431755851,-763.7041507089389,-79.60694802732242,948.3026721347647,967.8670456356904,347.2838035427007,-542.0308220915734,-747.3098777017557,-144.99634973848902,919.2679948251018,922.8415501965284,882.9208280701226,311.4622698972595,761.5891073025699,662.1494419418784,137.2988743885197,830.9416853521108,-296.64628218360355,-765.1160314958605,-604.4957129818043,-520.144341261097,345.8499756412063,-88.60236031363982,-160.03031737282672,-284.6491713770982
622.7952347459775,772.1725209271552,771.8536435608111,894.6961074943158,855.5987480605917,946.804114119082,971.0319479534468,-118.03368463568664,-354.3890047945748,-62.78069846387409,952.3705618582924,-593.6969255835157,-280.4858807748259,-544.3273152771013,270.0628335140283,-485.5415552910857,-565.9543119034721,798.4202563331746,-1.8265992557461797,-116.89280527266764,-220.13160902176773,-197.8467913822365,-170.9339415968502,-234.80421303580488,-402.6773080451925,777.9441202463748,-619.6476824828939,-536.3785746921135,-354.52780017092607,-539.728408789721,-479.18923007930925,-186.70482227396863,-184.00381801984588,271.6308245436501,-248.8398301140016,-524.8211732531366,-678.9279728581771,764.7383647803193,-393.3023206433965,-266.02956414537664,-389.02650626006266,-687.062669953989,-456.6502337760828,331.3054242378383,-233.58466611459664,-10.061560191840382,335.8782625444727,-237.05265368224937,-28.305298188468235,434.5705501604103,-509.7158629354208,510.3452079293576,-336.4081559448748,-250.3600991455691,-453.3417066341898,-770.9015572059337,-1.947936794181284,916.9529405359466,948.5263471054936,301.9440386561272,-563.8987532035499,-747.9082771579442,-64.40748422036864,887.0262271980887,903.80899648978,860.6881098672121,259.895749181226,740.4083482511764,615.2566580812471,85.66557341957136,802.7709682137546,-300.8633026366263,-751.242093467119,-618.1965856894637,-484.71826739291663,288.3761224767021,-112.88399677358132,-191.02742619921457,-314.5632919534654
707.4509090874187,802.0575646997313,789.3051114130332,938.2479667247248,913.838389920409,894.9580978956367,949.4339427181972,-119.52379186112849,-380.7848662575397,-122.46927927259352,940.1261528860492,-557.2940159226091,-303.3262389189158,-531.2425823541827,217.2452950698192,-487.8386904601441,-515.9819537880727,775.1746559489343,-52.26645472007748,-144.64719474606565,-225.9066012705277,-218.2830281768336,-202.02400903246925,-246.45969602361595,-416.36498049988336,745.3181734081343,-582.5989567845384,-564.2969189750039,-377.6698414571853,-559.9627518443546,-485.8873447427379,-218.85867486999143,-212.467225942398,219.46600651793173,-281.54033868380634,-550.8635591440194,-675.3871187244814,755.1597764056567,-403.9997369946999,-275.0089127978286,-388.08616093156894,-710.4914272128649,-396.73960734124194,419.2826708352647,-281.8147494719132,-58.50228988387214,286.4928454417762,-264.47975581472167,-51.76237601266247,389.6118942254546,-523.8547767485957,456.8731791365477,-355.2211321088238,-264.8702091181202,-476.3784996276905,-769.9401059545422,77.44168926079085,881.5749565083572,924.756526465278,256.5231475803934,-585.00959610335,-742.3669077781317,17.965436870849324,851.2588827603289,880.5322477279683,834.2711951270913,208.06306840506855,714.680083788602,565.9683221254683,35.47034219357963,770.8200084633554,-300.56350921508005,-730.0122102143513,-627.0592775171908,-441.71494695650347,231.29187897463703,-134.25175729512665,-219.17689843798712,-341.4648829521791
795.8794409189836,822.24509040526,799.1765351935085,972.9725535792276,962.6502038905968,842.3883034757531,923.2013494297016,-121.57731513021176,-403.9920058164775,-178.88617873141203,920.2428327629108,-512.5628023834793,-323.6317512286787,-511.3053678667208,165.32922534695683,-491.6543898149615,-458.3960323462954,746.6295171684686,-100.6453985820275,-169.53170333460616,-231.8454402379338,-236.06909537621556,-230.35161251968336,-258.8289858033322,-427.07116250280376,709.4435129500088,-537.3321495476395,-592.1354866224283,-403.0407600631991,-577.8603535523695,-494.90656125399903,-248.53560116011369,-238.82096591693127,168.1342869026438,-309.9392390394736,-575.4847785285151,-663.7853555811542,738.7233727368268,-415.1426366448069,-284.83906147778464,-386.7945018590799,-732.253947633005,-329.9282518978413,502.713972310101,-326.04252861781714,-105.02400360206086,237.3198549320814,-288.43244674955247,-72.40163736280084,344.71189246720604,-539.0809689423149,402.3371464602492,-370.1469689789692,-280.71493274257534,-499.8190141764885,-760.0300643642663,157.36071953407344,842.5632490039847,896.9836764874864,211.28853321145064,-604.5246728192908,-729.9455019140272,100.77444693339616,812.3626552759126,853.5280636231621,804.1302968891507,156.3142267030976,684.8234419349074,514.7047366584264,-12.974548094312468,735.7015137240043,-295.2482349889817,-700.9875943431854,-630.270513895985,-391.2193195100755,174.96148192326612,-152.93795170192357,-244.42648088548933,-365.2755500973429
886.3876927082542,833.0306934824451,801.8127690957648,998.8625378386716,1001.83193382697,789.3549421250583,892.7534606955588,-124.29576486868017,-424.1468836227572,-231.6671905322041,893.303802117894,-459.68359642379056,-341.6776882197627,-484.1875771699652,114.59720392641836,-497.35799794579697,-393.6439736395287,713.3351020231129,-146.65761971848065,-191.52137745022043,-238.1947623668218,-251.37449207629845,-255.8777134934459,-272.125549076136,-434.9906366434407,670.815101422156,-483.9634641898113,-619.2749422702342,-430.31482014010106,-592.5811738675319,-506.3483481190034,-275.6956159532432,-262.8826819215942,117.91415798572169,-333.9082632144817,-597.8794194502009,-643.6675994398543,716.1379098842621,-427.1056480600892,-295.7116970455464,-385.57843094759386,-751.4376002196195,-257.0122754817489,580.4328421439656,-365.9566094692912,-149.3691007609911,188.6275168830714,-308.8562811109859,-90.39295549745628,300.2168237326662,-554.832977666466,347.12659819060525,-381.4558403824741,-297.97029796925466,-523.0792693867057,-740.5288208110492,236.59177571913727,800.2885875046512,865.618189268292,166.4913089566564,-621.5651750827392,-710.008891584033,182.6627379683419,770.7084167104671,823.2831972683501,770.7060319803124,104.99733524798911,651.2380673294705,461.85660156567576,-59.354518108971945,697.9956419089143,-284.5007731509276,-663.8879793356848,-627.0927294379637,-333.5060542958934,119.7634873313701,-169.2352589425774,-266.7816236399731,-385.9624733214295
977.2310089884728,834.8645946097542,797.6360010897216,1016.0723949119898,1031.3654073739167,736.0904021750528,858.4239546890439,-127.7490240001439,-441.4553965794184,-280.5049603551336,859.9235385743864,-399.0496881716903,-357.78350998802546,-449.71925031173305,65.33154642903604,-505.2441150554161,-322.3625945551246,675.8385289133885,-190.02758388453267,-210.65500585428015,-245.19564357638455,-264.40305683902926,-278.59957503611366,-286.53141535367945,-440.3638239247343,629.8743023582804,-422.81332995572166,-645.0165880939996,-459.04674506968246,-603.2731070270007,-520.2510112082292,-300.3199534833297,-284.49963097893124,69.08081165248203,-353.4084192732967,-617.2045427735045,-614.7217950650694,688.1296955312662,-440.2159851172413,-307.7836073173392,-384.8608445142879,-767.0931715602201,-178.9613947119338,651.4206044304099,-401.3203545759277,-191.30014864483195,140.67526176005492,-325.764754593389,-105.95760995179616,256.47834672282687,-570.4462458070608,291.59815163851925,-389.48813384086174,-316.66796220732004,-545.4877367039555,-710.9700578724263,313.93761206360165,755.1018562812898,831.0541566589516,122.3732456572614,-635.2339008693949,-682.0554446861515,262.30561335501875,726.6447870628147,790.2504991435267,734.4179851518778,54.459424695898456,614.3034056780414,407.7905472138416,-103.36055416466212,658.2449924917155,-268.00423627191327,-618.6107537210563,-616.8913451246842,-269.04109573596463,66.08761374253096,-183.48706448778785,-286.3083068236709,-403.53936422304537
1066.668312594746,828.3230615570434,787.1225258951758,1024.8984885091577,1051.3970817639251,682.8078814547927,820.4530538302369,-131.97150977707176,-456.1884212470114,-325.157631771801,820.732047871181,-331.26496159861443,-372.3043729145986,-407.90572627587966,17.812889976975875,-515.5159215254225,-245.36702123243444,634.677164253131,-230.5180042763961,-227.03831843381212,-253.0781460072412,-275.3881465075811,-298.5505458066307,-302.1885885306255,-443.4737155445756,587.0093891161149,-354.4063797082535,-668.5932693542131,-488.6717964594556,-609.0926405980169,-536.5843020118091,-322.4130080490014,-303.5560239197523,21.90218296083084,-368.4916097605022,-632.6012966713064,-576.7972690246784,655.4198663212162,-454.7423781100068,-321.1722150648632,-385.0485586695162,-778.2602315296282,-96.89260392943729,714.8292031416981,-431.9799169179891,-230.60502689863148,93.71348608265676,-339.24203750457065,-119.36500659665435,213.84516190077065,-585.1683446774535,236.08349880701888,-394.648200532946,-336.7936750029152,-566.2993503678972,-671.0891126564267,388.2553947816587,707.3394694678733,793.6709657796363,79.17230826943485,-644.6388243805379,-645.7432129633996,338.44928295430776,680.5031644391942,754.8481701186212,695.6656047073918,5.0458028630349405,574.3804593442059,352.85544840945823,-144.6980996951856,616.952485041039,-245.5576277123188,-565.2451057198625,-599.1606771565354,-198.47622225492523,14.328589272595044,-196.0762023172221,-303.1343562681373,-418.0661775891895
1153.0156128687915,814.0785320986334,770.7805534743562,1025.7561796459004,1062.214527971332,629.7088204182857,778.9842911733674,-136.9592079940476,-468.6745109252762,-365.4570803320426,776.3622186585179,-257.1337546568595,-385.6214003095894,-358.9390358404792,-27.68329346530306,-528.2698802014337,-163.632683270394,590.3740435193471,-267.9368811174083,-240.8452387286306,-262.0548488178221,-284.5872287390916,-315.7996114602544,-319.1901980000709,-444.6420418781444,542.5589579323384,-279.46348724971244,-689.1838256303747,-518.5097221234062,-609.2276837323985,-555.2440378954507,-342.0041347800909,-319.9792331054384,-23.366086304941977,-379.2993879214181,-643.2192702024273,-529.9197620687574,618.7057232525544,-470.8849444217467,-335.9510373112229,-386.51982785835816,-783.9948691819715,-12.037645901361776,769.9968576561456,-457.8697698599785,-267.1021858506586,47.98255157851439,-349.44354216726407,-130.92880993351713,172.65385860480745,-598.1782115764279,180.89697225316775,-397.396258174602,-358.28595779539114,-584.7132877584211,-620.8430972688155,458.4873502154887,657.3296642153182,753.8364952097844,37.12635342930826,-648.9180353120246,-600.9124080763244,409.9457467379346,632.6034883571209,717.4616159170188,654.8308200380475,-42.90207806989344,531.8153940300681,297.38892271600537,-183.09647758516317,574.5815912066561,-217.08929249844692,-504.0802274057581,-573.5473790921192,-122.63649566634707,-35.122603273777834,-207.412633888034,-317.4490750230405,-429.6476852997765
1234.6956284955536,792.8698589720005,749.1301329886332,1019.1552365508508,1064.2204613658378,576.9888124311622,734.065572777949,-142.66771441238333,-479.2898548357182,-401.3162490688935,727.4403799571481,-177.64305077715989,-398.1309188615692,-303.20258511763046,-70.89211296044931,-543.4825421309936,-78.27083088761522,543.4350127539112,-302.14315554366374,-252.3170477052697,-272.3134105757189,-292.2761497361351,-330.4508040187636,-337.57159260320714,-444.2246798522334,496.8176179268814,-198.885918646472,-705.9311132126644,-547.7729652235198,-602.9221534505605,-576.0469493104122,-359.1491974418175,-333.74467615891746,-66.48647650193142,-386.0590591572503,-648.2430285025201,-474.30212079477513,578.6464772958329,-488.7661249831052,-352.14502432646026,-389.6116644455001,-783.3990996437295,74.29420550637468,816.4562797585663,-479.0154814645322,-300.6457919764611,3.71112248635976,-356.59423830074826,-141.00259434864327,133.21945868610302,-608.6091357542463,126.3420953478521,-398.2385914869548,-381.03483264036976,-599.8942420378853,-560.4244783528459,523.6864866873645,605.3989993041673,711.9112680019549,-3.5252913088664046,-647.2654842628161,-547.6028564339828,475.78229669630826,583.2600309548342,678.4472315646211,612.2816941588197,-89.05017748130781,486.9443175084244,241.7234361060666,-218.3183320881262,531.5582780373927,-182.66693598764843,-435.60683656321527,-539.8703152194532,-42.500839650577824,-81.88952410387135,-217.92060902061132,-329.50106527726297,-438.4310797112405
1310.2814788085248,765.4739390460561,722.6860912629035,1005.6747773850356,1057.9059213868138,524.841822677223,685.6541372963097,-149.0113955937618,-488.4457329225773,-432.735068483764,674.5799421662915,-93.9374825433473,-410.2328723751504,-241.26849115363504,-111.56630157819416,-561.0001933267937,9.501605608451277,494.347253535556,-333.0506602938714,-261.7593925521766,-284.008316295363,-298.74333255485345,-342.64250149021314,-357.3016668609946,-442.6062735191604,450.0432834154392,-113.73210009146528,-717.963479846321,-575.5793959864712,-589.5017114653403,-598.7260669735559,-373.9317745716672,-344.8792727633738,-107.24586514384109,-389.0774316274527,-646.9200756844805,-410.34970326818353,535.853478247919,-508.4228192147815,-369.7258033557477,-394.6072002207575,-775.6511093460284,160.75624229841463,853.9355668679335,-495.5336696507142,-331.1305104640254,-38.8860263167505,-360.9847325165561,-149.97505025088824,95.8261381768564,-615.5750466709565,72.71660078479103,-397.7162267873305,-404.8804652768309,-610.9967462297662,-490.2670367023552,583.0364804267415,551.8784144495843,668.2529106466426,-42.54248691417108,-638.9568716280745,-486.0652129410992,535.1045199507479,532.7865818749723,638.1373794139964,568.3764099672007,-133.07667046403006,440.0985522653106,186.1914785885536,-250.1685846953084,488.2739688816899,-142.5034793330911,-360.5115503448688,-498.1358128226263,40.82364261074895,-125.62244519760117,-228.02583188645505,-339.5941771791244,-444.6028139317117
1378.5327787064882,732.6797823798256,691.9446453892284,985.9388801001072,1043.8241011959549,473.4626765828189,633.6249645231854,-155.86375406459734,-496.5738098321253,-459.8044425014612,618.3778190524014,-7.288021789317272,-422.31862987187264,-173.88729534831458,-149.48444401807365,-580.5320517450264,98.39663741845187,443.57885679646273,-360.63021170297634,-269.5371367118108,-297.2520632490608,-304.2841321637604,-352.5465859845372,-378.27479816800496,-440.1940275467443,402.46538863193217,-25.18794031666225,-724.4193919485688,-600.9696610883354,-568.3998423710282,-622.9270519593518,-386.4639582048425,-353.4634412106632,-145.4618627133968,-388.7325867916675,-638.5893061893048,-338.6597105400518,490.8847444847001,-529.7998784842528,-388.6069396596625,-401.7233728388716,-760.0353828488717,246.00533070805093,882.3522519059206,-507.6292407655762,-358.4956611261263,-79.61057704674931,-362.9652202492389,-158.2647090196894,60.71856119108021,-618.1994603451743,20.315544497967917,-396.3922860953484,-429.6116545924953,-617.1919492945802,-411.04343803327686,635.8652300978499,497.1082713724297,623.220301911559,-79.68714400503242,-623.3749247584325,-416.7649383186279,587.2320826787916,481.5005064883932,596.845822658196,523.466934205565,-174.6777289767903,391.60977737129537,131.1293340667673,-278.5024362021288,445.0888347165206,-96.95816236789932,-279.663974677759,-448.547348276311,126.13264595652149,-166.0111524350288,-238.14310267250292,-348.0815915504731,-448.3849064787537
1438.4229443306938,695.2658397809608,657.3740665275701,960.5938490003653,1022.56614400336,423.0478765829005,577.7821688427181,-163.05905190271122,-504.10970475891054,-482.70781852626766,559.4131868540568,80.94440199800623,-434.7584115876267,-101.97019136116712,-184.4598404728312,-601.6476525676583,187.0928350250282,391.579132515478,-384.90985379413416,-276.06709411289813,-312.10612768318373,-309.195523578454,-360.3673664630701,-400.3038561390007,-437.4106360115708,354.29337887662126,65.46796241874418,-724.4746996770774,-622.9290501611462,-539.1832741242355,-648.205947802522,-396.8866982743001,-359.63165293553834,-180.9888162396542,-385.46407714916535,-622.7088470187872,-260.01389398530705,444.2433943074734,-552.7451580322756,-408.6394241522132,-411.0992682713385,-735.9716445528395,328.74185395815,901.8013028252012,-515.5901430319918,-382.7284872459453,-118.28345105649127,-362.937496272199,-166.31408832247146,28.094203614895463,-615.6462393861598,-30.56769719964312,-394.8382555633213,-454.9641965401612,-617.6960945792505,-323.65402906839824,681.6519891161232,441.4418975355703,577.1768698434119,-114.72810219906732,-600.0332294296368,-340.3783577612158,631.6669925250634,429.72530034491206,554.872935129871,477.9018001095306,-213.57393508326743,341.81450718533466,76.8790556568529,-303.2320164129451,402.33478999448766,-46.53250327283248,-194.09673763780944,-391.5088898451914,212.15965453240264,-202.7976172494704,-248.6648260710648,-355.358114286012,-450.03093477754567
1489.1570352512467,653.9811558431619,619.4094694694094,930.2879463354012,994.7399722820852,373.7948755379731,517.8729233191926,-170.39521447592904,-511.47535205142384,-501.71993918901785,498.248041406583,169.3487997499479,-447.888568629249,-26.56433673554256,-216.34939749244205,-623.778947649428,274.2742349963393,338.7793716463821,-405.9734133464296,-281.80872445252544,-328.57212388988074,-313.77123213063913,-366.34011805791926,-423.1148101186685,-434.68632905177225,305.7249000988497,156.90258310062126,-717.3717890900308,-640.4135622691635,-501.5755829862239,-674.0288890000879,-405.369657577942,-363.57159974835554,-213.72311631700055,-379.7619634018399,-598.8820782276575,-175.36440021729732,396.37941455953217,-577.0063696345843,-429.60768984289234,-422.7854995626381,-703.0414621526464,407.74674667943526,912.5381078889776,-519.7799529212128,-403.8663035032899,-154.74764562308928,-361.3452715298888,-174.58311148010657,-1.903018235483561,-607.1511378184083,-79.64259168305104,-393.6194342977892,-480.6192672913609,-611.7998105232599,-229.206910279817,720.0283516860156,385.247280433038,530.4926036707518,-147.44771528949207,-568.5977240128973,-257.78050790708363,668.0944541165045,377.7914177818369,512.5101176919729,432.0275862028833,-249.51693869842916,291.05748966117443,23.788371276792105,-324.33137764295094,360.3176766954878,8.139028727574722,-104.97906827861948,-327.62134953239007,297.61341172732494,-235.78778367090197,-259.95067776351954,-361.8508237934983,-449.8219141753548
1530.1799807343766,609.5306629713588,578.4515070851726,895.6541924329425,960.9529190015576,325.89998458573723,453.60348228735,-177.63800405174166,-519.0607332438371,-517.20249186194,435.4289643487222,256.50575455146105,-461.9989725319279,51.17775914864795,-245.0619246892348,-646.2274960223727,358.6687237705704,285.5938056037451,-423.95763418004407,-287.25289426426184,-346.583615161283,-318.2973343646072,-370.729049692312,-446.3434968872654,-432.4500527156004,256.9532025986516,247.7683481841668,-702.4496334440894,-652.3796271573684,-455.47771841429017,-699.7743261836868,-412.1105441746889,-365.52205166802514,-243.60750550846188,-372.155077820361,-566.8805619443734,-85.81288726069,347.69409635833017,-602.2300113219561,-451.22653372695765,-436.7350464760655,-661.0113102803847,481.9140309697362,914.9576444336002,-520.6286604583568,-421.9973411913351,-188.87097547497413,-358.6630889268387,-183.541622067704,-29.187566045478093,-592.0529501602672,-126.62465842834727,-393.2798603702952,-506.2020943361414,-598.8971941642949,-128.9898053980815,750.7736806291896,328.9067057294292,483.5444808826277,-177.6497221648896,-528.9049371383602,-170.0249253214718,696.3768230232359,326.0353033743107,470.0429960340487,386.1888284953105,-282.2959631078039,239.69372992827988,-27.791618778618083,-341.8396378924711,319.3182684347188,66.3034917650749,-13.584876484484983,-257.67188344255953,381.2161639844935,-264.86176167586336,-272.3186094085666,-368.0082646365655,-448.0622086843498
1561.1755251721502,562.5646939193505,534.8684872063632,857.2966223203642,921.7986084746096,279.5551314768134,384.6568894378258,-184.52642190050287,-527.2056149402047,-529.596517045642,371.4894999052922,341.0288895537194,-477.3207986983927,130.0333986834804,-270.5652515272126,-668.1769440987546,439.0841140115362,232.4205343377111,-439.0482147162173,-292.9088404146973,-365.9990617366158,-323.0482706200196,-373.8244923027149,-469.5351080785943,-431.11983772132936,208.17338244341784,336.74269481352434,-679.1735417608937,-657.8167062028999,-400.9841500759985,-724.7383145561521,-417.3338783057684,-365.76949294671095,-270.63417300029926,-363.19885005685984,-526.6626226433245,7.416546234852426,298.54641825362785,-627.9626666577648,-473.139365437125,-452.7960132978216,-609.8508995345313,550.2776015798067,909.5711050359804,-518.6220354600812,-437.2601822955783,-220.5485851754188,-355.38415914333314,-193.66079978740677,-53.73536839757068,-569.822979047445,-171.2404645045497,-394.327036235,-531.2812984748774,-578.5135554010449,-24.434720047387685,773.8058137071743,272.8142855036402,436.7151562497304,-205.1678997031088,-480.97606209771874,-78.31600572468126,716.5415016551916,274.7966905452278,427.7531356258862,340.72626925412686,-311.7437831662535,188.0889628988513,-77.51093746168911,-355.86219112279616,279.5918984155513,127.10867441806008,78.74340155101675,-182.61611408273143,461.740907338106,-289.98179805904607,-286.0372635256464,-374.28841899008506,-445.075552664795
1582.0566534610257,513.6725776086373,489.0012247241304,815.780172360941,877.8482124360602,234.94371739214955,310.7119613486085,-190.77926645146047,-536.1819663443885,-539.4115917169229,306.9525666600473,421.6042875045068,-494.0150187501088,208.747739390163,-292.8916557293782,-688.7107960015229,514.4402835620268,179.64221741406905,-451.4750694290361,-299.2895183065615,-386.5963925571616,-328.2831265336022,-375.9391061466209,-492.1469085881329,-431.0924579003293,159.58719470814145,422.5654327199383,-647.1632357906924,-655.7817755645392,-338.3933974528845,-748.1433480983234,-421.28913013834784,-364.6436197670822,-294.8465181246067,-353.4629653461752,-478.38641124386487,103.00966681993631,249.26065250801733,-653.6549575757641,-494.91821381310666,-470.70677630139846,-549.7456526147364,612.0313935548336,896.9812503523026,-514.2899455585491,-449.8417581595264,-249.7051209391641,-352.0074500305948,-205.4032914655133,-75.58507693637904,-540.0914871932773,-213.2340415538948,-397.2167927850805,-555.3693775948605,-550.3306057564785,82.92317678914108,789.1680635152587,217.37147211199016,390.3899049331078,-229.8749374088964,-425.0260225348271,16.024967781954963,728.7638830459517,224.4143473427016,385.9181692887689,295.9735032191349,-337.7418488353688,136.61850439770888,-125.02724539993616,-366.5700033634662,241.36669163535703,189.6263203250025,170.63368264195833,-103.55371118184152,538.045911904307,-311.1975087119635,-301.3197728715936,-381.1457139748062,-441.20118734643887
1592.94860433801,463.3800051045079,441.1698090477888,771.6241685725946,829.6459080559479,192.2358455635972,231.46311481645716,-196.10274227159104,-546.1777512171094,-547.2119541291348,242.3323763219012,497.02611669582353,-512.1619456741149,286.0728588295393,-312.1412039275263,-706.8352639912558,583.796006577112,127.62634652481309,-461.50707844954667,-306.89558108018593,-408.06966517537904,-334.2419744894058,-377.4029376714985,-513.554600010053,-432.7325272327943,111.40627712556082,504.0722160952064,-606.2177872028482,-645.4344892779565,-268.2118637866302,-769.1510996608362,-424.2481378416067,-362.5117670490269,-316.3395568951295,-343.5190539328098,-422.4164563584732,199.59832355966847,200.13449681132528,-678.6683993719961,-516.0658977824687,-490.0939815063229,-481.1023639528586,666.542466532781,877.8576830943801,-508.1939619960417,-459.97397057302345,-276.29647780881857,-349.0243601457104,-219.21190947084403,-94.8374592432164,-502.669816519501,-252.3742870512853,-402.3386406750943,-577.924851764305,-514.2078360566849,191.4906431078593,797.0136273793331,162.9807900414826,344.9519429086698,-251.6909473703632,-361.4668004535701,111.59861146758456,733.3466205381408,175.2205437780383,344.81037810037657,252.2522218533017,-360.22429571442126,85.66450300587697,-170.0140456606497,-374.197096028778,204.840543064532,252.87842996145744,260.72416215327274,-21.69813784013274,609.1049557725798,-328.6479952151633,-318.31884141435035,-389.01734229986585,-436.7900404102426
1594.1658397570625,412.1497159850229,391.6814124072212,725.2992099152726,777.7081070626016,151.58320997819683,146.6405591683623,-200.1989783577526,-557.2827879488202,-553.5998732164536,178.13539860765488,566.2269690427779,-531.7521970318662,360.8059338206121,-328.48273096490243,-721.5067704356971,646.369443085605,76.72494622566235,-469.4464983445803,-316.1983162545003,-430.0282340270575,-341.14203144055915,-378.55720988726046,-533.0625993910254,-436.3612339417256,63.853716481475445,580.2227286561395,-556.3359333837388,-626.0716464262975,-191.1501628082575,-786.879246128395,-426.5016919003629,-359.7723085215378,-335.2590153793071,-333.92854459284325,-359.3229560325263,295.7989607531143,151.4470815137306,-702.2853467699905,-536.0207117236265,-510.4738122418055,-404.5473139611432,713.3569286616175,852.9131060670978,-500.9145360235024,-467.929062822126,-300.31106713328245,-346.90528950878524,-235.49682565437385,-111.65296637393068,-457.5669478694973,-288.4628756375454,-410.0019617400284,-598.3565901834044,-470.1988515029392,299.6633568087622,797.5885440142629,110.03813596896724,300.7763553764152,-270.5910289994244,-290.9044731894804,206.96920395766773,730.6965791525513,127.53458661161382,304.69388896456,209.86637130162555,-379.1806677169258,35.61169881205734,-212.17011517855735,-379.03637672799584,170.1771138138198,315.8655058148568,347.702523986467,61.65827880128559,674.0319540217653,-342.5606270396201,-337.12295012475334,-398.3091923438518,-432.2008079885785
1586.1845072245872,360.3849616178805,340.8382845873254,677.2270936018348,722.5258194193896,113.11393245224376,56.03030999057109,-202.77527357452257,-569.4773460066186,-559.1966844875402,114.85999699486212,628.3017544315119,-552.679451650994,431.8247202883129,-342.1523100205106,-731.6634488525534,701.5516382373968,27.273585763639726,-475.6231055778287,-327.6219553938899,-451.99878505135456,-349.1733960344456,-379.7467985631101,-549.918322199386,-442.2449587528269,17.163970967042694,650.1225638608734,-497.7303771281327,-597.1594608947211,-108.1114902370964,-800.4223277608792,-428.3551616607805,-356.84705026882966,-351.7991921101153,-325.2307618020775,-289.8733852495151,390.2516287192235,103.46626650470968,-723.72214165108,-554.1638925463022,-531.2568731885439,-320.9164202856717,752.1989779995473,822.8814528334874,-493.0379668084004,-474.01391958245,-321.7705766740332,-346.0863923417377,-254.6213051806041,-126.24757414038858,-404.9994437852344,-321.3421974977911,-420.4233936891376,-616.0307896494462,-418.56153655877614,405.8726159434129,791.2142759713768,58.92408874158307,258.2229429270643,-286.6113468558215,-214.12964149462104,300.7073925699877,721.3008132557346,81.65581367146636,265.8207468358388,169.09562441810556,-394.65726519670176,-13.15812455570723,-251.22959539942195,-381.4340099938198,137.501209360595,377.595481744628,430.3426868263549,145.1824865426982,732.0990038279908,-353.24644163215453,-357.7535040467761,-409.38170499074926,-427.7957439733968
1569.6120089271856,308.4351474934327,288.9451635121528,627.7833193088137,664.5693661884253,76.92761780351269,-40.5065856761455,-203.55384261916168,-582.6240963348745,-564.6220137643207,52.99446623757551,682.5243919158252,-574.7353722042425,498.1187391882007,-353.44917827919227,-736.2597672070071,748.9127869058132,-20.41036975075625,-480.388055913452,-341.5258614579358,-473.43051532973465,-358.4941777684503,-381.3114234471541,-563.3303523929363,-450.584069169013,-28.418771398256407,713.0382115033426,-430.8348700425036,-558.3620726669252,-20.1720309773503,-808.8763282228775,-430.1230523454891,-354.17262043822564,-366.1996772333449,-317.93131086105905,-215.01637429743784,481.65764147402655,56.45472015721997,-742.1454802288206,-569.8300317402551,-551.7569362883585,-231.2373865042615,782.9636428908086,788.4985762190292,-485.1433235833557,-478.5635053217681,-340.73021976003787,-346.956764545506,-276.8861777854784,-138.8870488051346,-345.39396451539005,-350.90285214110963,-433.71575846958297,-630.2809706699363,-359.761116398172,508.629577915929,778.2708724727711,9.994728967369204,217.6283455085308,-299.8532520180229,-132.10122112926905,391.4317625321511,705.7028263126557,37.85646004362014,228.42618255324027,130.18861701190693,-406.7571139523352,-60.272731504325726,-286.97211225386013,-381.78252525196285,106.89395901344588,437.1120258425236,507.5374574025796,227.5403605728053,782.7472611919754,-361.092289467822,-380.1627392946987,-422.5359958566587,-423.9359302358462
1545.1552800305678,256.60303438218625,236.3154614617553,577.3016338287047,604.294568506258,43.09085871374356,-143.01627189893583,-202.28178972068704,-596.4639569716783,-570.4717904574414,-6.98666865892579,728.356960654147,-597.6070492349163,558.8148864073116,-362.7291756487127,-734.3031815968457,788.2014151555796,-66.0302870168629,-484.10738423567216,-358.1871782443505,-493.7036380354952,-369.2249180109909,-383.5756643292377,-572.4901653539049,-461.5022192138673,-72.64366496528089,768.4050061529709,-356.30317854554687,-509.564762963673,71.4461259579324,-811.3663861762883,-432.12241957280384,-352.1908530823914,-378.7409948910781,-312.49078224572355,-135.85822877997592,568.8141025768247,10.674363649815218,-756.6919083769548,-582.3204758877465,-571.2036703611716,-136.7042351058371,805.704043848291,750.4859611801963,-477.789442552113,-481.9336615923672,-357.27849033720383,-349.8462911646404,-302.5134220522356,-149.87982972606156,-279.38186887603524,-377.0902510153523,-449.8788806633791,-640.4212042093092,-294.46546814418457,606.5650463352265,759.1814937661969,-36.42751012051323,179.29782938383036,-310.4850811552068,-45.92390204844999,477.8472907831711,684.480216364051,-3.625195274206912,192.7234275689692,93.35641239157228,-415.6386181341914,-105.37674027876837,-319.23228058372536,-380.51284041925766,78.38824055468912,493.5209355874115,578.3256854310289,307.4360482611253,825.5904926402391,-366.5500167429198,-404.2322378508186,-438.0005986544266,-420.97580175055504
1513.589286869529,205.1528793743192,183.27574386993803,526.0800342847491,542.1495169880906,11.633367931592357,-251.43643099983905,-198.74099207514857,-610.616272953188,-577.2957148977384,-64.62808187681595,765.4513904483325,-620.8772913775906,613.196555119896,-370.3958272929679,-724.8915367085385,819.3369929928467,-109.3135315831413,-487.1550459000509,-377.7845877555664,-512.1412739229021,-381.44231453371367,-386.8379932942248,-576.5968533101549,-475.03651200758935,-115.25753396010391,815.8283146613896,-274.9994217770731,-450.8904551947699,165.40861013047476,-807.0767797633233,-434.6651338134261,-351.33817692961554,-389.7392006827048,-309.3138175784265,-53.632883786648165,650.6437072084547,-33.611134376595665,-766.4902217122118,-590.9196266523584,-588.7593360451225,-38.64505785247936,820.6141751331435,709.5377077731615,-471.5021004895169,-484.4934765417774,-371.5364564245029,-355.0143617913622,-331.6294228920977,-159.56875430707518,-207.78579600036375,-399.9099182174005,-468.792639336806,-645.7625861520172,-223.5324045945978,698.4631218115092,734.3988761528967,-80.0624500155043,143.49712925366066,-318.7413953032855,43.18006896262572,558.7789485255674,658.2246109058922,-42.59101882846165,158.8984277985817,58.76663953866255,-421.5130077507463,-148.1392699805046,-347.907981742882,-378.085344320062,51.964797104025614,546.0134558174744,641.9128322669363,383.64918563006825,860.4115769342221,-370.1231195053376,-429.7719494118722,-455.9191961293389,-419.25673716737793
1475.7270957873757,154.31891676100258,130.1681843151693,474.387635698769,478.5810692601692,-17.45514454295265,-365.58341122391903,-192.75753347039236,-624.5836421896239,-585.5748926411211,-119.50063031761616,793.6441569638258,-644.028041977989,660.715756561802,-376.8892599943832,-707.2497764392581,842.3968027077751,-150.01537810625243,-489.9054089901925,-400.3838558619232,-528.0246522063645,-395.17238210694205,-391.3590947189712,-574.884098857193,-491.128900071285,-156.01024535383493,855.0786032197025,-187.9797313579192,-382.7083066047289,260.3075347569317,-795.2820797120502,-438.0490751151664,-352.0340530736256,-399.53943457571137,-308.7386127483131,30.333522131212515,726.2185147326957,-76.13601676118739,-770.686387577282,-594.9139056469267,-603.5392733807126,61.51575449817549,828.0083189024961,666.3108193486192,-466.7614726605947,-486.61741826672846,-383.6566321082998,-362.6396571961605,-364.2486333316013,-168.32187394238494,-131.59855196487888,-419.4311257061677,-490.21259462228704,-645.6327478735786,-147.98908342708603,783.2874387401637,704.3941060678679,-120.67976295932368,110.44473299923172,-324.9195588940438,133.9037821693301,633.1990776702977,627.5245634197147,-78.88820916532715,127.10478726342748,26.53870377850634,-424.6407169888721,-188.26154430513623,-372.9668809779055,-374.9801405259642,27.549482391363107,593.8855376860599,697.6842543461604,455.0682945246785,887.1526362061393,-372.351407190274,-456.5196883461585,-476.339709050007,-419.099595515473
1432.3926498597416,104.3136136659974,77.35084314413943,422.4718286653637,414.0403269996783,-44.22728467150491,-485.14272952424426,-184.2102943528484,-637.7615486016814,-595.7003855158779,-171.20955570342358,812.9447799044714,-666.4471449015181,700.9981218797209,-382.67319503830606,-680.7644285514599,857.59812739549,-187.92341551171103,-492.7251366763692,-425.9258477578823,-540.6113904701083,-410.3832970627303,-397.3498201274162,-566.6484615790632,-509.619207141825,-194.66088671433093,886.0813003642096,-96.46568509539084,-305.6335185439529,354.703652390339,-775.3781616890186,-442.5484400257248,-354.6685599007315,-408.50841544873055,-311.02698231752225,114.6619385169854,794.7767556259205,-116.63433398935116,-768.470424150287,-593.6129885222455,-614.6358409874949,162.29917213093245,828.2982646964034,621.4186416051787,-463.9900067543741,-488.677390426524,-393.8214631350573,-372.81121885962943,-400.2585104634254,-176.52262162292257,-51.95506773519049,-435.7885602351878,-513.768524339484,-639.3979425362176,-69.00415202188047,860.1991748187216,669.6478676988424,-158.10515698305102,80.30498223153914,-329.37369394308104,224.89192989736617,700.2476121578283,592.9518391865821,-112.41320233158191,97.45923649034478,-3.2596012809269617,-425.3268342885611,-225.48408850644293,-394.4507646728037,-371.6865214886649,5.012049144505692,636.5523063310497,745.2109329453168,520.7189152865498,905.8998222659347,-373.79427418518446,-484.14115662492935,-499.20511112428335,-420.79617474669226
1384.3971406236226,55.33518851565895,25.195769481208856,370.5652044256599,348.9864943704788,-68.7794487990988,-609.6634409905184,-173.0382838158212,-649.4527937935104,-607.953454088759,-219.40343413674557,823.5191880539894,-687.4386129000312,733.8410381167565,-388.2203123032628,-645.0142946400952,865.2769828476941,-222.8622518517437,-495.9644395682264,-454.2176599881108,-549.1564621679169,-426.97827237335406,-404.95919119608095,-551.2778959653265,-530.2401584008041,-230.98448047568817,908.9025454633108,-1.810473670123533,-220.5179023093565,447.1699093459538,-746.9116192894879,-448.4034442459735,-359.5892966667706,-417.0258738008893,-316.3551649732794,197.96181252318985,855.7321680107741,-154.84403207390068,-759.1044815981602,-586.372737177904,-621.1452840346743,262.2151769905262,821.9695156280275,575.4271391516879,-463.54087706735737,-491.0348269971928,-402.24144045099126,-385.52103309717535,-439.4066871655958,-184.55959058020736,29.901384187733125,-449.181796057166,-538.9661887886435,-626.48699403108,12.146317177462738,928.5665032315652,630.6441419207102,-192.22484809514012,53.18233578360065,-332.506163591834,314.7789020281038,759.2447030298198,555.0512793845219,-143.11409453621832,70.03787795524453,-30.613842436099013,-423.9157538243801,-259.5932015297192,-412.47741476998505,-368.691725599577,-15.833139075834303,673.5572966476074,784.2478185377063,579.7853666135424,916.8640445361488,-375.0131950660992,-512.2306358172912,-524.3463285179218,-424.5996768683091
1332.519593314494,7.573954152148509,-25.91493932658832,318.8918013868152,283.8886984954616,-91.25244369801482,-738.5567219257574,-159.24629945741614,-658.8865337736212,-622.4882733479659,-263.78331301563367,825.6692014668597,-706.236469569103,759.2054942863766,-393.9963341623045,-599.7958223969812,865.864688754416,-254.69828143486907,-499.9477227151349,-484.9274472641185,-552.9353000914276,-444.78888536511056,-414.2629163157512,-528.2793136850846,-552.6148047134672,-264.7789397487355,923.7319838199276,94.5407714310963,-128.4312093839661,536.3343000044026,-709.6060404964113,-455.80979011152255,-367.08786313156,-425.4749538286312,-324.80560477423217,278.8727533628814,908.6758201226896,-190.51305130628424,-741.9511905057851,-572.6190793238349,-622.1968188242795,359.8063702597675,809.5576208838813,528.8535755365826,-465.6872141730002,-494.032897311928,-409.1528216829258,-400.6583883989441,-481.2913757911694,-192.81616885403,112.6571668434969,-459.8724416329348,-565.1926063307441,-606.4161585468852,94.1176497350354,987.9656220581028,587.8661711473765,-222.98813856266932,29.117102211433792,-334.75683796159507,402.2270328233846,809.6957890479528,514.3342151266233,-170.99146957807338,44.87341534198961,-55.5629252124062,-420.7851372760524,-290.4264447338009,-427.23988406470113,-366.4690377360241,-35.22414521074681,704.5763274346332,814.7253659588046,631.6254215579376,920.359080530459,-376.55403816462047,-540.3125847457395,-551.4775675721361,-430.7143775864624
1277.4920145429949,-38.78285910417149,-75.5948743412191,267.6723175203951,219.225540937878,-111.83122961294178,-871.0988337377252,-142.90852983581357,-665.2415347905927,-639.3178831279383,-304.1114452086336,819.8094812645519,-722.02213673012,777.2024750271698,-400.4432332161892,-545.1417675726432,859.86356779089,-283.3442396516485,-504.9636996280598,-517.5834246209471,-551.2683340690274,-463.56933152190174,-425.2529218981046,-497.30394502240136,-576.2567187320694,-295.87194858448635,930.8637547138436,191.09467180859488,-30.633740671571864,620.9199502155324,-663.3836172710165,-464.9083242747768,-377.386263979102,-434.2316689095754,-336.35999096799134,356.10459455142006,953.3708267680648,-223.4071195415985,-716.5011933464159,-551.8719203018636,-616.9830368874881,453.6895126088364,791.625683697551,482.1670862654322,-470.61232893875473,-497.98884875228526,-414.8149009122352,-418.0062903003793,-525.3559724050072,-201.6602509419742,194.96864109003235,-468.1789391915977,-591.7250638495918,-578.8137488142914,175.53838282471455,1038.1739121856426,541.7943700858085,-250.40805396779265,8.082890419499522,-336.5904722459844,485.9632944403515,851.2895879963402,471.2752151312497,-196.09761824063185,21.953525508353216,-78.19728723996496,-416.3392705357499,-317.87695405413814,-439.0031758531255,-365.465327694067,-53.44599493160421,729.416190856756,836.7351843919814,675.7776137949612,916.7785484039954,-378.929742337331,-567.8444624724183,-580.1943938157759,-439.2848075597781
1219.9891961250746,-83.54803614239987,-123.46051212055482,217.1280250285685,155.48233197884852,-130.743740082131,-1006.4384332963868,-124.16977547093008,-667.6730701706014,-658.3040788710515,-340.2190604856169,806.4433105008036,-733.9452174447547,788.0749338794328,-407.9620219400985,-481.33196767876535,847.8229869055587,-308.7632424335516,-511.25510081316935,-551.5774046621269,-543.546128486101,-482.9921074661245,-437.8284204661274,-458.16924761340897,-600.5733215386103,-324.12743675379875,930.6767392489884,286.3552301857528,71.45874508758651,699.7805182170036,-608.3806641756964,-475.7753320724897,-390.6236765026332,-443.653556807944,-350.8938743266387,428.4741118194296,989.7407727202768,-253.31879739676708,-682.3986720624432,-523.768046126498,-604.7905662213614,542.5931227605456,768.7439595860686,435.7906054378634,-478.40116562505295,-503.1864806114561,-419.50673481079474,-437.2402334041463,-570.8887395359961,-211.43422182054303,275.50297400393674,-474.46911791594914,-617.7440040730137,-543.443228234425,255.05309099263076,1079.1561253199184,492.9057617628032,-274.5601235099562,-10.014043146588932,-338.48258410773263,564.8128211082648,883.8898325225608,426.31179531356895,-218.53423867240443,1.2204791824641212,-98.65540732874167,-411.0018767686087,-341.8964483101342,-448.0984514603323,-366.0881776048919,-70.82256565800303,748.0086143712197,850.5109895082084,711.9613090382559,906.5731476837632,-382.6038330126661,-594.2211556213911,-609.9748584841466,-450.3848512429272
1160.623038896719,-126.53318366443835,-169.1394722258624,167.48320991132243,93.14612538367336,-148.25869842770658,-1143.607991007172,-103.24405826957113,-665.3426942159082,-679.1518542508084,-372.0126947594241,786.1385009330572,-741.1473775831734,792.1765061400495,-416.8956308325379,-408.89534293707976,830.3168286029531,-330.97199468000497,-519.008173854191,-586.173092894117,-529.2541744922078,-502.6456369117544,-451.7890465165728,-410.87616204175407,-624.8726607045777,-349.4513221520372,923.61501223117,378.8691787038261,176.31633782491508,771.9292858483526,-544.9558378400121,-488.4139038909981,-406.844102349592,-454.0677456366851,-368.1731950275778,494.9368607644965,1017.8529841109236,-280.07722788491225,-639.4636402911583,-488.0819075329929,-585.0297956737222,625.389525414867,741.4722892130403,390.1036240166555,-489.033229645194,-509.86872651425927,-423.5232194562682,-457.9296276224396,-617.0282939624119,-222.4453869961141,352.9774688095908,-479.1507238537526,-642.3498290556787,-500.22341338841255,331.3641653173444,1111.0447795152218,441.6744570844679,-295.57950121156534,-25.333453608029743,-340.9042586452153,637.7278371891763,907.521818864572,379.8465983512049,-238.44879857165756,-17.427944932083705,-117.11883287721612,-405.20842854841794,-362.4968673963608,-454.914982179567,-368.6928224546628,-87.70581264955982,760.4001864761053,856.4062100879777,740.0700624105755,890.2294045935091,-387.9751749875412,-618.7814124110387,-640.1839327884966,-464.007253010384
1099.94106041459,-167.5494115673269,-212.2793979022884,118.96603902421572,32.69881092754856,-164.68231539987923,-1281.5388908079162,-80.41051198158995,-657.4499535221198,-701.4088791431101,-399.4787106315133,759.5045821229087,-742.7888579939672,789.9481851546203,-427.5124205811394,-328.6026056441199,807.9233126768121,-350.04286387403124,-528.3422594964363,-620.5192193446817,-507.99630681700296,-522.0343451765409,-466.8305886468768,-355.6206317541216,-648.3738955911701,-371.79621833513625,910.1692937376984,467.2688637047582,282.3406287164259,836.5607091089687,-473.6901753640052,-502.7467745122611,-425.9854923469551,-465.7587054126572,-387.8530530829614,554.6128799348446,1037.898018422073,-303.557972747312,-587.7097889091365,-444.7431711539066,-557.2623822554441,701.1200903044728,710.3459135301325,345.44531353335884,-502.3772442818342,-518.2303291536278,-427.17042103551546,-479.5421501104369,-662.7754177993145,-234.9570074259229,426.1956442136516,-482.6602570284116,-664.5835390135034,-449.24444251727294,403.2705509378606,1134.1161390677023,388.5726778228069,-313.6567063247454,-38.09776492822255,-344.30633802776947,703.8108321247907,922.3549749620954,332.2514691327961,-256.0298091818052,-34.13627820503463,-133.80600612149345,-399.3979904773204,-379.750624436472,-459.89012673209794,-373.5692091140311,-104.46246805241265,766.7391109177588,854.869666050913,760.1591077052998,868.2509162636754,-395.3642799593631,-640.8166641286298,-670.0814610776483,-480.0540839207667
1038.4285792525716,-206.4097817413857,-252.55701375459455,71.80783482218823,-25.39137233273844,-180.3537257197769,-1419.079634259056,-56.00658956483519,-643.2649346833991,-724.470343093515,-422.6857655758204,727.172237209864,-738.076961735399,781.894188229789,-439.9908999433752,-241.449588703634,781.2078891032161,-366.1045571747105,-539.2998280602885,-653.6674376543011,-479.5156632822906,-540.5816573742804,-482.5438280062096,-292.7984967076425,-670.221645888293,-391.16485371345465,890.8600338136317,550.3106646111896,387.91257822224304,893.0636777212582,-395.3784918577544,-518.6109896912062,-447.8709785242224,-478.95602108282856,-409.4790273056021,606.8053472635088,1050.1668615021545,-323.6922915413903,-527.3567615343911,-393.8499854231878,-521.2252314114776,769.012810628914,675.8650064792605,302.1176289130156,-518.1877989085349,-528.4106202500121,-430.7600919690764,-501.4512424056738,-707.0114516131483,-249.1800889667535,494.0785562401738,-485.4505240364612,-683.4509880565066,-390.7782845389322,469.7016529903495,1148.7632776123542,334.0718460638474,-329.0323010736108,-48.586809009357566,-349.1034711443797,762.3311571517875,928.6826983036192,283.8728090395649,-271.50129906897183,-49.08801147861519,-148.96521649655807,-394.0046208681604,-393.7894914893143,-463.49765386914095,-380.9295597995445,-121.45851235879996,767.2597576560973,846.4207061850665,772.4280698747045,841.1428019466045,-405.0014146529722,-659.58254327237,-698.8337772140902,-498.3287601371059
976.5139234531256,-242.93332387415975,-289.68693039235603,26.240817564766637,-80.67947036989597,-195.63901298066884,-1555.0164652031162,-30.41877506974433,-622.1604081345407,-747.5893252015712,-441.7850960466792,689.7757211588215,-726.2956667864008,768.5581820424501,-454.40623157431054,-148.63158203509417,750.7096990285075,-379.341211151955,-551.8374588121126,-684.5947744577843,-443.71209846088345,-557.6363370600518,-498.4169503105173,-223.00313854629144,-689.5042222727716,-407.6120226626404,866.2225964459202,626.9072560600557,491.4403540410455,941.0262568865844,-311.0121643552606,-535.7547038318128,-472.20285899590186,-493.8225782282242,-432.49130581119664,651.0116606985588,1055.027324320857,-340.475238971756,-458.8358938661637,-335.6770311730299,-476.8496782595341,828.491806326807,638.4880434363772,260.38809113445365,-536.1042591106275,-540.4864672639801,-434.6033456066597,-522.9468935320069,-748.5232236653143,-265.26606855982874,555.6901998591185,-487.977355004746,-697.9503810932869,-325.2827817589381,529.7449461213448,1155.467765471161,278.6433216851774,-341.99082046192336,-57.13081687672072,-355.6585063495797,812.7345963262663,926.9006827194208,235.03758584018416,-285.1167789668928,-62.501242150328494,-162.86701955903808,-389.44836578698414,-404.8021600396468,-466.2347460544146,-390.8968951161784,-139.0418809697871,762.266010847384,831.6250840877416,777.2001477997671,809.3997688837205,-417.01669725804834,-674.3132860967397,-725.5290405132471,-518.530209597562
914.5758930572996,-276.9503417470755,-323.42980091363614,-17.505542278487678,-132.75412967507177,-210.9236901424081,-1688.0956757980712,-4.071134025522229,-593.6422235255051,-769.8926732698112,-457.0085732181531,647.9387489575747,-706.8353280821228,750.5009280297269,-470.7190998625448,-51.509564500227405,716.9318635847482,-389.9897932913988,-565.8183237044608,-712.2302581415629,-400.6550148771271,-572.4824894271242,-513.8419216791032,-147.01559355418237,-705.2755874573527,-421.24498189449,836.7948430866028,696.1524303548244,591.4049335909932,980.232202833625,-221.7538386555836,-553.8363641155102,-498.5599507892088,-510.4435980153485,-456.23183515295705,686.926811266021,1052.901033782781,-353.9720153627905,-382.788678368476,-270.67760678121056,-424.27471286489873,879.1787818037243,598.6289123674243,220.49203114601576,-555.652214436789,-554.4655120529114,-439.00351217709743,-543.249748137442,-786.0341260597698,-283.30052802432886,610.2562169800469,-490.6859390249905,-707.1024591989428,-253.39853243444,582.6662335091114,1154.771482590912,222.7584533948481,-352.8542245965048,-64.1019056479086,-364.26770669576433,854.6458673558623,917.484866993321,186.0594013543509,-297.15295864888657,-74.6235361484984,-175.7964430176195,-386.1258896854527,-413.0305313640541,-468.6080186338493,-403.4950187576801,-157.5240185286852,752.1143784877662,811.0726740591313,774.8990793835367,773.4979126768453,-431.4323303112644,-684.2390411021865,-749.1962379444263,-540.2497535384387
852.9526251345363,-308.30867307475114,-353.5994826605068,-59.20933517400525,-181.24811886329468,-226.60355065492652,-1817.0468464423104,22.587834946465865,-557.376558676485,-790.4021925899343,-468.66454502131785,602.2640894149811,-679.221271141083,728.2802543299181,-488.767485984653,48.43029930847268,680.3356224230624,-398.3358087324023,-581.0067794106881,-735.4851912193815,-350.5906958221269,-584.3534206083881,-528.125099685299,-65.78724112931131,-716.5806998071442,-432.2223055016671,803.1072565109024,757.3376616895097,686.4014529905677,1010.6500115994738,-128.9050805516398,-572.4264917309665,-526.398849334466,-528.8169887577965,-479.9546316222009,714.4393014477603,1044.2422311036742,-364.32209626214905,-300.0575138362298,-199.4792331194471,-363.8532889411928,920.8868935438971,556.6574791545231,182.63414480047632,-576.2477373744952,-570.2799002958125,-444.24825203869136,-561.528461171386,-818.2405764713203,-303.2980463452734,657.175540791429,-493.9972107248457,-709.9826282986857,-175.93830734883207,627.9219585466369,1147.249938211867,166.88770603575395,-361.9750658498024,-69.90436051620112,-375.14725063674814,887.8644074174174,900.9700124303904,137.24406997947003,-307.90341855544364,-85.72624997029907,-188.04524998465885,-384.4008040780226,-418.7648057277904,-471.1188745522073,-418.6404820290144,-177.16101959822905,737.1977352844441,785.3579010452828,766.0251814958987,733.8901165441971,-448.1570991680916,-688.6059051036794,-768.8276707372167,-562.9712051854615
791.9509775468488,-336.8805201953696,-380.0689182954305,-98.66188394797967,-225.84858995086603,-243.0738826890489,-1940.6063043919485,49.09948155672342,-513.2126386747077,-808.0607612854599,-477.13151532843455,553.3268603475017,-643.1399622157619,702.4340724365286,-508.2618465321435,149.62210772516548,641.3381190366578,-404.7073908822228,-597.0656656686065,-753.2863498935177,-293.94341793945864,-592.4493698034446,-540.5021880738386,19.584407450113567,-722.4836801241458,-440.7513024872536,765.6755970369825,809.960076632409,775.1745984305294,1032.4156423517493,-33.86841133408868,-591.0122279341073,-555.0595133259518,-548.8454929573221,-502.8393298173976,733.6202112996388,1029.5193519922248,-371.7407822679896,-211.6686627572576,-122.8725512971996,-296.1510302242938,953.6078650185458,512.9031475188099,146.98926539049396,-597.2047102559546,-587.7807769434547,-450.60105566367577,-576.9200941901832,-843.8527260130978,-325.1982722732702,696.0249964982129,-498.2946822508165,-705.7540864715321,-93.86913007130198,665.1634385587206,1133.4882855755768,111.49872497655122,-369.729463885641,-74.96404722406079,-388.42145137938616,912.3541622467652,877.9297619314576,88.89423255221523,-317.67236396404326,-96.09855962886962,-199.90445520466128,-384.59378115006814,-422.3374590046291,-474.2484937738314,-436.1370279465594,-198.135188496167,717.9304349583587,755.0634991117854,751.1316652309278,691.0047009654821,-466.983265455677,-686.6982905243614,-783.4046012167079,-586.0745952059818
731.8555753646207,-362.569440141558,-402.7745222293697,-135.67391176764602,-266.30663261931005,-260.71714155483147,-2057.540148633559,75.00977980190375,-461.19963879316816,-821.7628075881664,-482.8497368745088,501.6713062992864,-598.4613861322485,673.4669438303054,-528.7841256660568,250.46851083641332,600.3134319629066,-409.46792263271726,-613.5568482293356,-764.6111969570728,-231.30988772224143,-595.9589171665112,-550.1574414144177,107.8858877827,-722.098027194821,-447.0841670477516,724.9959500853977,853.7219660732268,856.6467458621959,1045.8103311019927,61.89451134599635,-609.004766373268,-583.7754364943243,-570.331096582296,-524.0079684358794,744.7063127391148,1009.2000878806766,-376.5179413811672,-118.8077535806613,-41.79361975583883,-221.9369927070786,977.4935013451324,467.6608151078424,113.70231037379432,-617.7454373767642,-606.7338928759497,-458.29230899795056,-588.5532178327305,-861.6379307697345,-348.8632659067411,726.557233313951,-503.9120663603704,-693.7008103000092,-8.287603015447996,694.233332421569,1114.06096986258,57.05328803092059,-376.50987951652735,-79.717307895494,-404.1130859125794,928.2283927704916,848.9588568893183,41.31261771746786,-326.76851295196343,-106.041418074796,-211.65720497084692,-386.9725755825754,-424.11622179232455,-478.442736442698,-455.67296303329294,-220.53790867208443,694.7353674728356,720.7479419862033,730.8022785758861,645.2468085084088,-487.5859999756135,-677.8630089492981,-791.9255853670055,-608.8438199611429
672.9367530395323,-385.3170760996152,-421.7189385329603,-170.0818094160783,-302.4457033745949,-279.88929553807577,-2166.66626853945,99.8839212135955,-401.59667422926543,-830.388406639904,-486.3108228382575,447.8106598474158,-545.2562909298257,641.8404746226744,-549.7909485079017,349.3895579342204,557.5962931020031,-413.0073837911712,-629.9454339460874,-768.5239888125762,-163.4468757331641,-594.0836283271359,-556.2467954677622,197.8226365892528,-714.6179038375122,-451.51306786055534,681.5419126283266,888.5224075689132,929.9380230976792,1051.2350705920892,156.90660071270858,-625.7497374653891,-611.6884820894404,-592.9721295464627,-542.5449246019341,748.0783666895123,983.7403356180276,-379.0138530149627,-22.78860480449588,42.699915596684505,-142.16653790894375,992.8329856450532,421.19852718601663,82.88740856006183,-637.0146907976036,-626.8167220471914,-467.5101440294024,-595.5732522010544,-870.465243616567,-374.0761289861864,748.6926674852818,-511.1219808120816,-673.2590858933456,79.61050198132828,715.1550455552565,1089.5156610692736,4.003171989562687,-382.71759440119325,-84.59969299125942,-422.1361736435353,935.7307205991546,814.6579970377642,-5.196336473285302,-335.4991057921814,-115.8616124739907,-223.572053840287,-391.7421268454051,-424.4962047389306,-484.0972270264001,-476.8218246954784,-244.35472998241087,668.0333649984888,682.9366265640687,705.6311419582996,597.0018896400194,-509.5255234617613,-661.534252969468,-793.4368619870557,-630.4783802570307
615.4567681090725,-405.1092325905154,-436.9721183394479,-201.7536046583951,-334.16854897135585,-300.905188646791,-2266.874867225207,123.32004769621508,-334.8750619722261,-832.8400817644218,-488.0455211404057,392.229545940228,-483.8070815064102,607.9675864009894,-570.6212456318634,444.8698043604587,513.4878268658932,-415.7326514705626,-645.6079344071728,-764.2114677174943,-91.25230034537876,-586.0652432669318,-557.9243555897616,288.0569522385522,-699.3493379377593,-454.3643891733787,635.7635814467689,914.4419425549636,994.3779530331756,1049.1833810409332,249.71889031455797,-640.5405406872627,-637.8682514864005,-616.3634245735399,-557.5197968010789,744.2358999684674,953.5771503011032,-379.65219329638654,74.98342148249232,129.4579250002815,-57.9567988263972,1000.027471506212,373.7660733254825,54.62626992194272,-654.0972353838821,-647.6175192304759,-478.39132632487895,-597.169441216805,-869.3490330575803,-400.5409274779928,762.5063616334029,-520.1259645048407,-644.0461352006423,168.56498533901706,728.1160953825566,1060.3618228437497,-47.21497547471586,-388.7547552089613,-90.03486628159668,-442.29148928669366,935.2137409553944,775.621629923343,-50.3266775836515,-344.1639816775468,-125.86602331727843,-235.8966174429944,-399.0349739480798,-423.89133633479975,-491.5428900202161,-499.0466096067307,-269.45356037727925,638.2351873992332,642.1166528379359,676.2054337545163,546.6405859508491,-532.2521486538961,-637.2584844981733,-787.0640101859027,-650.1092379418642
559.6738442595201,-421.9809434823742,-448.67074089226014,-230.5942712656651,-361.46229029001074,-324.023389485296,-2357.147078795304,144.9614866245365,-261.7124043873383,-828.0812304491116,-488.6098472913296,335.38828470142704,-414.6113670413948,572.2104932164114,-590.5084450946526,535.5015217635599,468.262590971391,-418.0569962595167,-659.8444786743371,-751.0166895770285,-15.740415859737151,-571.2144742220285,-554.3714369008824,377.2473233538887,-675.7400463220916,-455.9923187356162,588.0879509166618,931.7215515128012,1049.508798347543,1040.2139441682768,338.95193116173004,-652.6345332392011,-661.3356468200691,-639.9998202950186,-568.0128959067132,733.769845237531,919.1255383284908,-378.9103167190094,173.05194935624803,217.27095870474972,29.44435561878744,999.5635186711402,325.60376426607905,28.96592573780213,-668.0387408459226,-668.636751313735,-491.0124564231502,-592.6027175221019,-857.489797980902,-427.883913271931,768.2109434754698,-531.0459772222872,-605.8843162974663,257.2885959048988,733.4466943294394,1027.063973228883,-96.1856149242448,-395.015837640864,-96.42398963709404,-464.2650393190351,927.1165387128362,732.4287597823018,-93.77300982939424,-353.04964998701803,-136.356109009538,-248.8515585519581,-408.9022790194083,-422.7252888779661,-501.0322310718266,-521.7077105940054,-295.5767887778585,605.7361495853644,598.734845501521,643.0913659043104,494.5242892615422,-555.1144315059084,-604.7181043478743,-772.0439221988628,-666.8186649867362
505.8438066557257,-436.02024831745086,-457.0160661658685,-256.5500811762329,-384.4013895405184,-349.43110637753296,-2436.571341038628,164.5069310432022,-182.97846730684336,-815.1749442607087,-488.56983303869526,277.72837938258374,-338.3774833260384,534.8820232928999,-608.5972392798192,620.0221462023089,422.17620027871567,-420.3890207396592,-671.8949908508594,-728.4694729251858,61.98784431339197,-548.9402664548608,-544.8271338326716,464.0873361203536,-643.4065059703684,-456.7719419733724,538.9203024034961,940.7373780111874,1095.0811356564786,1024.9245319196275,423.3332200856571,-661.2718776092375,-681.0900807366867,-663.2831980743942,-573.142833316053,717.3344386898062,880.7786828754719,-377.3070869530205,269.9521304696036,304.90595472594373,118.69456782298712,991.9868567754692,276.95066649018503,5.9160393791352375,-677.8698204732923,-689.2913078470298,-505.381784341966,-581.233573664862,-834.3103079336466,-455.65607723720433,766.1367698789181,-543.9175055516034,-558.8193914717217,344.5051707755092,731.5949502751873,990.0394204523906,-142.52095706663965,-401.8784276279102,-104.13585119745956,-487.6296780740147,911.9423592380306,685.6366802791623,-135.2343799359488,-362.4232826324054,-147.62256610568463,-262.62487066131246,-421.3058159415253,-421.42206274951417,-512.7267012393804,-544.0745822153165,-322.33806940990394,570.9132939555551,553.1985138804744,606.8236746377744,441.0106887977092,-577.3706273100099,-563.7526952613855,-747.7559734811981,-679.663792597109
454.2192836657261,-447.37046729780513,-462.2703535541168,-279.61179308103027,-403.1482910205833,-377.2298314276075,-2504.3572546904247,181.71812318509464,-99.71327562788262,-793.3218635894101,-488.4852134384984,219.67844271879983,-256.0117076634341,496.24977213755886,-623.964787502236,697.3445059485013,375.4728644884006,-423.1212810015222,-680.9590656201166,-696.3119775580728,140.7779708678631,-518.7782168920415,-528.6192179906056,547.3424312830581,-602.1568800593207,-457.091954825545,488.6461697624701,941.972763689106,1131.0425216515712,1003.9284454521766,501.7291320010848,-665.6967277086916,-696.1395935799934,-685.5331337145157,-572.0955015882745,695.6197112337545,838.9109980858977,-375.388591397265,364.2531728380011,391.1427650678347,208.3968541035784,977.8778141992706,228.0516571549013,-14.553940384107635,-682.6327475977921,-708.9218386197311,-521.4319579339054,-562.5489220957517,-799.485345537912,-483.3371110164233,756.7105675604203,-558.6843652938247,-503.1314802699853,428.986632342773,723.1001371900765,949.6600202267684,-185.86804013705756,-409.6932952799978,-113.49794502675104,-511.8499883619863,890.2375277441653,635.7773725251618,-174.41979922600223,-372.5265636747689,-159.94005953585716,-277.36644953604923,-436.1113261123212,-420.3963816741905,-526.6855400913831,-565.3410237580479,-349.2243624065695,534.1248666960082,505.87835309556016,567.8986468718429,386.4587005175141,-598.2035947854642,-514.3766090099733,-713.751124270606,-687.7033849602587
405.0466492237352,-456.2308373728149,-464.752007315766,-299.816572865351,-417.95160409879537,-407.4224183274039,-2559.846729350844,196.424742591854,-13.098290310993509,-761.8956147321469,-488.8924374410259,161.65982050621344,-168.59733937845914,456.5424678650442,-635.6460489679127,766.5788508804994,328.39225978998763,-426.6188194336961,-686.219099463602,-654.5180307385548,219.4567736240252,-480.4167536284976,-505.1940334738157,625.8829391965306,-552.0084687849566,-457.3470561234748,437.6334930818574,935.9891732882804,1157.5203672290895,977.834405549884,573.1702026546366,-665.1802975395209,-705.5329652245023,-706.0011263446598,-564.1535395500355,669.3257884877845,793.8832723125374,-373.7121422574532,454.5988313415889,474.8096861164013,297.1412847135073,957.8295296354854,179.16278277337034,-32.51745144725527,-681.4102048175007,-726.8034766530501,-539.0140443411116,-536.1868159872558,-752.9635523365854,-510.3409116427602,740.4337335486484,-575.1952793856063,-439.33756071881874,509.5870353015053,708.5654573305038,906.2573110805127,-225.915979750664,-418.7738373183651,-124.78864454275832,-536.2905000392471,862.5725015403956,583.3561795315951,-211.055117904862,-383.5693465381359,-173.5618860188341,-293.18297546454966,-453.0836679177914,-420.0440277661826,-542.8565514821489,-584.6438378391255,-375.6036465949094,495.7117330900942,457.1128506686125,526.7705171830016,331.2322933178417,-616.7391908841688,-456.7917170328994,-669.7775831668021,-690.0271652261301
358.561052306378,-462.8554332751493,-464.8296140482661,-317.24864067522986,-429.1417850124506,-439.90229284637576,-2602.52228605565,208.52636018273512,75.57807497580099,-720.4743338908379,-490.2874394677961,104.09122131290424,-77.36630209645692,415.9578707035521,-642.6627517786347,827.0462079648967,281.1752691466529,-431.20782238177554,-686.8660673271444,-603.3050098445229,296.86728610611704,-433.71966372225273,-474.1439870977856,698.7120604205921,-493.1985070177709,-457.9300323909281,386.23462163885705,923.3975200258922,1174.800306134553,947.2305230890915,636.8690334331895,-659.045214048104,-708.3927587253008,-723.8882379434333,-548.7251792551273,639.1400439591716,746.0490886952134,-372.8290227092055,539.7439830537838,554.8162233504039,383.5465979587484,932.4297919850884,130.55454958357834,-48.092944974402414,-673.3552327732808,-742.1600828367035,-557.8931752050086,-501.9578338415523,-694.9801723044143,-536.0228186556199,717.8613666741301,-593.202319139499,-368.18475379657,585.2720746340124,688.6316108424764,860.130246882565,-262.4030958380616,-429.3850711201152,-138.23053973443962,-560.2272633269826,829.5257033490069,528.8522796988008,-244.8908827007953,-395.7230879030069,-188.71442748931983,-310.133155581984,-471.88418533250217,-420.7322202736876,-561.0693063725279,-601.0844982364379,-400.7384949386575,456.0002701139125,407.2135760073081,483.8509104835238,275.7028710085896,-632.0680538177412,-391.3942704214359,-615.8016312155045,-685.7868179777189
314.9800106187691,-467.5503446108908,-462.9150225833154,-332.03872125529625,-437.124366713209,-474.4454391600472,-2632.012459937649,217.99148307939325,164.95902610812416,-668.8668067503688,-493.10864543587314,47.39175970792618,16.335605905555223,374.6715150678168,-644.0552933683211,878.2830688112127,234.0682488218452,-437.1646038884184,-682.1271741209896,-543.1373567874529,371.9019162570789,-378.74362263970016,-435.2312266619695,764.9877650903347,-426.1873762846808,-459.2235129994641,334.7878920377472,904.8312580037737,1183.301432044134,912.6726513958826,692.2305293190175,-646.690415079886,-703.9481096492995,-738.3658389965516,-525.371209293672,605.7179389715861,695.7617010689617,-373.2664801627955,618.5856901187401,630.1814979491194,466.29989322109776,902.2470529309312,82.51293142469959,-61.445088032849085,-657.7213799395734,-754.1819936059712,-577.7461675414311,-459.8619231073564,-626.0598385994049,-559.6888134900946,689.5829395445395,-612.3613203651415,-290.6341104553437,655.1427834438025,663.9523228255341,811.554661917584,-295.1235955106287,-441.73246714379263,-153.9849354977222,-582.8627255879655,791.6705424170011,472.72044057889696,-275.7107502379407,-409.1140577537648,-205.59126599037344,-328.2233903036701,-492.07069249538455,-422.7901214252425,-581.03127505264,-613.7533458479783,-423.8054338850867,415.3062088927149,356.47078917540586,439.5108773100745,220.2500187786981,-643.2704918778888,-318.7750222625871,-552.0222653217983,-674.2275973506016
274.49612691498794,-470.669113184636,-459.4555889510365,-344.3624289498841,-442.3708760123572,-510.7057020725193,-2648.0943258893863,224.85386788690727,253.66027175510376,-607.1318559357871,-497.72070305809353,-8.018034617841028,111.08827472171195,332.84563055583106,-638.9166448352142,920.03784620228,187.3255971683634,-444.7051110678304,-671.2944612058717,-474.72113444906967,443.5322393012562,-315.749527774794,-388.4061736726852,824.0379376274891,-351.6536318529469,-461.5913608444132,283.6185824428388,880.922402932425,1183.549784562077,874.6771058022306,738.854601427155,-627.6157235155932,-691.565983709627,-748.5990116942679,-493.8286848392699,569.6681418476917,643.3805873767424,-375.5094996767866,690.1875312454958,700.0569992324117,544.1926806442395,867.8208481843282,35.3380450231284,-72.7846942472676,-633.8919255616789,-762.0470695156365,-598.1614621006235,-410.0995695490835,-547.0089512404489,-580.6069220149086,656.2053236823153,-632.2344158734091,-207.83518491960504,718.4525467126888,635.1727674460425,760.7935725607999,-323.9334782048304,-455.95099912316607,-172.14744257122842,-603.3437756369075,749.5657987782765,415.39353956892376,-303.3399967791197,-423.81637657138094,-224.3468636670263,-347.403932383018,-513.1004155817915,-426.4995431258068,-602.3273592977575,-621.7557282443173,-443.9197063603106,373.9388679433068,305.1588988108663,394.0849765810445,165.2605614551243,-649.4439952230794,-239.71205284604895,-478.87848406848826,-654.7193020362088
237.26951781585245,-472.606455763646,-454.92567784388575,-354.43774265122977,-445.4076568748686,-548.2138020366666,-2650.6932554707146,229.2064114510289,340.3113499519258,-535.5897963610587,-504.3994244546748,-61.71750862708277,205.4398060749984,290.63764032568696,-626.4271136354072,952.2599014415548,141.21051070900668,-453.9751523521652,-653.7533181654608,-398.98942987494985,510.83410313629633,-245.20666989451755,-333.8197369092124,875.3684696668612,-270.4806506230206,-465.3696785861929,233.03912161751757,852.2813898012672,1176.1513986645143,833.7174514017901,776.5318406364489,-601.4451198491955,-670.7795731538397,-753.7720179278579,-454.02999919784565,531.5422579294647,589.2769900675562,-379.98290897362,753.796420391389,763.7427741087106,616.1517946273993,829.6565648781722,-10.659393668487972,-82.36710493971182,-601.406964008879,-764.9446387216484,-618.6416980736445,-353.07632211291326,-458.8976395577541,-598.0210309471005,618.3386629675782,-652.2948512854982,-121.09227442103835,774.6170076299633,602.9115889737417,708.1074405555889,-348.75533754846214,-472.0948671975808,-192.7445416157121,-620.7827174501487,703.7493335288794,357.2853829442552,-327.6536579134469,-439.8450081992783,-245.08976028944247,-367.5656106798908,-534.336153421197,-432.0859359917631,-624.4232245361173,-624.239405770187,-460.1647437774053,332.2052226323251,253.541409898214,347.8768084724626,111.1259945258364,-649.7326816224687,-155.15610041852457,-397.04830911921664,-626.7852568923462
203.4205311940346,-473.7903115409972,-449.8174860656045,-362.5217194051326,-446.80288248197184,-586.3802935320336,-2639.880101522374,231.193031197532,423.59555170168665,-454.825048200322,-513.318414128034,-113.28954794829068,297.9499527173704,248.20772032721865,-605.8886287376915,975.08223685298,95.99391321516326,-465.04157144507246,-629.0097510770566,-317.078850444383,573.0070712215481,-167.78908681623486,-271.8282839046614,918.6643763973254,-183.7351550642412,-470.8574519220172,183.3485059570768,819.4813920097941,1161.7661082711898,790.2248263614746,805.2329808960701,-567.9476591334154,-641.3124981460941,-753.1151034499657,-406.11602843267065,491.8292335821204,533.8378706762768,-387.0343714832277,808.8515861247828,820.6965847715995,681.2639942254378,788.2242172581732,-55.16356527197621,-90.48884816614492,-559.9871068601506,-762.1017165802572,-638.6092035238574,-289.39995983157166,-363.0317818902868,-611.1672469683581,576.585365409304,-671.9342629984545,-31.82377660267203,823.2169097430691,567.7469658219221,653.7635955595956,-369.5817672896608,-490.1284023478349,-215.73097360313963,-634.2808194473836,654.7348996304415,298.7934261213681,-348.58384545917824,-457.148936224398,-267.87530709354417,-388.53720477759305,-555.0558186168307,-439.7097708635371,-646.6727292250292,-620.4224646133798,-471.62534816512186,290.4132980764836,201.8751107637223,301.16538896831685,58.23842973530667,-643.3577889932428,-66.20862347154336,-307.4390034270276,-590.1278830951098
173.02327572787237,-474.6722698625279,-444.6312386090053,-368.9065616701325,-447.1520852528987,-624.5025375584038,-2615.866092823621,230.9990190442461,502.2867157927762,-365.6793440737098,-524.5378330971708,-162.32648694882516,387.23237328328577,205.7249995517996,-576.7570721063581,988.7991650380752,51.95163809404557,-477.88462899910655,-596.7152021481646,-230.297828278214,629.38762743947,-84.36382443230482,-202.99078345747452,953.7843559980364,-92.6383270257302,-478.3069111447759,134.83094537792277,783.0474277857718,1141.0831296768315,744.5910997796087,825.0932086124515,-527.0549477208216,-603.097534840466,-745.93179046659,-350.44227692026294,450.95423456529824,477.4678437807732,-396.91881389538446,854.9858203191444,870.5360186163281,738.7934589739671,743.9606545100263,-97.86059998263045,-97.48253023300008,-509.5525851700911,-752.8106735920048,-657.4146198691114,-219.8699279855517,-260.9160450904481,-619.2927885087679,531.532263172958,-690.4725906018194,58.48339621985289,863.9943548298673,530.2069112231189,598.0441339950195,-386.4771354685603,-509.9186857027115,-240.98781281145665,-642.9539639144082,603.0116684823273,240.30108224020657,-366.12582001582814,-475.6048597079527,-292.6980404012184,-410.08358701970354,-574.4654072757279,-449.4584709517453,-668.3296198330111,-609.6209046376554,-477.4233135132768,248.87445021587044,150.41333923742303,254.2117838721894,6.985245326568276,-629.6481506309001,25.906721048957557,-211.1683948885357,-544.6494591260869
146.1004015240249,-475.7164632167557,-439.8648075340071,-373.9150995854976,-447.0625652529786,-661.7756377335259,-2578.995795807049,228.8403932373829,575.281377748009,-269.2353833343636,-537.9957251123668,-208.43797778607276,471.9936817341731,163.37208264150053,-538.6711095945601,993.8404060703998,9.360032694010352,-492.3919055328778,-556.687712742146,-140.0879161091173,679.4559784940344,4.028735909304717,-128.05793685731038,980.7495102894972,1.4693454744219467,-487.9137587170297,87.7538190499165,743.4502847069725,1114.799259020818,697.1740692105924,836.3925314468775,-478.8741247479018,-556.288721166053,-731.625715489112,-287.5772744481505,409.2815544207968,420.58880783213465,-409.78480855474766,892.0194941180582,913.0339638452068,788.1918160144094,697.2744377132353,-138.44670383840042,-103.7100476346434,-450.23662615976286,-736.4573326295774,-674.348791776308,-145.45907413509246,-154.2093786934587,-621.6772089807928,483.7457876907849,-707.1707676956348,148.32205240660562,896.8433197892973,490.7637675856339,541.2517658508982,-399.5775667046964,-531.2304087760032,-268.3211141458718,-645.9598004210139,549.0459627743888,182.1793911789243,-380.34244494543776,-495.0118431163778,-319.4838998314858,-431.9047920450694,-591.7153243908297,-461.33911388386827,-688.5635098847595,-591.2750092492635,-476.7539949042752,207.90420758710752,99.408233577279,207.2654741771921,-42.257344936039686,-608.0694462964924,119.87804619960008,-109.53771116186672,-490.4667828856281
122.61946125089284,-477.3870595664423,-436.0028192041832,-377.895688122156,-447.1370563458312,-697.3072193831939,-2529.7385511046787,224.9527826452565,641.625042689877,-166.7912566568584,-553.5023052701068,-251.26039830586225,551.0674854804544,121.34767906642524,-491.4759889462392,990.7431229785236,-31.509768924517537,-508.35408971184427,-508.92828127671584,-47.97968783467354,722.8366806556187,96.20186476347745,-47.95356096677728,999.7271841283484,97.16797999039134,-499.8074739850524,42.36507477649055,701.1050200836527,1083.6003099978288,648.303884997133,839.5334925478742,-423.69539515461446,-501.2659072350369,-709.726001672853,-218.2928781948537,367.12089373711314,363.6371530149141,-425.66338884649457,919.9481686537688,948.1082406446686,829.1007680732504,648.5524991083394,-176.6368322610415,-109.55433011506382,-382.3921429772272,-712.548318451532,-688.6579390920585,-67.28815245989117,-44.67482101841213,-617.6555215857489,433.7698313661031,-721.2462792692601,236.2131294225429,921.795536979766,449.8326421101699,483.713255615735,-409.0890594051728,-553.7234572234593,-297.4610898119987,-642.5256893705817,493.2846005826754,124.78789976888706,-391.3667109366166,-515.0874288539707,-348.08260853798384,-453.6362206634924,-605.9198695291913,-475.27218746316976,-706.4799943163956,-564.9735605624006,-468.9221815116333,167.821475517406,49.11191780210948,160.56999548916087,-89.13157689028891,-578.2509275577759,214.3431150911832,-3.996838577623985,-427.9186432691881
102.49105805058494,-480.1345544908242,-433.5053456018314,-381.2164647434424,-447.9570387629065,-730.1358942539404,-2468.678807169479,219.5803603296441,700.531702343181,-59.82646056609807,-570.7375835683952,-290.4672876786697,623.4419479206651,79.86722628602308,-435.2408852531703,980.1233842950376,-70.39859695592531,-525.463048924317,-453.6313953960848,44.45479162500303,759.2936611120141,190.8557175928436,36.25106313370629,1011.0110530955026,193.00118614872508,-514.0419621249871,-1.1097496208213369,656.3735591995817,1048.1462005370058,598.2899388900436,835.0175049698839,-361.99334251415394,-438.6311243268936,-679.9101178382425,-143.5465825029834,324.73617940132306,307.05859463981386,-444.4597198355022,938.9248911054354,975.8064771528605,861.3477945559927,598.1676422060302,-212.1733881190199,-115.4099223103619,-306.59101593355456,-680.7363755152006,-699.5619868419706,13.40599394347094,65.8741845982693,-606.6425506547554,382.1258288425324,-731.8915826283416,320.7518068166136,939.0029911270074,407.7733559584663,425.78028285674907,-415.2837534256621,-576.9536215926129,-328.06185340661546,-631.9766054390592,436.1592115734469,68.47467474840397,-399.4020990550544,-535.4657569010965,-378.2606473012376,-474.8502239799877,-616.1795674661139,-491.086739560884,-721.1445697840148,-530.4749414531411,-453.3755592142799,128.94604311708903,-0.2233971442364046,114.36747466903682,-133.30603371521627,-540.008284300939,307.92930308630145,103.89660954294574,-357.5652931272829
85.56886412860405,-484.3811369541594,-432.7963155800969,-384.2588794838269,-450.0660883269792,-759.253213698924,-2396.5057449654687,212.96530105628065,751.3961086726465,50.03919589980912,-589.252661550471,-325.7802462788595,688.2798562974681,39.16149582512445,-370.2685923232864,962.6484450809344,-107.0666726186952,-543.3125802942495,-391.18891700706496,135.65072763596993,788.7204783783991,286.6153446695205,123.3687469458628,1014.9986897991588,287.5199755653135,-530.5868638505232,-42.47067146011271,609.5707254068351,1009.059876792781,547.4275575396493,823.4209923082009,-294.4215108452713,-369.1965356773923,-642.0231742654465,-64.45639887030961,282.3559781657537,251.30084803417716,-465.947980913169,949.2384577900676,996.2875241034616,884.9357377223926,546.4859567212652,-244.8344609678831,-121.67277101374955,-223.6155554824968,-640.842331438272,-706.2757690015633,95.30725120776728,175.62853728872958,-588.1575960503337,329.3144949703148,-738.2952572948841,400.6490508478837,948.718328326779,364.8953423108075,367.8277188733836,-418.4944435157242,-600.3767294377041,-359.7018634753523,-613.7620563191739,378.0908832217701,13.57543462304729,-404.7206426285491,-555.6982272756012,-409.6953576040514,-495.0593365735898,-621.6059099894056,-508.5173007077042,-731.6098417338394,-487.7241742020364,-429.7340706257893,91.59446773434078,-48.34638576469596,68.90177613429452,-174.4838915756505,-493.3613656746343,399.2936558149782,212.5226364039277,-280.17947466723245
71.65148630585925,-490.505469982079,-434.2518243953213,-387.4104032945627,-453.95364755301006,-783.6288384398407,-2314.002518829313,205.33817604198748,793.7987239537982,161.09206736648923,-608.4749927521282,-356.97971738497574,744.9306847066129,-0.5267311258433669,-297.0966802231684,939.0110744795676,-141.30134309716516,-561.4022032852661,-322.18676870741393,224.0982988481936,811.1268578709688,382.0716999032834,212.1323876190905,1012.167868502082,379.3256952192912,-549.3198885917643,-81.54634590417136,560.972901688478,966.9200478917828,496.0039765471103,805.3723704432235,-221.8000750690259,-293.9641797663465,-596.0926461356818,17.730699182380928,240.1845127902559,196.8045185052341,-489.7697464365885,951.2890389205094,1009.8008020416154,900.0273405382308,493.8733050150431,-274.4411881008847,-128.72960390131612,-134.442110630063,-592.8724264201641,-708.0326504265433,177.06038501077552,282.83677826208543,-561.8482898999624,275.8186044600578,-739.6655797387243,474.7666749622097,951.2744255245494,321.46483220768704,310.24946719195026,-419.1074951628924,-623.3563640963881,-391.88529473681206,-587.4809685555576,319.4945304453827,-39.588154728302754,-407.65865103049134,-575.2571843632261,-441.9707864586546,-513.7214294070883,-621.3479531081138,-527.2029704489022,-736.9453057995313,-436.8649923345701,-397.8135988072095,56.07452921777013,-95.00860933949738,24.42006946830358,-212.41121702766495,-438.5456014801949,487.1610524864547,320.2465607608599,-196.7289683051384
60.48607066352002,-498.8272810161466,-438.1885575941757,-391.0563419443279,-460.0395931423626,-802.2385305922459,-2222.0353384877235,196.90962431422437,827.5036613640129,271.5744861684272,-627.7178303738455,-383.9150769829156,792.9346647760256,-38.94773953507323,-216.4896501293688,909.906940750888,-172.9247535153663,-579.1442796147201,-247.3942059424604,308.3870808685816,826.6226423814574,475.8236832888226,301.23369375213366,1003.0528282800057,467.1100596725647,-570.0205787183795,-118.19685767474635,510.8284448205528,922.2575055107852,444.3032160384081,781.530713554311,-145.09679918220965,-214.0981854999,-542.3376095102369,101.67539854342698,198.4123176272278,143.99271557969553,-515.4360775500656,945.5625903264744,1016.6649690625484,906.9259616020933,440.7001798727573,-300.86389733681284,-136.94726754856143,-40.21720130524203,-537.0298597451949,-704.1099376395837,257.3126115774912,385.85450780708254,-527.5123745644102,222.10618507635908,-735.2560207244053,542.1444767412432,947.0642527509088,277.71361038494814,253.4521400191884,-417.554357565423,-645.1751982689489,-424.0446532170577,-552.903416323522,260.78245123793664,-90.71092706727528,-408.61016453385633,-593.5429996984842,-474.5759236204156,-530.2470323219327,-614.6200825527307,-546.6890418659661,-736.2688040345221,-378.2461357847199,-357.64261322953223,22.67854061464276,-139.96745871320334,-18.82726332482525,-246.88498649652604,-376.0161883520192,570.3586294875208,425.466877352265,-108.3510974921776
51.77347981200339,-509.5921972512029,-444.8525753566681,-395.5707264219869,-468.6599587404567,-814.0944100547351,-2121.542499673524,187.8635600199508,852.4502845942504,379.7356847927495,-646.1939929580468,-406.51348939382297,832.0193623499088,-75.85144322818282,-129.4220904592528,876.0158077684159,-201.80109385403185,-595.8746355126842,-167.7458479423631,387.2451915062076,835.4003159629584,566.5192021564601,389.3628246931752,988.221611450954,549.690552222578,-592.365953902973,-152.31601157134054,459.3689497843007,875.554628716384,392.6096158410689,752.5667385591848,-65.401879172602,-130.89058432540702,-481.1717310495896,185.98607835054332,157.22567170635656,93.25999969276268,-542.333464949488,932.6054270576848,1017.2471933434398,906.0537545854291,387.3444248219709,-324.0267803265359,-146.6623461432563,57.77302106517048,-473.7196216709276,-693.8552802604694,334.75457016556976,483.1877263956171,-485.1160622164886,168.63351429582127,-724.3919510301257,602.0185580263213,936.5219941321316,233.84860269561372,197.84693851149277,-414.301885480045,-665.0498369663288,-455.54501865338943,-509.9880420946968,202.36662815560243,-139.50727826210482,-408.0183082795313,-609.8947873470428,-506.90596869166455,-544.0090324452739,-600.7301190431128,-566.43149190128,-728.7785892367368,-312.42120408123554,-309.4707155622457,-8.32412805237872,-182.98989949157232,-60.588355770484405,-277.7604703232842,-306.4443999431241,647.844896361351,526.6610931252567,-16.32010102054156
45.17484076449804,-522.9572967830215,-454.4087271438537,-401.3063099140767,-480.05415187987,-818.2767299284554,-2013.5233513911728,178.3520933938551,868.7394254977453,483.8815625822839,-663.0339575528654,-424.7870360079741,862.0896652461535,-110.9950947235866,-37.05333864692244,837.987015742579,-227.8430789065313,-610.8667204712996,-84.31705733510621,459.5715108575328,837.7172075417265,652.8933223066589,475.2471212724684,968.2554348862255,626.039762366066,-615.9285160368321,-183.83294649449013,406.8204897771732,827.2475354307653,341.2099057515021,719.1465351086081,16.102352125344176,-45.72222330669855,-413.1994754122349,269.2604058440639,116.81411104332685,44.96131852006907,-569.7336877993359,913.0002095705812,1011.9441312030274,897.9285714269315,334.19152933605994,-343.91093918793354,-158.17131762809404,158.1387813186971,-403.5459746709491,-676.7131082103183,408.1587205599046,573.5282952959255,-434.8076689520197,115.84735291100668,-706.4976337445498,653.8305005606112,920.1061926948238,190.06156850554711,143.8401749597131,-409.84168417414975,-682.1489435041013,-485.6903295423343,-458.894060723554,144.65945555753223,-185.71470070720093,-406.3647938502083,-623.604810534186,-538.267195444207,-554.3548879745155,-579.1067912105931,-585.8045900010668,-713.7847984012027,-240.14160021018583,-253.7683991514365,-36.6949085807627,-223.85682707331824,-100.61309683244473,-304.9576089514452,-230.7057376810081,718.7323553157735,622.4274977519551,77.9912509719158
40.31924449626037,-538.9778845038077,-466.9309865552778,-408.5837705055549,-494.3539808253777,-813.9662351844249,-1899.027082129243,168.4922621269538,876.6153873184234,582.4211402798921,-677.3081389870227,-438.83768720139966,883.2123866403263,-144.15174209213174,59.30535542424713,796.4294295323801,-251.01734902054355,-623.3491723088054,1.7063331118679064,524.4597766401444,833.8783783169966,733.8017856064038,557.687201643474,943.7308494974352,695.3075996061184,-640.1771053065413,-212.7129477978504,353.4140299218474,777.7302439148804,290.3937804122382,681.918275326125,98.17555621943656,39.97943881086134,-339.205280784598,350.1265819669205,77.37553136445126,-0.5984164429374467,-596.8075766013656,887.3444063901618,1001.1654735027622,883.1407431663757,281.6324389237423,-360.5557430236174,-171.72143218339232,259.4266178746002,-327.3023089569447,-652.2500165037693,476.4133762551698,655.7802152343602,-376.92535818525977,64.18591765555294,-681.1223987449026,697.2276106100608,898.2854623650525,146.53821446181993,91.8229233169372,-404.678686798516,-695.6143177937078,-513.7321108206294,-399.9868656358523,88.07270921755429,-229.09764316651965,-404.1578722111017,-633.9364375614801,-567.8858537869514,-560.6214038201358,-549.3254744212588,-604.1117790528513,-690.7390527510425,-162.34235019946465,-191.21777723098396,-62.233844856446034,-262.367794346101,-138.65767631429827,-328.46601313641565,-149.86004040488888,782.3028796913343,711.5210857691923,173.15401299686943
36.81237533466127,-557.5960429669836,-482.39401442704497,-417.680293908058,-511.57478254085015,-800.4759961833264,-1779.1411289239354,158.36459072467335,876.4450185152859,673.9077738437143,-688.053035402368,-448.8597593019627,895.5968677464905,-175.11899115786383,158.22972197720262,751.9057560136567,-271.34851468934284,-632.5264796358263,89.06259161144041,581.2138564593489,824.2210615699881,808.248476040916,635.5888776953832,915.2052138428004,756.8357384114314,-664.4810744678307,-238.95739579424077,299.39432269946855,727.3601550265632,240.45302198435195,641.5019640996389,179.55581804971,124.78371268110588,-260.135792911119,427.2823795496434,39.11862563200204,-43.17351936113925,-622.6425853207529,856.2320613492012,985.3206588263934,862.3307292793512,230.05902986672385,-374.05851723419937,-187.5024302067208,360.1614708596963,-245.9535043015516,-620.1779155495924,538.5508936718339,729.0759974985838,-311.9980744944559,14.078191711576322,-647.9647575626032,732.0549291112961,871.5270832012228,103.4661200843068,42.160311725832265,-399.31916667855336,-704.5845048848897,-538.88097482544,-333.8364744318484,33.01471913992996,-269.4515515677341,-401.9190722485287,-640.1452905026421,-594.9213721371093,-562.1519921830129,-511.1309999047401,-620.5998670881471,-659.2608766208707,-80.12088778457301,-122.69452174730444,-84.78691815133348,-298.3458491334761,-174.49016292748388,-348.34824899345307,-65.12409428716657,838.0155767820637,792.8821994316739,267.72730556504
34.2458549409131,-578.6315445313027,-500.6662762791539,-428.8177885080686,-531.6089193315972,-777.2814726584451,-1654.9789727270334,148.01341950071006,868.695168833,757.0735241893136,-694.3007191787019,-455.1395762401305,899.5730221481417,-203.72761116131048,258.2256131701939,704.9308740814082,-288.92160505367787,-637.6022511904033,176.45133974898212,629.3540144200019,809.1013605793634,875.4058021872372,707.9896057038461,883.2057695592981,810.1640719305657,-688.1181802331989,-262.6028588265077,245.0267304816368,676.4641616539012,191.67927315853865,598.4821385173163,258.99670881048985,207.2992632980969,-177.0756221206183,499.5302936778853,2.262632183516362,-82.58498677586596,-646.2639876801758,820.2394249782774,964.8090853634784,836.1684295588107,179.85756996489846,-384.572660326282,-205.6391630697428,458.8890191162278,-160.61135739357672,-580.373729112651,593.7689390011427,792.7830054167898,-240.73908477666376,-34.05870024559773,-606.8931441398386,758.3401054530615,840.2885779799326,61.04096819054935,-4.819024448799056,-394.2583822361695,-708.2204237357607,-560.3211046066256,-261.20835939413246,-20.11415427193605,-306.60694487065143,-400.16907043660495,-641.503015723953,-618.4839039509544,-558.3161840956807,-464.45630437659264,-634.4764408680969,-619.1596659924492,5.290759140587264,-49.24175701902673,-104.25246838006282,-331.6422170643372,-207.8967919180052,-364.7411248513015,22.162298410419343,885.5073173506613,865.6568868182368,360.3022019897845
32.207097871025546,-601.7757275398709,-521.5050601181722,-442.1510624006228,-554.2218899340576,-744.0474797229438,-1527.6670885362887,137.44887416690716,853.9097823597756,830.855486257208,-695.1109371492054,-458.0521368144119,895.5682137985264,-229.8495246718277,357.77433856751765,655.9736042198406,-303.88271822446967,-637.8044297120904,262.57173286071946,668.614483848897,788.8837190945486,934.6274073900958,774.0785077580372,848.222376536424,855.0293531056001,-710.2864733313849,-283.7194090693559,190.60157429018943,625.3447368843666,144.3606128682048,553.40329471469,335.3033054834015,286.21401147079325,-91.21746867963154,565.8074015333444,-32.96542533531944,-118.7258432777123,-666.6594101438666,779.9147281306725,940.0139019693196,805.3347457014765,131.40060912455584,-392.30433509459897,-226.18514640186817,554.216365506204,-72.50404894367173,-532.8944607790083,641.4442106328895,846.5002297110309,-164.0319471590691,-79.82416724285942,-557.9619776836823,776.2725361942092,805.0121732310892,19.470698059048168,-48.83282889253188,-389.9680525072752,-705.7324090647468,-577.2277641914771,-183.046594499736,-70.92751868549884,-340.43337087254866,-399.4130361679128,-637.3229052587157,-637.6560134493145,-548.5309687233574,-409.43573625026704,-644.9302753335893,-570.4510414362832,92.55956980703128,27.962870648650835,-120.5863326054672,-362.140589641072,-238.6886041745817,-377.85477754876536,110.57544986430418,924.5865244172368,929.2084477436696,449.5430410875554
30.28949018768535,-626.5889211257256,-544.5537610181121,-457.7563649796058,-579.0512808219203,-700.6507075285655,-1398.330876128913,126.65028425318116,832.6877538509748,894.4133533069758,-689.6048662985098,-458.05467164023,884.084222951643,-253.4047491038955,455.37802827037706,605.4611836080543,-316.43771332487995,-632.4116377172538,346.15980928240094,698.9331004411506,763.9334610150702,985.4530879895492,833.2093709513805,810.7037576123523,891.3565600401051,-730.1203056843823,-302.40829955112133,136.43576888590567,574.2854437037788,98.77712887246612,506.7677141133715,407.3655776452477,360.3306601349981,-3.8278169209357937,625.2088808809015,-66.33566401922582,-151.56413425773897,-682.806295053732,735.7721033851984,911.2992323776276,770.5057812683175,85.03781716102915,-397.5079115712472,-249.1170643941196,644.8492884729822,17.059009189448265,-477.98657216518126,681.1384669644567,890.0464846634243,-82.90917530612913,-122.84080766120609,-501.4218533575208,786.1783640148889,766.1218856571253,-21.02266149202384,-89.65398981227361,-386.8838682258189,-696.4079442472557,-588.787686495556,-100.44969140706468,-119.06010515259034,-370.8430720027977,-400.12579000451376,-626.9864256987393,-651.5180322336054,-532.2833258991874,-346.4119726411464,-651.1543648170108,-513.366589363455,180.28973411408657,107.64532055223822,-133.80538334104162,-389.7608240553621,-266.7080606512945,-387.9694523511882,198.6504505789235,955.2211525108792,983.120141794918,534.2241402450177
28.102716665530533,-652.5019408081954,-569.341812792691,-475.6207598406245,-605.6087643106275,-647.1965002172755,-1268.0795176554882,115.5708069833794,805.6624894102274,947.1380035459993,-676.999366124713,-455.67705976415465,865.6753569347246,-274.36690760638254,549.6028926678121,553.7856154859402,-326.8488354634448,-620.7797236498432,426.0233578268152,720.4341168451516,734.6124602798952,1027.606256680224,884.9064276701539,771.0569237392071,919.243827149878,-746.7103734896536,-318.79918609628106,82.8716677927618,523.5554355326294,55.19571474453411,459.035283269528,474.1877231389668,428.59644430601,83.79030549711918,677.0045313700356,-97.62198453918027,-181.1434659042553,-693.7017491453064,688.2894156213498,879.0104893189199,732.3398887496519,41.08631878964203,-400.480348558106,-274.3302527930594,729.624495983383,106.72532639006056,-416.0888227265188,712.5971579550054,923.4414350415911,1.4756718829876012,-162.76277552705398,-437.722881846241,788.4930139588415,724.0228513544826,-60.20357541200679,-127.11778267142574,-385.3932568021935,-679.6392319842354,-594.2219798392914,-14.63995729094887,-164.17569546616548,-397.794178449503,-402.7371035475663,-609.9695788631902,-659.1763603921089,-509.1531043012105,-275.9357333324561,-652.3710406022509,-448.3562289084975,267.0639308042515,188.4765617597936,-143.9892276524386,-414.46192243490384,-291.8352586893989,-395.4299708608975,284.92546035257584,977.522040352828,1027.1895213233513,613.2602292409806
25.283073867057947,-678.8220694354503,-595.2876430090218,-495.6328466261924,-633.2853293194254,-584.0287346717266,-1137.9899075265837,104.14297563664336,773.4838868300093,988.65140496837,-656.6403942725086,-451.50916763730805,840.9285336374454,-292.7669976957331,639.1184185503832,501.31102953045126,-335.42922864741524,-602.3674974552728,501.0728499516902,733.4055933549189,701.2777634653407,1060.984694195662,928.8631183081624,729.6493046172191,938.9420320478282,-759.1274900338219,-333.0471047689122,30.27320563587287,473.4126619054316,13.864343881138112,410.6248575481005,534.9122763408557,490.1260669805807,170.33580139541468,720.6480490341434,-126.60992832891296,-207.58112863770867,-698.394077747324,637.9095600948727,843.4772689480512,691.4676135938929,-0.1789227740750849,-401.5546922910056,-301.63521410041346,807.5356163666321,195.1386998462124,-347.82800479527486,735.7413507968702,946.8811591186004,87.88130342128734,-199.28538895981077,-367.510513741776,783.7329186176455,679.1024325318848,-97.8259503282923,-161.12725991791,-385.82363713715137,-654.9496152959688,-592.8109795865911,73.0723566996825,-205.97539688416083,-421.2932440666349,-407.6174631677543,-585.8679364827123,-659.7937545960275,-478.83520972592936,-198.75779600411252,-647.8584664187563,-376.0827377842431,351.4858832944773,269.1151780787144,-151.2799199842735,-436.2442200964269,-313.9934039242656,-400.63797372941,367.9855885663795,991.7229774113478,1061.4152875746383,685.7293858127406
21.50361462723657,-704.7437919068491,-621.7049941626232,-517.5753822790091,-661.3599039805684,-511.7318579513663,-1009.0900850987416,92.28486956467287,736.8032010844834,1018.7985938446286,-628.0341268701685,-446.1852772296071,810.4459282349258,-308.69518777164205,722.7308284146706,448.38121998828086,-342.5353661166877,-576.7606087592484,570.3472459471358,738.272929934179,664.2827651292375,1085.645656476592,964.9344118422334,686.8129989970139,950.8303201482536,-766.4495448959693,-345.32942072090617,-20.980415344072792,424.1056393750978,-24.99390847032788,361.91671120599113,588.8381164550472,544.2171915503583,254.54741830953816,755.779192919488,-153.1052362247218,-231.0639601678673,-696.0151413258136,585.0446302286292,805.0181831214746,648.4844455947745,-38.534144789133975,-401.09285097066015,-330.7552567671393,877.7520222925273,280.9779740852269,-274.0073547802864,750.6539513495478,960.7101077873174,175.01586078143424,-232.15533751902308,-291.6135796152783,772.467962511267,631.7325944647196,-133.63825142460672,-191.6565388052185,-388.4314197595663,-622.0177463482195,-583.920260991787,161.3284825724678,-244.20582396021408,-441.3969552913625,-415.0646162286136,-554.4191657387929,-652.6204592765404,-441.1599317256017,-115.81320588369964,-636.9776283416198,-297.4083239939027,432.2222377734071,348.249089494584,-155.87964303424812,-455.15076080238856,-333.1532422645217,-404.0421029808485,446.5043248264407,998.1588856686266,1085.9779155798642,750.8877831569256
16.483973818106644,-729.364377358159,-647.8128840581738,-541.1203623096975,-689.0114906178272,-431.1244423273109,-882.3429346813169,79.90659696058616,696.261004069556,1037.6328528188392,-590.8742678149029,-440.36588756093647,774.8305453789934,-322.30049282218147,799.4095095284708,395.3266125948045,-348.5575065280212,-543.6925274233737,633.0337949413964,735.5701693317582,623.9803494712243,1101.786627521551,993.1235843170084,642.8504861893142,955.388982058023,-767.7908730351278,-355.84294459383955,-70.50310127229432,375.8737808759908,-61.186811317536495,313.2556423069943,635.4318544621543,590.3582830179201,335.2393458053624,782.2193301223716,-176.94261133639122,-251.8422018982944,-685.8125106332467,530.0822497737461,763.9468939570128,603.9461655833518,-73.81476040134804,-399.47777933389386,-361.32539735347245,939.6299919878944,362.9934610067053,-195.5878120624729,757.561440158146,965.3913344861325,261.57610436260177,-261.1807197321959,-211.02472233367777,755.2959739804702,582.2730429722598,-167.39046055865262,-218.75182693202564,-393.3920272050714,-580.6983296799351,-567.0268325139084,248.76225108422764,-278.6667533987119,-458.212876067255,-425.2912162113093,-515.5218952699065,-637.0249055984684,-396.1101741013819,-28.19800965642685,-619.1987751047145,-213.37352793445325,508.04178646464425,424.6344345405279,-158.0464157077589,-471.2678637463506,-349.33622485472955,-406.1263513417194,519.2806182135972,997.243484002696,1101.2155303975444,808.1761084280105
9.999725345682648,-751.7042087066758,-672.7493721363232,-565.8271054742071,-715.3348770577979,-343.2439918461497,-758.6311940008139,66.91678960148364,652.4782036398929,1045.3954717585475,-545.0640582754479,-434.71730277163886,734.6748716239899,-333.7882529165313,868.3055656891794,342.470037657537,-353.9083610683706,-503.0616323939441,688.481289914866,725.9106631331589,580.727279154108,1109.7231269311055,1013.5646072074912,598.0411101322001,953.1711663642576,-762.3330457485785,-364.8013658884241,-117.91179014665296,328.94639001796884,-94.55860254278058,264.9543515804396,674.3324541582465,628.2289956897462,411.3328960987329,799.9611336142358,-197.9942178364088,-270.22167278664455,-667.1802542248046,473.3933030145907,720.5785706139824,558.3664694197171,-105.92184405597196,-397.1051829718903,-392.8927180031735,992.7161436309297,440.0394837934506,-113.66270527800232,756.8124619190494,961.4767585924168,346.2866451265323,-286.24008879349054,-126.87385998801406,732.8203297076946,531.0746464235519,-198.84243702158287,-242.53011907424064,-400.7912264035665,-531.0382623283734,-541.744359733763,334.0408946638884,-309.21784309735824,-471.89913901740937,-438.4138804497434,-469.2498613056754,-612.5226314405462,-343.8343801063384,62.860703039078224,-594.1261384079263,-125.16915666363778,577.850180342582,497.12990321449126,-158.08798614081073,-484.7248923097615,-362.616255509901,-407.39685531912,585.2699702880169,989.44767995016,1107.5966361139156,857.2180343203142
1.891115120343085,-770.7315549908387,-695.589161584253,-591.143835946958,-739.3599100729353,-249.32317089944905,-638.744898250446,53.22882853713054,606.0498744238763,1042.4916117130545,-490.7316204964823,-429.8895534685242,690.5525830998473,-343.4154009299722,928.7621282209224,290.1308398034776,-359.010227272394,-454.9435010013132,736.2065940513077,709.9585618579941,534.8890459405304,1109.8650043867126,1026.5014595787882,552.6476639151844,944.7749034823448,-749.3559215095146,-372.43308036653445,-162.83732421165757,283.54051694885345,-124.99500814370586,217.2967785648554,705.3493172921382,657.6936694252541,481.88292992470895,809.1534238945632,-216.17748578134956,-286.554623439824,-639.6870843875615,415.3402760382345,675.2359993766742,512.2164651474924,-134.82677370893356,-394.37483044230936,-424.918426781677,1036.7435066044875,511.10178793109145,-29.426841579159674,748.8546352416231,949.5790091584732,427.9372428110101,-307.2897171375852,-40.3957575132028,705.6314353448723,478.4827292322111,-227.77316291993512,-263.1755972612681,-410.6180761050641,-473.287072764469,-507.8461472200531,415.90357136105314,-335.7840485036162,-482.66304692088704,-454.44397030484055,-415.8604199286816,-578.8020665343025,-284.6540638484591,156.04023516279273,-561.5196891958685,-34.102356224883565,640.7185280645093,564.7251450164831,-156.3541509091565,-495.6932239764562,-373.1199453289364,-408.36744747206376,643.6082817399756,975.2797344064066,1105.6913051088552,897.8115853040039
-7.928997424232614,-785.3912741406393,-715.364908140896,-616.4131717363186,-760.0742152995067,-150.7581004655908,-523.3722190846528,38.76654847451341,557.5414872810935,1029.463817617255,-428.2374935584603,-426.4933257784737,643.0131345439994,-351.4835651122847,980.316550560821,238.62701929772163,-364.28090992278896,-399.5976223274354,775.8946054409465,688.4023822762251,486.8444043389321,1102.6925936672078,1032.2657415295034,506.9224669833567,930.8168268095272,-728.2676711689179,-378.9793961853693,-204.93563799421636,239.85793779527225,-152.42739504136347,170.54114631912037,728.4544051323265,678.7888017814244,546.0980263791907,810.0822862830962,-231.46184188636917,-301.22963777614086,-603.1005324996376,356.2854333070552,628.2546463050797,465.92558004086936,-160.573760285326,-391.6815446670783,-456.7819168575746,1071.6209859026571,575.3189008212946,55.85867530976868,734.2108956253027,930.3461042963808,505.4163363808409,-324.3684095245284,47.10683743591195,674.2925299790297,424.839905618581,-253.9903159306129,-280.93386747399063,-422.7597954417472,-407.9007307649644,-465.2845488726026,493.195818052165,-358.35942764831304,-490.7585982265746,-473.28039924852806,-355.7967132623747,-535.7458813302277,-219.06507501875365,249.96161068953663,-521.3126827490772,58.44171672228928,695.9046375905925,626.5622727065174,-153.22780156758884,-504.3844005336108,-381.02536630284897,-409.5443142119703,693.6276449227125,955.26798879204,1096.1423433268642,929.9146067243778
-19.468176739926253,-794.6367292576874,-731.0919329077196,-640.8818058503722,-776.4491209228189,-49.06984831191357,-413.09429182899487,23.469204311141727,507.48701442278514,1006.96465574748,-358.17354035887587,-425.0766816057351,592.578938084577,-358.3301149240009,1022.6950674201978,188.2752622863535,-370.118808417613,-337.467941190496,807.3921542389047,661.9316406557862,436.9888878321989,1088.7339675022504,1031.2539330479874,461.1124341688098,911.9088031100522,-698.6324294329487,-384.6930018625094,-243.89864732452008,198.08155935761687,-176.83584064247276,124.92253161864016,743.7692514411599,691.7055967324737,603.3537738631952,803.1496640303487,-243.87404759030736,-314.660923011432,-557.4058389618488,296.59809122829216,579.986092128469,419.8833906464433,-183.280086850556,-389.4059359870497,-487.787150049432,1097.4173040803282,631.9968910785368,140.90430175090285,713.4565612264653,904.4398816715694,577.739250554471,-337.59938538466866,134.30275975148822,639.3299549999035,370.4882118017889,-277.3396169773384,-296.1042665622376,-436.9988533267052,-335.5381577595288,-414.20550350579566,564.8984327383515,-377.009101080303,-496.4829853329117,-494.7047705840465,-289.6830330026257,-483.44671479804254,-147.73202749757814,343.2309453179669,-473.6238284962236,151.0408918153645,742.8660942134117,681.9499101497029,-149.11503465136968,-511.0474142583262,-386.5593520847872,-411.41013226791256,734.8637674727566,929.9466582966196,1079.6377781427084,953.6257971061178
-32.64864216701044,-797.4640062114657,-741.7958528714665,-663.7145115304315,-787.4683858700088,54.139316643161216,-308.3841819374833,7.295523802442681,456.3883358370592,975.729807044226,-281.3528137953597,-426.1024326123233,539.7447520268661,-364.31732966284767,1055.8008905714507,139.38886849000835,-376.8876017842413,-269.1768767729684,830.696611162758,631.217243637711,385.7367495871245,1068.5443413076594,1023.9055227481168,415.46277324303526,888.6384328128477,-660.1942305929332,-389.8364840469487,-279.464290098318,158.37156530075137,-198.2509674213086,80.65483859674711,751.5479254749484,696.7688433897596,653.198949786044,788.8506308788839,-253.5018945139612,-327.27727993239216,-502.8183388654428,236.66031486991469,530.7994218547125,374.44190674686985,-203.13397848599772,-387.904938478603,-517.1716883227598,1114.340745284678,680.6173537585801,224.4308240358181,687.198131866969,872.5187335981873,644.0699087515575,-347.1889889118438,219.8728015563532,601.2277485031077,315.770382054451,-297.7134445776141,-309.030564101014,-453.0125624166464,-257.05009904181753,-354.95701417701315,630.1496658178936,-391.8692218611636,-500.1721274829097,-518.3791432564266,-218.31323014763777,-422.2162726464456,-71.47569874133366,434.4808744018956,-418.7631002982481,242.2777637194731,781.2648505111898,730.3696639411328,-144.43467296151704,-515.9650665796016,-389.9934401107264,-414.4080828240501,767.0552038786184,899.8449089481371,1056.8857915390588,969.1628890073262
-47.30293893602516,-792.9473405112459,-746.5424528693596,-684.0124227402614,-792.1591460475119,157.23297510730723,-209.60973057134848,-9.773287032459084,404.71537794893067,936.55274584363,-198.7904457860722,-429.92707180057687,484.9788390341657,-369.819948520127,1079.697010517916,92.27372042038552,-384.9010034907195,-195.51274844677525,845.9402123876844,596.896024423253,333.52096039496485,1042.6884294926322,1010.6830432060104,370.2190992860616,861.5540727661719,-612.8959644599231,-394.6806117623146,-311.42526891929725,120.86161162198428,-216.75446877589917,37.93211032267632,752.1571204546487,694.4134460652263,695.3547373206427,767.7504920907967,-260.49607735447626,-339.510986049872,-439.7883102168436,176.87046160845216,481.0803428934632,329.9178987388832,-220.390126384838,-387.5022176412552,-544.1186531839572,1122.7161634351075,720.8388068374205,305.20723182387763,656.0546114391265,835.2248429446688,703.735339130731,-353.42223595994307,302.5489760298471,560.4261899829487,261.0301916884423,-315.0582776546568,-320.09045660641186,-470.3754358096252,-173.46040748487894,-288.0906130675503,688.2600382002169,-403.1449068466,-502.19529076538913,-543.8467186548871,-142.63236602641453,-352.58702196943153,8.746368155871997,522.4100640447252,-357.2304803106266,330.7803460483756,810.9634944030016,771.4753082044367,-139.60753580341338,-519.449328525084,-391.6385854216668,-418.9261674331921,790.1350204272343,865.4791770818675,1028.5929651399938,976.839560559882
-63.17132680421353,-780.2745047175357,-744.4689322071233,-700.8353455622178,-789.6242822453686,258.5887485607824,-117.03969774295142,-27.73167719257567,352.9064707334198,890.261892839586,-111.67613507450204,-436.7821666150985,428.72541806490057,-375.2114423896643,1094.5851597612943,47.22255770646819,-394.4080846559173,-117.41086819952577,853.3712609919854,559.55952590073,280.7911124415855,1011.7262766009642,992.054817092022,325.62790264559305,831.1546976094616,-556.8922369371556,-399.5020698072887,-339.6361652156272,85.65535015539542,-232.4783299079111,-3.070834522188134,746.0545751634862,685.1599117140582,729.7074807465598,740.462755422943,-265.07013098503194,-351.7867646383502,-368.9975285633918,117.6441333924439,431.2280082211796,286.5949476258401,-235.3629927476269,-388.4785303345562,-567.7718021807544,1122.9607462565557,752.4920092581443,382.0859526461958,620.6418979439954,793.1757898972713,756.2327403421482,-356.65543237382707,381.15084440602783,517.3237377064497,206.61185232977977,-329.3806070932566,-329.6842975309371,-488.5645283114904,-85.9402113690766,-214.35517573095265,738.7195671686005,-411.1061741506375,-502.94882374046273,-570.5357280946134,-63.71217005487792,-275.3060015895012,91.86538777958884,605.8189836861291,-289.70729181226466,415.2598045230456,832.0138247813853,805.0853381722789,-135.04576421357748,-521.8356425593672,-391.8388013044321,-425.2822710337365,804.2158906753234,827.3484757272424,995.44643549667,977.0425398214428
-79.90118721524718,-758.7807846685891,-734.8154783327731,-713.2276540973743,-779.0751988541018,356.6453876550418,-30.852410871697742,-46.54907403114972,301.36850248546415,837.7008687064177,-21.339319441562942,-446.7590755446237,371.407925324621,-380.8494231489876,1100.7824659317057,4.507923925811094,-405.5796738653833,-35.92890146035035,853.3334417513784,519.7468852539101,228.0092894067708,976.2027860468318,968.4809653692074,281.93543876648704,797.8845823208783,-492.5552349890622,-404.58033283645386,-364.018721353766,52.82351171788909,-245.602811274957,-42.198403665943246,733.7669916557238,669.5900103254002,756.2957898209102,707.6288588911068,-267.4983807241391,-364.5109606452321,-291.3471346472542,59.41227989992545,381.6497155535808,244.7250016432889,-248.41812119660375,-391.0621388089449,-587.2537749766235,1115.5599523578428,775.5699847774559,454.0338783368417,581.5605308556749,746.9601263938955,801.2293318637344,-357.3062664267905,454.6172856536677,472.2816780250391,152.85848875598728,-340.7510301809039,-338.22351965452305,-506.96793359197966,4.224131029728883,-134.68285438572474,781.1976333278022,-416.0820130643534,-502.84901264712784,-597.7667731464128,17.27876136889973,-191.3206180674364,176.73189346614896,683.6403932253779,-217.0401971837111,494.5436916979932,844.6387678560017,831.169851382718,-131.14245655096414,-523.4761334216848,-390.9638932356762,-433.7104304822621,809.5698936795286,785.93227213518,958.1002937239332,970.2101497650552
-97.04875752921936,-727.9800962500325,-716.9559634146108,-720.2471237209676,-759.863806622461,449.9466003020823,48.85397183903562,-66.17040952575577,250.4765658986889,779.7122079302882,70.79141942144993,-459.7977679971864,313.4326159505246,-387.06066658388215,1098.6972904465802,-35.62576056401905,-418.49633434976766,47.78257364614093,846.2444831086523,477.9414803554058,175.64414408655216,936.6408769364416,940.4029766999918,239.38521400595573,762.1324853326399,-420.4729741291591,-410.1934202734613,-384.5652089457284,22.40171877677471,-256.35330389165165,-79.31479011310712,715.8685011812134,648.3236722982119,775.2930513458149,669.9003495843486,-268.1119125619703,-378.06100621932046,-207.9368557555453,2.616411116452001,332.7538191245365,204.52932729020677,-259.9617627634456,-395.4194150160143,-601.6873855275285,1101.0448724123828,790.2137420358578,520.1578811721753,539.3868413671361,697.136308648798,838.5556135405657,-355.84187351210693,522.0323893289533,425.6307407801706,100.10975333271996,-349.3063074715952,-346.1191839815293,-524.8965386794596,95.6679858902492,-50.167361214660886,815.5361281782298,-418.4527738956096,-502.3240484387881,-624.763822300335,99.10875572762534,-101.75669558376642,262.14989734426234,754.9633652112458,-140.21838003651965,567.6034031069058,849.2089871096556,849.8329382756431,-128.2618073475648,-524.7317363991273,-389.4014513116557,-444.3487682479972,806.6044599533836,741.6904145868258,917.1663132046456,956.8132632793356
-114.08348759512344,-687.591777601299,-690.4264445549851,-720.9958629994305,-731.5123480694494,537.1796967847633,122.05047003716128,-86.51782485699368,200.5729085709387,717.1246374008616,163.2327988379433,-475.6804081130519,255.19207573076324,-394.126265575137,1088.805626651172,-72.97048278327591,-433.138397226699,132.51309402176895,832.57532221019,434.5708622736777,124.16355586899454,893.5379432658316,908.2369013210456,198.21431749005387,724.2347593187465,-341.4396424012365,-416.6123519845257,-401.3399047239542,-5.610872925541987,-264.9961825364181,-114.30496374645836,692.9605677603361,621.9979930619866,786.9865784086116,627.9239906405587,-267.2926228564794,-392.775238757056,-120.03610180723416,-52.29888886792757,284.9413104578463,166.19883436667635,-270.42919219618545,-401.6458243677493,-610.2196317324056,1079.9720282237222,796.694806455422,579.7238602545921,494.6673365814923,644.2342441051128,868.1929764504553,-352.76540092767016,582.6445271457691,377.67892170854,48.69864897619243,-355.24922203437296,-353.7710321456594,-541.5990433941737,186.98867012959303,37.96468970124108,841.736851307031,-418.6411032861096,-501.805105549079,-650.6689905960534,180.51931184477715,-7.889470300970482,346.9129591348147,819.0500864407345,-60.34485640674172,633.5749268483472,846.2157597255386,861.29189422707,-126.72987936150722,-525.9632983577718,-387.5482564700338,-457.2295374863001,795.8359837451973,695.0645310013506,873.2088586385123,937.339327905196
-130.39527717599685,-637.5616472591245,-654.9500923787211,-714.6523320028383,-693.7396119962406,617.2074807168756,188.7663608172286,-107.49349194048446,151.96511266140374,650.743796529029,254.4929649578487,-494.03021149016695,197.0682622962598,-402.2674501758893,1071.6292386724103,-107.3627264479852,-449.3784973215497,217.02749311231187,812.8307850063078,390.0094186366732,74.02631561851322,847.3650936909877,872.370022491468,158.6488943414185,684.4816274955598,-256.43813634374925,-424.0942254112608,-414.4787689657848,-31.252076120894493,-271.8337764547414,-147.07593483523695,665.6540230563866,591.2489993725698,791.7547160950853,582.3300478751162,-265.4654528182306,-408.9431340060676,-29.04794844724046,-104.89573208782824,238.5965904519693,129.8938303820712,-280.2721285256841,-409.7575502825055,-612.0478712230994,1052.9063409355654,795.3957177843907,632.1687541000773,447.9159784074957,588.7586461374277,890.2568321739415,-348.6015843260452,635.878079067803,328.71978200353425,-1.052358630138664,-358.84614226608664,-361.5573322048952,-556.2801331052018,276.78708400849627,128.38822188881542,859.9443580526258,-417.1016683643366,-501.7165581312378,-674.5611179644507,260.2621092297487,88.89136917400656,429.8403458015851,875.345124500284,21.39676608355464,691.7723438183137,836.2418025417035,865.8545998071006,-126.8260879178988,-527.5217543784353,-385.8012426542164,-472.2716949319928,777.8626014731855,646.480312009731,826.7436240164718,912.2798105960989
-145.30479195896189,-578.0760573756135,-610.4571914759773,-700.5032881606293,-646.4820736847283,689.0922414876993,249.0789793704554,-128.9834539298348,104.92352541548657,581.3460880759361,343.1170633879144,-514.3159050451528,139.43475048823075,-411.6326130792934,1047.716475535663,-138.69081422033003,-466.9770196374044,300.1016641459823,787.5325960002942,344.5831824097909,25.67330938505541,798.5685258450569,833.1606791004277,120.89907289105524,643.1257424538583,-166.61529021738167,-432.87394806881287,-424.1874601869852,-54.59635537575108,-277.19855359671675,-177.55810250665598,634.553717082438,556.6966107530187,790.043225358849,533.7237894544406,-263.0889511178747,-426.7960330185185,63.53252141203724,-154.7543820668992,194.07797096123628,95.74331966325772,-289.9456859185288,-419.6841045897175,-606.4473853132441,1020.4076995326492,786.7896019166869,677.1053748622026,399.6138977074557,531.1933930477255,904.9765601955093,-343.88180514706227,681.3377204629438,279.0405551794514,-48.83584847564036,-360.4222565560272,-369.825698216084,-568.121551595486,363.70878440323486,219.7183731314757,870.4255842631575,-414.3099164663888,-502.465398698246,-695.4780159056961,337.13504432916943,187.1211349762274,509.8114680627232,923.4772683225708,103.77847080990028,741.6939317382959,819.9317262648182,863.8963647949606,-128.77544740563164,-529.7375283093842,-384.5481454962392,-489.2763719976179,753.3375338113586,596.3501209081234,778.2396714579922,882.1211301982446
-158.0769711835218,-509.5678982079094,-557.0989607224866,-677.9743898911478,-589.9085867307086,752.1111666327851,303.10470625746933,-150.86234798906054,59.6780441471072,509.6752094147223,427.7300834118311,-535.8619217465567,82.65791538975576,-422.2860644473279,1017.6264114057352,-166.90098910516028,-485.5808201109496,380.5572824086641,757.2052970167414,298.5762086328214,-20.48134348235074,747.5723367037597,790.9407666384417,85.15365347354918,600.3920929234736,-73.25070026321521,-443.1547789836789,-430.7378257497242,-75.75378372553061,-281.4465832932164,-205.70649180371024,600.2460630858573,518.9330150819337,782.3421891968461,482.68003513361793,-260.64433962264235,-446.49846966526894,156.16366352643354,-201.48567113169628,151.70842229410596,63.84400778811192,-299.89526606039925,-431.26234906228,-592.799338572332,983.0212685391972,771.4198100102427,714.3203292817594,350.21101198932035,472.00615014672695,912.6736199697564,-339.1290439962541,718.8055833172502,228.92946955969708,-94.36446537784936,-360.35452491145816,-378.8849440266378,-576.3056634903332,446.48256790221694,310.5515831376098,873.5475982699081,-410.7501119000471,-504.4299719418313,-712.4420765927358,410.01564169822666,285.30235758024133,585.7969065313182,963.2544321167296,185.56516492124877,783.0211105360798,797.9636806378527,855.8374131743317,-132.74162533630735,-532.9093490487411,-384.1579621003913,-507.9255540753499,722.9442158952362,545.0754326961084,728.1241037911883,847.3389083691078
-167.93773041804363,-432.7138228768495,-495.2541367995005,-646.6581218963748,-524.4274515123245,805.762959728935,350.9914121930393,-172.9988289275621,16.414429217711948,436.4408234170991,507.0750382394464,-557.8642522756618,27.096851890159,-434.1990087263248,981.9166626233992,-192.00179973639533,-504.72552967545175,457.2939074224568,722.3653998934085,252.2379726833146,-64.05878440630002,694.7820833182068,746.0203324397213,51.57484544750496,556.4883384828659,22.279591703368897,-455.09795391076506,-434.4629896115064,-94.86839817173048,-284.9503127202685,-231.50169491384693,563.2895626461031,478.5144775816892,769.1645378893037,429.7404273004138,-258.6232859319396,-468.1402391412876,247.3043851568288,-244.74360014657265,111.76703749694788,34.25920280090487,-310.5437628937658,-444.2324120345573,-570.6179575193437,941.2714097062956,749.8804522773929,743.7656554880152,300.1289840149361,411.6526233081308,913.7391435612324,-334.8430870914707,748.2319586275081,178.68178159190512,-137.376326412666,-359.06248011756213,-388.9979182702922,-580.0409312753795,523.9547954314298,399.5071144164714,869.7547652246047,-406.9028822153938,-507.9481893131376,-724.4887440453898,477.8903820505525,381.9478835431288,656.8845699841061,994.6524335998288,265.55131945050505,815.6108201499499,771.0235386363962,842.1220227706347,-138.8208664365714,-537.2927180745252,-384.9713479567343,-527.7842063076639,687.37421403925,493.0486833314675,676.7886085480893,808.3951864614581
-174.0937270270351,-348.4223481691558,-425.5275482054561,-606.3376941614249,-450.6849944875756,849.7658963411192,392.9124498188768,-195.2614567812477,-24.729620090298223,362.3187814727333,580.0448934492435,-579.4116629396951,-26.89809461183224,-447.24318717381567,941.1349405079144,-214.06646772671309,-523.8416788627358,529.3170255234467,683.5138444262759,205.79128175675163,-104.7231866273622,640.5884767393154,698.6936073598902,20.293306463468745,511.6147269679536,118.54299744155452,-468.8117856319769,-435.7511284860203,-112.11608723943095,-288.090670186648,-254.95036696751345,524.2082257702508,435.95642472702895,751.0270884131435,375.4129738999616,-257.5146164149999,-491.7293803343472,335.4606827527313,-284.23734859823907,74.48162427429322,7.017820774236905,-322.279386930922,-458.2360060719592,-539.5756190779482,895.6588712286534,722.7984616233654,765.5450930414412,249.76496142936324,350.579951950502,908.6122243606555,-331.4862870244548,769.7204906210577,128.60410758018827,-177.64065180344025,-356.9971044275529,-400.3751796174564,-578.5885697929145,595.1179648632028,485.2670211001275,859.5464753222279,-403.2324981257949,-513.3054446851547,-730.6971442075873,539.8787715810503,475.6229344607579,722.2998393637429,1017.7987110720876,342.59515734454124,839.4822276967187,739.7826779458122,823.2001437092383,-147.03688071575874,-543.0883102380815,-387.2910842388549,-548.3060039523925,647.3086678968393,440.6542008420423,624.5970654911807,765.7381249875234
-175.7548936512985,-257.8129280139594,-348.74026983201554,-557.0056206551028,-369.5551997720369,884.0479573642391,429.0621312912889,-217.52474067727843,-63.66833815103403,287.95230078701496,645.707085316672,-599.5117802030092,-78.9882237803084,-461.1875649704928,895.8141399767032,-233.2330505851371,-542.2647843065484,595.7608252054607,641.131600028967,159.4402256980186,-142.18851642736084,585.370702805087,649.2457833044168,-8.59630433200017,465.972875219965,214.09210775718253,-484.3407335974021,-435.0380000515661,-127.70212221242556,-291.2484963617175,-276.08518056281173,483.4876555935766,391.7314955944835,728.4347568344698,320.17333916395944,-257.7902387908926,-517.1862701784175,419.2293996154967,-319.74198359811174,40.02276475201554,-17.886295691976247,-335.4443348877052,-472.8176294568216,-499.5244788502208,846.6607300427871,690.8176250831463,779.896099220794,199.4955672845467,289.2288989439835,897.7599548678952,-329.4701283172993,783.5090172576661,79.0167414968459,-214.96341821763892,-354.62809683636283,-413.16932397831897,-571.2894914136083,659.1324042808233,566.6127137337231,843.4564070920659,-400.174107226018,-520.7225066346456,-730.2219685677933,595.2513182208351,564.9842870875309,781.418925627945,1032.95222204085,415.6488362321485,854.7989017063675,704.8800830848767,799.5121191181021,-157.3368260819761,-550.4306402590852,-391.3727578573789,-568.842739500099,603.4037227884805,388.2679892824103,571.893415863349,719.803617735554
-172.15926159321097,-162.18656550759957,-265.91137198427674,-498.8758154713684,-282.1204146606097,908.7300292905228,459.6525193706324,-239.67494480581928,-100.37138077791508,213.9535171520288,703.3199394117122,-617.1213430543384,-128.8507412809739,-475.6983648209072,846.4705544560456,-249.70235370466176,-559.2494148724933,655.9048114538317,595.6780543659063,113.3777227060862,-176.22407316418523,529.4989992885412,597.959858038672,-35.039097656515544,419.77285758360745,307.5064018520565,-501.6550174181785,-432.79827155580864,-141.85839782997638,-294.795306927118,-294.9642063194865,441.57345221860027,346.27013805748214,701.8683526496177,264.4673309306044,-259.89058468908354,-544.3390460857854,497.3371914641445,-351.1072588203444,8.499603272736664,-40.49455260653199,-350.32444148563457,-487.4290646089976,-450.51329964847866,794.7324636020883,654.5848347403972,787.1688266714376,149.68066326305143,228.03463669434169,881.6600530565918,-329.14280391739874,789.9473339764612,30.253757489153703,-249.19278877914317,-352.42991915423903,-427.4697755004968,-557.5905290566652,715.3403900161659,642.4565224370672,822.034090785752,-398.12114313036096,-530.3437192205889,-722.3255139349928,643.4409480197929,648.8149176192873,833.7750892669877,1040.4808618294906,483.7833782827834,861.8477489008563,666.9091435050096,771.4769289724286,-169.58854826280236,-559.3773806380154,-397.415804707464,-588.6573893310367,556.2801442045811,336.2562439339885,519.0090467149266,671.0182091181839
-162.599401881947,-62.98899822781189,-178.2317374665529,-432.3882627593031,-189.6436677990337,924.10344030077,484.91128892641086,-261.6151721598158,-134.86656186541296,140.904878536619,752.3407723806225,-631.1797412951731,-176.18422298239372,-490.342663452998,793.6046541750006,-263.73367419747467,-573.9871057222853,709.1837433365447,547.5916861307638,67.79224657688516,-206.65867627517963,473.33626070268537,545.1229269954938,-59.022942315909845,373.2382300007434,397.4321285421982,-520.641398051121,-429.5356973503176,-154.84039004643392,-299.08341162845096,-311.6697481031976,398.8715096033243,299.9632488528912,671.7761199520102,208.7140448607584,-264.20992607797507,-572.920588586339,568.6730182351697,-378.26402782596574,-20.04246492307462,-60.88311285718832,-367.1398696557618,-501.4374748521211,-392.7982740574413,740.3114766517402,614.7386441192316,787.8032979106641,100.66647778668732,167.4260507249398,860.7866691859638,-330.77797128817906,789.4732032270994,-17.339182221258515,-280.2240390947675,-350.8670591701284,-443.29789976300975,-537.0688340804312,763.2724582596611,711.8670071657752,795.8293221127591,-397.4131367526578,-542.2259015451975,-706.4086108044023,684.0477597437929,726.052732278972,879.0578089716097,1040.8377496984522,546.2074750172522,861.0160720726088,626.4091912091853,739.4841786670987,-183.5792617499069,-569.8997698176341,-405.5550734581504,-606.9407316782865,506.51704900825246,284.9725896449146,466.26904136971945,619.8026973351351
-146.44962190142223,38.23207009996696,-87.03088435656382,-358.205623004615,-93.53364934419172,930.6032972549864,505.0803814609995,-283.26917974658824,-167.24145300259514,69.35991317849665,792.4259078429793,-640.64479675381,-220.71502735234048,-504.5956751722509,737.7037681943833,-275.6385677716549,-585.6278212131975,755.1907943878444,497.2924272295893,22.873364488921528,-233.3834469552838,417.2385728593672,491.03140182522833,-80.58061244668838,326.6088006867688,482.61868480819066,-541.0957620709117,-425.7722079503101,-166.92378128639567,-304.4354574992279,-326.3067134433956,355.749737769761,253.1663149348921,638.5689666551363,153.3091650382044,-271.0819579228608,-602.5673140829477,632.3129178927949,-401.2279487909717,-45.622122004679575,-79.16162742993005,-386.0368403331907,-514.137255224415,-326.8468719251453,683.8214101749637,571.9000759847494,782.3059677725408,52.78777625095233,107.82358076376832,835.5997039013931,-334.5648270170987,782.5879083745118,-63.409263837376365,-308.0036839437242,-350.3789752609758,-460.60238350652486,-509.453304170618,802.6461408836229,774.087170319181,765.3797649933759,-398.3241624796878,-556.3283957441524,-682.0390385469526,716.8373570784098,795.8123678694215,917.1054136334852,1034.5376542766692,602.2797082081919,852.7680771068882,583.861529752981,703.8898607005522,-199.0158632682302,-581.874597441505,-415.8530759102534,-622.8313146677075,454.6494577156492,234.7541489535344,413.9967775891135,566.5758346865399
-123.19288739569272,139.87384251303604,6.261836945770738,-277.20152059481234,4.69613928987892,928.7791928949346,520.4151706570715,-304.5833856200693,-197.6434579685308,-0.1570010551436022,823.4232390767363,-644.5296099323938,-262.2043249666248,-517.8517477858746,679.245967654649,-285.7729120055454,-593.3044932469116,793.6742527203103,445.1850825110498,-21.18422582566918,-256.35320610235067,361.5546868693194,435.9947650459216,-99.7910728184092,280.1411244771592,561.9500440250538,-562.718114356038,-422.035999543059,-178.4006573754917,-311.1335252947088,-339.0006390445758,312.54074181187184,206.20450549648544,602.6191288716341,98.62797921487432,-280.76606667576766,-632.8200441910229,687.5363213274471,-420.1003163461433,-68.32048059152574,-95.47114198407984,-407.0803867963451,-524.7656232737668,-253.3340715002332,625.6766054081116,526.6655167701637,771.2267705198079,6.368844989696049,49.63569933329182,806.5377146026315,-340.59961955146275,769.8325641680442,-107.60302240974444,-332.53252309972896,-351.3651917377568,-479.2549390417983,-474.64191364425807,833.3577780914172,828.5451619663946,731.2018805091642,-401.0521579437592,-572.5047690388659,-648.9759458583738,741.7333017331924,857.3994636368905,947.8920708006744,1022.1346794642128,651.5141460270174,837.6220471970607,539.6894712828447,665.0157349860328,-215.5270648552943,-595.0782893923335,-428.2931057476535,-635.4384749452181,401.1691804661316,185.9166545898532,362.516506572738,511.757596855678
-92.4463118708198,240.3272771151227,100.15994597831904,-190.4406919951641,103.4721966706154,919.264863071808,531.1838729506142,-325.5266245538354,-226.27799661024665,-67.15212343626725,845.3583098676742,-641.9391894924055,-300.4553577555092,-529.4389898780648,618.7044529909656,-294.52759303007724,-596.1599920422107,824.5284597346123,391.6631905513951,-64.17839274887422,-275.58657128384147,306.62452044861385,380.3376127641319,-116.7798990242156,234.1068360603286,634.4700818311604,-585.1105146531844,-418.8487513301369,-189.5751503561287,-319.40798199316123,-349.8955167828334,269.5450251308588,159.3781838148324,564.2618571977762,45.02774099190179,-293.4347176320418,-663.1272261654152,733.8336894432604,-435.066009438414,-88.27755568164942,-109.98119633863286,-430.24814541855335,-532.5217521712424,-173.13072608594325,566.2861763054417,479.6014553275496,755.1376136089646,-38.276843381079374,-6.745801574777171,774.0142567397891,-348.8787152501612,751.7662530237194,-149.5746030708548,-353.86736921550505,-354.1710014578464,-499.0465186429609,-432.7139033146189,855.4684092560858,874.8574992215748,693.7851320334937,-405.7093632248324,-590.4967197408943,-607.1887940907828,758.8044870079964,910.3172430144144,971.5103257695991,1004.2021242680978,693.579664190633,816.1292340338267,494.2617277884492,623.1520078638098,-232.6675176840716,-609.183630141474,-442.7734360556394,-643.8679982680176,346.5284046751219,138.74891267250263,312.153706785061,455.7715805996226
-53.98398460072672,338.0256293001402,193.16445964900373,-99.15162616723734,201.207694721545,902.7482973384384,537.6669638859508,-346.0873818675075,-253.404488868931,-131.16521888184022,858.4151468856737,-632.1055092611533,-335.3205036657083,-538.6373327684859,556.5517921614567,-302.3181678705585,-593.3757320545474,847.7800001868262,337.1127696726268,-105.89914231841767,-291.1648766469148,252.77682343445971,324.3998776749398,-131.7188280513146,188.78904322226083,699.4009898641152,-607.7783910443126,-416.712147652812,-200.75838969135023,-329.42637215927675,-359.15157508734063,227.03434646962927,112.96834929822649,523.7995868737562,-7.150903018630832,-309.1623948277947,-692.8507710902918,770.9057495419453,-446.3886844028975,-105.68703158609566,-122.8861921254797,-455.4252579362523,-536.5890608299778,-87.28424605355691,506.0572494804809,431.240781861454,734.613111226456,-80.848325290028,-60.95147675584317,738.417310850986,-359.2933480683547,728.946863832177,-188.9953733639765,-372.1212919884044,-359.0742050180017,-519.6843488651341,-383.9359445585101,869.1849946091019,912.825217149284,653.589247348678,-412.3141363295887,-609.9307577210246,-556.8694469653108,768.248430790861,954.265661715804,988.1505873915314,981.3151881672458,728.2936749290171,788.8553101060882,447.8983979257428,578.5628501695572,-249.924069619034,-623.7596443705391,-459.102849313708,-647.2498879155844,291.1452593455536,93.50699088698327,263.2331664412974,399.0461969381464
-7.755905976028551,431.4904048883126,283.8083594372711,-4.692759883115231,296.34883915089165,879.9436561620372,540.1563912309427,-366.2684481344059,-279.3299250405457,-191.7737959653092,862.9132517588465,-614.4196029466749,-366.7077055561968,-544.6997036203411,493.2634298050067,-309.57385344146644,-584.2009870138644,863.5703797488159,281.915485624896,-146.13010471457824,-303.2300556323069,200.32617015877912,268.53525145926136,-144.8244192759458,144.47707798400742,756.1543339650904,-630.1355370208817,-416.0939386744407,-212.26263082949035,-341.2827098268341,-366.9431615113,185.25493488500663,67.24157765444538,481.5079663438271,-57.58361017559144,-327.9165167949801,-721.274746795693,798.6550432946362,-454.4034662175924,-120.78957575043586,-134.4011489941076,-482.4005436094795,-536.1600934010152,3.007789472714632,445.3970513080374,382.0803552892926,710.2141554675544,-121.06016280301549,-112.64054225750267,700.1112912856065,-371.6262203839421,701.9152785415087,-225.56439270407265,-387.4623021140384,-366.273277753791,-540.7902008208262,-328.761623687429,874.8383625701131,942.4237027870724,611.0441718167003,-420.78441927264646,-630.3182151437998,-498.436265056715,770.371621326118,989.133744046931,998.0790487040327,954.0369406806612,755.6111973769672,756.3649993617819,400.8787471454992,531.494187588387,-266.72425842317966,-638.2751051148452,-476.9978066733677,-644.7675631243499,235.41058924709776,50.40854595366626,216.0748997752238,342.0144455038027
46.09813135680739,519.3725982236327,370.698848367946,91.48633878172652,387.4188195499841,851.566140364367,538.9544071564568,-386.0791563720108,-304.3999416925874,-248.59856815089057,859.2822437029862,-588.4593206966317,-394.5858290151479,-546.875847784524,429.31998039388816,-316.7261683064542,-567.9818934089423,872.1365477895665,226.45088431785237,-184.6518716585049,-311.98161701161047,149.56945204893194,213.1079328293263,-156.3557830978124,101.45995977562345,804.3346833651692,-651.5129558741709,-417.41383179491726,-224.39445385907476,-354.9876017500727,-373.4568429279435,144.430341867649,22.45409764302743,437.6430710434933,-105.96325729811488,-349.55073015103926,-747.6171065715907,817.1708501115432,-459.5074948053158,-133.86501613881927,-144.7570027847768,-510.8641827549989,-530.4632519241759,96.43006160884538,384.7136461776696,332.5795672228206,682.474713759575,-158.64666740950088,-161.50747879263292,659.441022116754,-385.5501793401585,671.1832972685313,-259.019186436631,-400.1104933243602,-375.8773101716756,-561.9003856702304,-267.82389219762007,872.8593108458012,963.7872200636696,566.5522278312927,-430.9331527509601,-651.0590854730291,-432.5294344875069,765.5681134698838,1014.9860200484676,1001.6155125156312,922.9077293139044,775.6103576810744,719.2102670092299,353.44998850361463,482.18312602094176,-282.4470885848926,-652.1060357308247,-496.0816135975557,-635.6876527051706,179.69517752728044,9.627714536078267,170.98814074659057,285.11217569457455
107.24073611725726,600.4873963908898,452.55552274781866,187.8870897407448,473.057465056601,818.3107088481449,534.3718765206035,-405.52556460730045,-328.987486403508,-301.30986999715174,848.035636305839,-554.0114476047027,-418.9885456301906,-544.4381913594468,365.2079271718364,-324.1975081442752,-544.1890653278074,873.7906412707406,171.09744083046263,-221.24701914917384,-317.6728173678842,100.78204625285198,158.48791238589217,-166.61131061356207,60.01896907518817,843.7360937342911,-671.1715624631634,-421.02956029678825,-237.44696546757643,-370.4596839336671,-378.8897905638784,104.76377885766018,-21.145275776803963,392.4491232502453,-152.00207640682504,-373.8009490364397,-771.0445514537332,826.7088045250149,-462.1487609445847,-145.22374558535694,-154.19562201161156,-540.4072185794382,-518.7904982664022,191.5865836412288,324.41524611589966,283.15966750943693,651.8920332061598,-193.36714553028537,-207.28853249182183,616.7370009187528,-400.6292597670197,637.2254361303404,-289.14624082212333,-410.3337475148836,-387.8980169578534,-582.4679943059466,-201.9204807835185,863.7542239214802,977.189305518998,520.4919109541241,-442.4659621414601,-671.4500841590246,-359.99725121219336,754.297567686933,1032.0441824169754,999.1124734504048,888.4379789983197,788.4754657295143,677.9222128508404,305.8363239594231,430.86834154241154,-296.43607295722376,-664.5474267642298,-515.885969157824,-619.3893899687283,124.3567012208394,-28.709030293785197,128.26378166645807,228.7748535897972
175.1359947534781,673.8409642497475,528.242876500065,283.0054569810006,552.0550401227246,780.8352637881495,526.725960875886,-424.5991169140023,-353.47933489331217,-349.63465690620245,829.7451433998414,-511.08703603813535,-440.01639849922674,-536.7089853541254,301.4184698932796,-332.38987488998265,-512.4427232690065,868.9002459861143,116.2322778891254,-255.70655654044188,-320.6061003267214,54.21383336999458,105.04506900641482,-175.92431879513703,20.41976418204265,874.3320546044507,-688.318593860304,-427.22352103719135,-251.6909948401129,-387.5188798315728,-383.4484510846566,66.43984969140763,-63.31354243022379,346.16607450082216,-195.4349241602968,-400.28446032051335,-790.6905150486317,827.6666790722534,-462.8137100933095,-155.19773879260975,-162.96473172536636,-570.5232212550775,-500.525021754726,287.0407294821884,264.9081111534001,234.20365828252045,618.9202394648311,-225.01191164398807,-249.76771838719424,572.3212514768411,-416.3224437439358,600.4744956779119,-315.7906338692433,-418.442175276872,-402.2440572853234,-601.867880396412,-131.99265706466554,848.0814228814567,983.02030444321,473.222707713321,-454.9814541578528,-690.6971728435432,-281.87365504370354,737.0638537373807,1040.6652036816265,990.9366060905392,851.1041493373259,794.4787892939194,633.0065851629331,258.24758934768977,377.80076636040855,-308.01443979350444,-674.8292017061052,-535.8552799645898,-595.3924710645153,69.74578298066794,-64.52570944876354,88.1657304199494,173.4329551930208
249.05595177928225,738.6484474793073,596.795935430499,375.3750435029422,623.3790060997289,739.7486325218811,516.3371313125806,-443.26444699700255,-378.2609020438456,-393.36363749297766,805.0167514852966,-459.92904087990536,-457.8367946380995,-523.0878297963529,238.4443943258052,-341.67391012815256,-472.534250912598,857.8703049710263,62.2295032050242,-287.8374623190972,-321.1278472810378,10.08523002418329,53.14239667864563,-184.6575174270587,-17.095508202156395,896.2597950471239,-702.1274218261483,-436.1904052480844,-267.3653488730212,-405.8819864716713,-387.3474285269288,29.625640903846897,-103.8133483276082,299.03648097624506,-236.02351559469133,-428.50235183775226,-805.6761281173115,820.557857014053,-462.01409779523146,-164.1315621083658,-171.31293446029238,-600.6124627054031,-475.1677843469121,381.3563524955006,206.59313817120776,186.05660242377152,583.967147766667,-253.40875336396408,-288.7819601904162,526.5130904794881,-431.990516586446,561.3205984192463,-338.86424773308977,-424.7815049295252,-418.7178586273084,-619.4048150920255,-59.09809159264261,826.4292596603312,981.7633311803504,425.0903166982029,-467.97446163992026,-707.9325955162518,-199.34790033367287,714.3952143718245,1041.3171959111155,977.4535465731112,811.3474693814645,793.9620534743858,584.9426225023432,210.88694974880696,323.2539344797797,-316.5023099702604,-682.1362488658276,-555.3540668407466,-563.3821310185176,16.210607089814932,-97.79809261851663,50.92174170125488,119.5061942753171
328.09465646313896,794.342893824396,657.4382496111274,463.60790698239816,686.1930071657702,695.6033865260124,503.525527001949,-461.4470753835997,-403.69994210741584,-432.3580347757967,774.4695841780876,-401.01166938934,-472.6817779629199,-503.0785506403769,176.7749708772501,-352.37831709794057,-424.4431372860875,841.1275667046325,9.457208245888998,-317.47090229707527,-319.6224734192007,-31.41660959528412,3.128705979714168,-193.1962120922192,-52.31566545140232,909.8000648770084,-711.760305541879,-448.0262629553483,-284.66628296111134,-425.1610625155136,-390.8084250281671,-5.528822638138972,-142.41424915953112,251.3112067406553,-273.5613773247343,-457.8454441212612,-815.1338667006879,805.9839801785032,-460.273549495161,-172.3737227642631,-179.48500473368128,-629.9889230329447,-442.36181259309046,473.1380758917173,149.8612942933279,139.0262251680296,547.3939604551882,-278.42948560006715,-324.22505799283783,479.6341974807369,-446.90637981831,520.1132380189308,-358.3520714503829,-429.72564473365446,-437.0150912281693,-634.3251232813616,15.62104424456153,799.3967339217813,973.9698863465296,376.4316915780744,-480.8425450295432,-722.2362513326018,-113.72779250833683,686.8268124752547,1034.5542664540235,959.0165565487658,769.5749644414042,787.3185542100384,534.1847485317919,163.95720775102473,267.53340791319147,-321.2355388537599,-685.6321052790498,-573.6776932990402,-523.2301426734812,-35.900307242121606,-128.5532253987428,16.714324811340436,67.39686516662681
411.1895228463353,840.5753433565526,709.5919184562946,546.4314456113979,739.8677834909528,648.8932632731744,488.606746237837,-479.02179261733767,-430.12984403018334,-466.5554486059494,738.7183324464802,-335.0312503577973,-484.8435550424064,-476.31430684552186,116.8890244178807,-364.7797074786132,-368.3483454763816,819.1081784933681,-41.7267396838092,-344.4706791546573,-316.5059061739107,-70.14128358715705,-44.66885064367352,-201.94018547650964,-85.06710022088522,915.3536590483632,-716.3934770446415,-462.7194405822685,-303.736446012314,-444.8650313830025,-394.0590233375753,-38.890715235910896,-178.89531591989729,203.2536132267354,-307.87921097545615,-487.60381656753583,-818.233413572039,784.6081390245754,-458.1142186242536,-180.2686454757416,-187.71760544443444,-657.8903927559859,-401.9131105221806,561.0689140250023,95.08809222175886,93.3837153661512,509.5174114692688,-299.9962045422664,-356.0502604853449,432.0124763343572,-460.2691014950484,477.1657694522723,-374.3161945571174,-433.6686271866544,-456.726902763459,-645.8319539717287,90.973319218272,767.5771709871256,960.2362593213688,327.57939537226866,-492.8959975782557,-732.660990359809,-26.398347144295208,654.8862807250196,1020.9915366834816,935.9593458983104,726.1622243567466,774.9766089186195,481.1665006868151,117.66540991999116,210.98477969395196,-321.5857969809728,-684.4856496803931,-590.0665095030487,-475.0104735375352,-86.23744192166548,-156.86720325629767,-14.32766549497972,17.48263384566687
497.1493099535079,877.2068282704929,752.8797519868057,622.7199377467401,783.9841404214887,600.0547084494494,471.8872273728904,-495.8025184877084,-457.8332833418093,-495.9743004320352,698.3597486041418,-262.8888598864724,-494.6678604700181,-442.5797525811875,59.24644615417426,-379.0928930355121,-304.6332848970011,792.2487184555413,-90.97990160584988,-368.7414351375412,-312.21849374633933,-105.97820015760207,-89.95209661527292,-211.29424801569672,-115.21921568812397,913.4160236359318,-715.2438198378372,-480.1438117632191,-324.6536639126021,-464.4048267790612,-397.3310523050202,-70.34507642709734,-213.048906633574,155.1420217106134,-338.8503093748781,-516.9799195683975,-814.2090726566723,757.1297903271593,-456.04386083774494,-188.1494851642617,-196.23553082093676,-683.4918529078612,-353.80712353540054,643.9435836384316,42.62733343378879,49.36465798437956,470.61383683895446,-318.0868490017978,-384.2713240177831,383.9843218088851,-471.22184167571606,432.7616964227273,-386.8972066919709,-437.0161067434751,-477.3449924846325,-653.1041527714717,165.75496808409082,731.5452699860544,941.1816967940476,278.8648495291024,-503.3715050966629,-738.2611814289157,61.222002635346726,619.0826692202412,1001.2813600745492,908.5930233771428,681.4573363352007,757.38489120492,426.3059770999471,72.22556339244592,153.99983649358512,-316.9813418996056,-677.8999518496558,-603.7233470825392,-419.0084589979529,-134.45184179599525,-182.86129659839668,-42.136190529300734,-29.89085936629325
584.6876072377963,904.2934148675608,787.1200578482642,691.5196077475136,818.32848329179,549.4718459974856,453.65944218256703,-511.5343871895951,-487.0269879943248,-520.7163858909022,653.9634187539078,-185.6653727816236,-502.5453483797557,-401.8290827660895,4.278531017199622,-395.4616659598651,-233.8837619535274,760.980651071399,-137.9811976343826,-390.2361248217037,-307.21740012158983,-138.8590980171868,-132.4586930993478,-221.65751662024576,-142.68844521053936,904.5512737239136,-707.5962876551655,-500.05468291577495,-347.42002428865635,-483.1023010517819,-400.8582649730805,-99.79592645498968,-244.68535130895967,107.27035442440712,-366.3956416291635,-545.10515885203,-802.3878804910115,724.2623596246683,-454.5435601585284,-196.33189273509583,-205.24852105812624,-705.922210980782,-298.21979191563,720.6961654858793,-7.195634254305744,7.170053222397215,430.924605006645,-332.73969464865564,-408.96205575597605,335.895046463896,-478.8735944064276,387.162079564329,-396.3128485351181,-440.1765308242022,-498.2695789682997,-655.3185030649463,238.7867282177501,691.847620833067,917.4291354020736,230.62016815273336,-511.4494816402624,-738.1236796604811,147.72542955387004,579.8989565742779,976.0916122808816,877.2068604135826,635.7854163940099,735.0000218224759,370.0120440158735,27.859402077491826,97.02055443707646,-306.92782021204533,-665.1422494880964,-613.8341296097524,-355.72257419747484,-180.1988665922537,-206.69664897434927,-66.70946109812023,-74.41721669898725
672.4603507363341,922.0656936099087,812.314871519738,752.0664267544063,842.8817447458309,497.48402456718577,434.1971765393717,-525.8887382639693,-517.8483115575879,-540.9671412756664,606.0667536178468,-104.58999801291316,-508.9012747934135,-354.1988602032858,-47.62239052809655,-413.9501729409874,-156.87854886464555,725.7279137931903,-182.43725962560265,-408.9622944601006,-301.96854449685844,-168.75994375900854,-171.9682936956607,-233.41156245316,-167.44072755798717,889.3668731333698,-692.8311170055143,-522.0876995149354,-371.951807205472,-500.20299130987473,-404.87307890659486,-127.16774021631808,-273.63823502013395,59.9469592505568,-390.4882239861108,-571.059730740999,-782.2173755501873,686.7142278002018,-454.0562627761517,-205.10875613393225,-214.9486200208044,-724.2843449736148,-235.52239409042363,790.4211515736833,-54.09088149405304,-33.0325998356217,390.6623334851775,-344.05644193386973,-430.2544460189337,288.0973681004313,-482.3244523638962,340.6133970734251,-402.8538969113464,-443.55204812969447,-518.8202908851108,-651.6748910874944,308.9488132942056,648.9966002358387,889.5890859864521,183.17837822054597,-516.2749446537796,-731.4001269876483,231.7568154772823,537.788065744649,946.0867377384542,842.07230936759,589.453217680888,708.2766225888981,312.6905589333567,-15.20473446625175,40.540691832884086,-291.0283436088858,-645.5738911520399,-619.5911871916294,-285.85820703937213,-223.1439526258754,-228.5678623007124,-88.1152801473787,-115.83596729477402
759.1056329268554,930.904270817446,828.6327078661265,803.7962313382797,857.8027758617143,444.3949939144404,413.7512045943956,-538.4615986638066,-550.3441849008334,-556.993342505406,555.17388480795,-21.003671938744525,-514.1837903301812,-300.0146676185328,-96.11350498658102,-434.53507483556257,-74.57254113736518,686.9071173657655,-224.08888879802865,-424.9867486390272,-296.93813791401186,-195.70213986542103,-208.3077960953895,-246.9076581231904,-189.49242133989983,868.490083274567,-670.4498141616486,-545.7610098946764,-398.0708622879436,-514.8926959219981,-409.6021765024296,-152.4071744699534,-299.7699223613711,13.491700202820295,-411.15642468803424,-593.8953795375949,-753.2918374400714,645.1735305836498,-454.97620261013424,-214.74585118897423,-225.5079651526072,-737.6782563917554,-166.2795949049282,852.387328846563,-97.81080618909722,-71.10815772660702,350.01734790337747,-352.2036083837901,-448.3355788699639,240.9479969872013,-480.6938443070065,293.3552360404214,-406.877401090769,-447.5291698565061,-538.2499791183336,-641.423732524711,375.2123708865449,603.4673938154618,858.2470273706159,136.87193604030702,-516.9816131158141,-717.3393629696138,312.05199580306555,493.17211856637965,911.9120333343628,803.4495271414754,542.7533642395191,677.6598883742257,254.74992732577053,-56.73473477276016,-14.895169397617892,-269.00201391549194,-618.6789988449495,-620.2186862814361,-210.3132355266397,-262.9700751842572,-248.6958399018424,-106.49207015674855,-153.938402008709
843.2839253346974,931.3128437983352,836.3870981516385,846.347137707993,863.4074408408438,390.482743265569,392.5456663112727,-548.7761233575502,-584.4628425179492,-569.1380906756651,501.7579332933528,63.68109230623346,-518.8511956857236,-239.7908513224457,-140.91171118146912,-457.0987794410529,11.927140562870878,644.9296830678236,-262.7173066392521,-438.4382521459519,-292.5838634602794,-219.7529914386068,-241.3555520325888,-262.45344193323143,-208.9097405430579,842.5470964081485,-640.098847602925,-570.480864398369,-425.4980549564469,-526.3176570279342,-415.2608332667469,-175.48492461456468,-322.976949690179,-31.76854434576989,-428.48591121199246,-612.6606417752537,-715.3757150187191,600.2969326068506,-457.6392464034466,-225.47826340396844,-237.0768198823932,-745.2269516926423,-91.2403822407918,906.0443732784,-138.15669389067648,-106.95261529644338,309.16390143112403,-357.4120009129102,-463.4435583838433,194.802487735968,-473.1509375245841,245.6272692984033,-408.7975060840176,-452.4691713715517,-555.7614022725161,-623.8947785281908,436.6659980813551,555.6977584607304,823.9544303702654,92.0295572063066,-512.7187170232744,-695.3186160847084,387.4705312246885,446.4444826251028,874.1814397828572,761.5955266743582,495.9678460871431,643.5805967667619,196.60541171876343,-96.49899506145914,-68.69519476105957,-240.7000376392484,-584.0905665455106,-614.999412848637,-130.1556685961685,-299.3864961652139,-267.320277512373,-122.0475036009078,-188.5722922140665
923.7168174697678,923.8903669637866,836.0122812466587,879.5546200780278,860.1447470872814,336.0090887816568,370.77543224130267,-556.2893199360518,-620.0485077237929,-577.8130829448158,446.2659388400775,148.02216957118776,-523.3585257799439,-174.22292222276374,-181.80292426582005,-481.4241220847541,101.39133461436715,600.2051510386873,-298.1499037265142,-449.50800264684295,-289.3457452562717,-241.0253858551247,-271.0444485137393,-280.2993933977643,-225.80686453720415,812.145541544258,-601.5899596306035,-595.550741626911,-453.8493886712623,-533.6079760849449,-422.0459287334788,-196.39756775136095,-343.1949212331708,-75.50578453785612,-442.62002900123497,-626.4280364848024,-668.4229427417678,552.7022893895381,-462.314152881187,-237.5073863263105,-249.7815997245141,-746.1044635746996,-11.321890927679988,951.0224282261016,-174.98462577957386,-140.49180438288772,268.26575929064666,-359.9741256335988,-475.86269685977976,150.0086280588058,-458.946156987278,197.6750661567126,-409.0741911191915,-458.6982251129936,-570.526667116147,-598.526206021236,492.5362039733635,506.0900422822489,787.2233030290658,48.9714812217482,-502.679803861999,-664.8720974746143,457.021798399085,397.9740196497935,833.4689058884163,716.7730165723904,449.3705077661583,606.4523570370856,138.6817381270155,-134.2718088584111,-120.22645598497536,-206.1185768143768,-541.6127215570423,-603.3019851716053,-46.59408900278055,-332.1383026178062,-284.69217790577574,-135.05478787751264,-219.64529001508188
999.2224893512848,909.3036640328704,828.037438879618,903.4399804835394,848.5713590863543,281.22822345039947,348.60468719894766,-560.4032173779373,-656.8390048763479,-583.4883056398841,389.1256129092549,230.58983228093592,-528.1438251873917,-104.17254432645905,-218.6499846894521,-507.1909321934944,192.50413754222345,553.144875065425,-330.2652146806915,-458.4477137881668,-287.6367599270291,-259.67663803399864,-297.36381335710587,-300.62557434756604,-240.34291513802955,777.8608032111543,-554.9160407581336,-620.1840026256773,-482.6353565747832,-535.9037144588762,-430.12769400704417,-215.16923408265592,-360.40258064055575,-117.39798777920068,-453.7584894274741,-634.3225542067831,-612.5909104635534,502.9648950903834,-469.194735203079,-250.99826458462576,-263.7226194410717,-739.5652026578082,72.41353588465569,987.1252924275324,-208.21042467411016,-171.68000602675073,227.4808542363328,-360.2394904807994,-485.9181846719076,106.89872112264187,-437.4425699857808,149.7543848404792,-408.2003124105297,-466.4972945354842,-581.7092044915365,-564.8927081021792,542.2010912966349,455.0149235790296,748.5239427425565,8.00338965831899,-486.1326272697012,-625.7156373059464,519.8836403960983,348.1108435648752,790.3031996637825,669.2589939706373,403.22836220274,566.6708022898924,81.41368598878672,-169.83948467945748,-168.82357138716495,-165.4075348442415,-491.2379392663566,-584.6074305136041,39.05789761830193,-361.01619336556473,-301.06672432723497,-145.8467699391875,-247.1268803061585
1068.746368732167,888.2616358551419,813.0608071019614,918.1932362834052,829.3257884948243,226.3936254864919,326.16689241330266,-560.480452243507,-694.4660957857849,-586.6794048967907,330.75300979271094,310.0070871957593,-533.6144599212761,-30.64545118262254,-251.39872024564187,-533.9749520674548,283.90180401009417,504.16536654761904,-358.9968784489091,-465.5652614190473,-287.83326278374204,-275.9064517051474,-320.360125092376,-323.5291310390296,-252.71800281027635,740.2263387540812,-500.2616036569052,-643.5199797339371,-511.26398796840994,-532.3829587052359,-439.640359413057,-231.8529447973146,-374.6247888498372,-157.13703633913462,-462.1543307766887,-635.5506876441387,-548.2480114272676,451.6168419837278,-478.3929373569602,-266.0770302208662,-278.9713092680327,-724.9736172881845,158.78732810518247,1014.3181292650715,-237.8133368504513,-200.49849260292444,186.96482305795865,-358.60786290476744,-493.9704091049576,65.7811772525208,-408.14573888334303,102.13369495143144,-406.687371569155,-476.0918898870437,-588.48792831288,-522.7311602088635,585.1969582582658,402.81631529180993,708.2854145517011,-30.590717474480076,-462.4490179001751,-577.766092318445,575.4132755897452,297.19284430746313,745.1658723956733,619.3522265604157,357.8016607945017,524.6143553585389,25.244496299407384,-203.00678646209397,-213.79964935178893,-118.8745762897738,-433.1581285220863,-558.5339500332087,125.42159635723678,-385.8659523468321,-316.6967897079448,-154.80811536349688,-271.04883053568284
1131.38575841257,861.4919752813196,791.7248700994987,924.1516691225454,803.1034302614735,171.76293816231404,303.56620158205584,-555.8640395213387,-732.4582590783684,-587.9330825738336,271.5602031929675,384.9867622162346,-540.133782180673,45.23694265541171,-280.081782517076,-561.249560991806,374.21348804572045,453.6906555687119,-384.3363833935416,-471.2179586761049,-290.2653276239956,-289.95395401610494,-340.13652442851657,-349.0130742267166,-263.1685313352614,699.7279349307651,-438.0070612813507,-664.6433104765797,-539.0479362358433,-522.2909731231964,-450.6719825326941,-246.5314642134026,-385.93421875496,-194.437257223047,-468.10919507168535,-629.4291331879583,-475.97394679766575,399.1488962868955,-489.9328776792662,-282.8281828175641,-295.56671341979103,-701.8329558995533,246.53862733658255,1032.710820315954,-263.83817524901,-226.9540366215653,146.87333121931428,-355.52064859604627,-500.4090235747425,26.9318650693777,-370.7305711983648,55.094779771276734,-405.0504416671627,-487.6418778624895,-590.0830650685888,-471.9623741452321,621.2179634003961,349.8169014584376,666.8981561832716,-66.55631451698336,-431.1334828723589,-521.1544118057652,623.1505994646456,245.5522329010362,698.4919451228309,567.37889242305,313.34274482913065,480.64615395810966,-29.377918564224583,-233.60329247022872,-254.4592966274485,-66.9838296401671,-367.7687039856835,-524.8586346124575,211.0956289833764,-406.5970548783564,-331.8272886698938,-162.3658796540979,-291.5041540793725
1186.4076235535945,829.7210458629363,764.6936614254255,921.7754032420394,770.633435875106,117.60065699279995,280.88031914445963,-545.9008733287872,-770.2456627238414,-587.8109327241082,211.96210375907245,454.36398484388855,-548.0084306456413,122.27106234729628,-304.81997296487856,-588.3907042696777,462.10193899192177,402.1531874133078,-406.3344466199163,-475.8036302964112,-295.20713262142897,-302.0937839250343,-356.8511363279084,-376.9768561115927,-271.9619247394503,656.8016268398223,-368.72625796864014,-682.6062289363243,-565.2158085968518,-504.96943322250735,-463.25385571682096,-259.3175363225753,-394.4516712607197,-229.0441736233128,-471.9670354894388,-615.412180505186,-396.5523025508331,346.01422558771554,-503.7459699004649,-301.2914941107788,-313.51118494235266,-669.8117913415969,334.3617650657723,1042.538217190134,-286.39570275698367,-251.0774353041124,107.36317622495564,-351.45064460856395,-505.6468015360967,-9.414315899133513,-325.06370707517203,8.93137112479954,-403.7926779436431,-501.2316332633582,-585.782964618909,-412.7074895868078,650.1094128481662,296.32381571686096,624.7180420508109,-99.6763931286189,-391.8491762626028,-456.23147562734266,662.8144049973315,193.5214120429772,650.6727873432211,513.6958318874439,270.0937870299782,435.11670561760405,-82.00683843807033,-261.4892958280815,-290.1134061338629,-10.34892307207544,-295.66503736924534,-483.5348988857725,294.6987487623775,-423.1898834172896,-346.69050102144735,-168.97882634834065,-308.64466154691905
1233.2591657794192,793.657324633976,732.6329760049186,911.6214108537891,732.6581955538988,64.17866088211314,258.16470831876524,-529.9682684934872,-807.1671951490187,-586.8721819814817,152.38164967865998,517.1229717435742,-557.4765166979678,199.2083081238281,-325.8208848601341,-614.6853369228835,546.3022646751033,349.99295181251443,-425.100934328416,-479.74974615542175,-302.8675650336638,-312.6312533857649,-370.7142213695551,-407.2092454798014,-279.3909116408219,611.834826584366,-293.1770120938556,-696.4534273539407,-588.9277692666043,-479.8846418169645,-477.350004160804,-270.35340846373145,-400.34501596718064,-260.7431046254367,-474.10643423587993,-593.1167095375471,-310.9553143537862,292.63329109947307,-519.6672979070722,-321.4583831597642,-332.7653122055789,-628.7668959218722,420.9456002336448,1044.1385929687076,-305.6611122918269,-272.92209847895447,68.59222833992916,-346.89048283651294,-510.11325232390783,-43.07118857061767,-271.220086476269,-36.05412742633924,-403.3898227928191,-516.8609075728479,-574.9710265199675,-345.29770851672987,671.8555850108894,242.63402602917432,582.0712193980373,-129.77931250795584,-344.4398475319236,-383.5661072940736,694.2923777242626,141.43756829093127,602.060597922555,458.6910888667329,228.28360037350905,388.3668564140872,-132.20441946288608,-286.56092314430333,-320.0954022029831,50.27974543935017,-217.6310270095984,-434.7044874523296,374.911003272704,-435.7010826305007,-361.50241143645405,-175.12585891034726,-322.67721794439086
1271.57123942405,753.9785657528984,696.1940487845136,894.317286374924,689.9159602677494,11.774780279862291,235.45798859455437,-507.5026138423744,-842.4795664719143,-585.6558307676767,93.25273950062925,572.417364746626,-568.69692424371,274.7940409018227,-343.37480762667184,-639.343569668895,625.6569973311472,297.65473103035384,-440.8032906802278,-483.500943863793,-313.38126296861,-321.8966468361036,-381.9841841684076,-439.3839653258252,-285.7674778738834,565.1700841442654,-212.28478148645897,-705.2489972050602,-609.2952628329949,-446.6535776510988,-492.8473788280881,-279.8095844105025,-403.8268497055931,-289.36723468160466,-474.93176693922686,-562.3436483860814,-220.32116868691293,239.3992344003463,-537.4334877868062,-343.2677101073172,-353.2422373881697,-578.7610649674663,505.0128785966879,1037.931559053462,-321.87055670716705,-292.5627323212192,30.718321593178167,-342.34011638075566,-514.2479367214017,-73.90795708908765,-209.4925343779675,-79.55567150349019,-404.2750884861757,-534.4368573740871,-557.1517196784228,-270.27635881845026,686.5632758262028,189.03904554139424,539.2590578254275,-156.74601130851585,-288.9464263552535,-303.93500979856327,717.6259787571342,89.64550863901604,552.973878348424,402.78165924959313,188.12374290792135,340.7306949872521,-179.55083429388432,-308.75422098094714,-343.77859065788454,114.03330636398256,-134.6199315417512,-378.7030857743116,450.5113260079506,-444.2666617669338,-376.4600237321112,-181.29392424517525,-333.8588533349202
1301.155048039868,711.3226241570745,656.0009977044994,870.5360039630295,643.12689118759,-39.330301655564206,212.78830978462165,-478.02897455169295,-875.3686172453777,-584.6627129843705,35.02044730099673,619.5836850869282,-581.739943299367,347.8065308883152,-357.8479595104989,-661.5145539193143,699.1459349275791,245.5835342306829,-453.6635009660942,-487.5053179390222,-326.8003589616179,-330.238769053493,-390.962475894812,-473.0585006856994,-291.41658058131526,517.1108307605375,-127.11992786733096,-708.1048480351399,-625.4045113444151,-405.0666135139931,-509.5474109870435,-287.8827913568384,-405.15103395414366,-314.80478927413776,-474.8634922263333,-523.0947309435728,-125.92462004749534,186.68313369573184,-556.6823808628758,-366.6010680497744,-374.8016436227823,-520.0745904227632,585.3577479483699,1024.3966028608754,-335.31578447309,-310.0941280279141,-6.102748566453825,-338.2937167168776,-518.4933996793528,-101.85440652037067,-140.3934872702251,-121.27010385913204,-406.8247709605433,-553.767719511615,-531.9745572636325,-188.39267055372508,694.4424128025987,135.82864463631776,496.56262588302496,-180.51615402818595,-225.61705718192636,-218.3047581059945,732.9915018760852,38.498418479010354,503.7033070240804,346.4085971389592,149.80418391933205,292.53806847658194,-223.65441203646597,-328.0480423439,-360.5942322186878,179.94776247226116,-47.72805604539553,-316.05883909848893,520.4098930493305,-449.1025563333992,-391.7395237743993,-187.96571850035485,-342.49089464825283
1321.9928679274178,666.2816948992128,612.642074485375,840.9726906496588,592.9825963959084,-88.85746540505903,190.1804518166212,-441.1902757180932,-904.963044278638,-584.3379998656743,-21.86174077698362,658.1478200649858,-596.5794669845427,417.0939918853354,-369.6732222702007,-680.3059686012625,765.9095613563964,194.21844581247743,-463.9536635073793,-492.1998798218689,-343.08723119236686,-338.0178857983966,-397.9874368383781,-507.6764079411018,-296.669702752364,467.9284338542056,-38.86940384128106,-704.2098814936262,-636.3432443368914,-355.10576576022635,-527.1596182001988,-294.7931847971038,-404.6083082714353,-337.00498618850247,-474.3278685908476,-475.583447321551,-29.14209960773893,134.83857228310205,-576.9548540589211,-391.2777994492883,-397.2437884786727,-453.20929488079855,660.8796703935172,1004.0532324057745,-346.33703381803684,-325.6300396307612,-41.71993029215071,-335.22635050843394,-523.2876325881866,-126.90435845458278,-64.64834612449565,-160.90482854974323,-411.3449186256175,-574.5586358355189,-499.2548310608846,-100.58713484524608,695.7851454278126,83.29329728651123,454.24622072628273,-201.0928255048465,-154.90966239909673,-127.8063904592228,740.678671275501,-11.643607344663373,454.5174767933559,290.0298324760788,113.4888203275247,244.11645244404627,-264.1622545154774,-344.46564598596933,-370.0499252669805,246.99152604272751,41.83767448043547,-247.48343429032,583.6739291892318,-450.5024882130492,-407.4950869610624,-195.60748572573516,-348.9123003488976
1334.2237653583786,619.3995794490404,566.664531618321,806.32422727956,540.1390183289554,-136.5345237004911,167.6633741626829,-396.77454882593,-930.350755793042,-585.0546710284474,-76.93770903563544,687.8247891774126,-613.0870049761653,481.6079596207729,-379.3386401532144,-694.8067833646147,825.2652442385773,143.98524544704594,-471.99027793853503,-497.9956031257791,-362.1085970225888,-345.5982209159778,-403.42713208269,-542.5733616856802,-301.8583113547707,417.8699176850527,51.1960082888734,-692.8590697146612,-641.2299339865064,-296.9574046862282,-545.2979304476813,-300.7808472408803,-402.5211785902167,-355.98247723052737,-473.7464016677416,-420.2392163841206,68.58718316984047,84.20504956858144,-597.6991481680994,-417.0501090464195,-420.3040446212245,-378.8843514207944,730.6122044064988,977.4435058558254,-355.3144185996426,-339.30211591722286,-75.99010726192542,-333.5807961957802,-529.0559840812954,-149.11719638036345,16.819638438479565,-198.18620168237268,-418.05935465941593,-596.4101143253326,-458.989922758947,-7.968845165517154,690.9447796130122,31.7251618942906,412.5596204005677,-218.54545214990372,-77.48648181980496,-33.70354646271295,741.0681327695804,-60.41722362616122,405.6680404125126,234.11120580661404,79.31114232217342,195.79198431007373,-300.7707706235888,-358.07499398056194,-371.7478432260195,314.09599726059383,132.79680973927586,-173.8558073079549,639.5460686054663,-448.833105751653,-423.8580602402352,-204.65715400107072,-353.49238811649894
1338.1254049858164,571.1714885433946,518.572714317039,767.2722475413135,485.2123818122392,-182.10218683496612,145.27792314162463,-344.7386516230151,-950.5979988973456,-587.0984670659876,-129.75732096407486,708.512342227766,-631.0277964657255,540.43151765468,-387.3740116827268,-704.1127807081447,876.7158354530534,95.28825145968624,-478.1273751703412,-505.2624666862458,-383.63129558195766,-353.3401758694856,-407.6712391987091,-576.987066395049,-307.307261859999,367.1657672857701,141.757530371975,-673.4814605701616,-639.2446355981375,-231.0184766182924,-563.4803378654638,-306.1016578418516,-399.2382507852875,-371.8200463112561,-473.5253045144096,-357.7040346939814,165.80241645457392,35.10987418048131,-618.2780404212998,-443.5987730595104,-443.6484713413056,-298.0235244141063,793.7454612630594,945.117496710508,-362.6580979676353,-351.2588425041395,-108.7815469146654,-333.7548432540596,-536.2024570239114,-168.61738400679718,102.91258586776156,-232.86815757659372,-427.0993317744083,-618.8195634998898,-411.3701018499078,88.21426142796635,680.3157970939974,-18.582521643361744,371.7388894610768,-233.01071574001884,5.799517223584039,62.64452578000677,734.6090906741956,-107.46146755385196,357.3939112365588,179.11631504813693,47.37034206706261,147.8895333687185,-333.235572043815,-368.9877960211067,-365.4023204292664,380.1877976941605,223.83536213473357,-96.19896960621082,687.4548418820932,-444.5265295701005,-440.9362031909809,-215.51300862399492,-356.6231459529816
1334.093099181276,522.0458338517916,468.8288379028301,724.4698567273477,428.77780464708167,-225.32029560246457,123.08439606813242,-285.22689930495125,-964.7712695872424,-590.6548262959741,-179.8874296928104,720.2792014547141,-650.0593327819256,592.8012091597457,-394.33594795924745,-707.3541344074972,919.9507246306804,48.50189253135589,-482.74862260094704,-514.3148970360683,-407.320100773244,-361.592423270975,-411.1220554818472,-610.0710452741573,-313.328168291375,316.03732212095264,231.48574934173703,-645.6660224699209,-629.6603819504782,-157.89547743675072,-581.1323500487116,-311.022618780161,-395.1281306182956,-384.6693824753556,-474.04521572188986,-288.8211675360025,261.06279953257774,-12.131688877398004,-637.9791286792325,-470.5300389561842,-466.87097865266026,-211.73394700376755,849.6414411672163,907.6220125602536,-368.7975567505148,-361.6644507403186,-139.97737122928396,-336.0893900220113,-545.1003630782044,-185.5920063719034,192.38847973862656,-264.74057531391287,-438.49508626413694,-641.1862560366907,-356.7828932900516,186.6108931293044,664.316003016703,-67.33763916567271,332.00573031160604,-244.69132724797836,93.92598254966131,159.8234619896159,721.7981719120826,-152.42499265639535,309.92427762932255,125.49579346109935,17.728137344804733,100.73173982626932,-361.3802104328428,-377.35740133887725,-350.8562200635711,444.2211350580129,313.6466993172074,-15.65086340499441,727.0173379419083,-438.07055996442,-458.81265760276176,-228.52306126519903,-358.7113066239068
1322.6172378440942,472.4274460485757,417.8558243467489,678.5321504768957,371.37010398490446,-265.9740310462748,101.16965688443284,-218.5831844889892,-971.961834340273,-595.7982913645786,-226.92465615654743,723.3489564222259,-669.732615171436,638.1218722500724,-400.7917991102199,-703.7241741630608,954.8397918841148,3.962522491390037,-486.25854569971386,-525.3979935001263,-432.7378854620182,-370.683996750134,-414.1847090212254,-640.9122030874508,-320.2127353069926,264.7033666000411,319.0778808595491,-609.1841665922441,-611.873951212956,-78.39568291306308,-597.5946067765415,-315.8167206238794,-390.5729530425605,-394.74980106442246,-475.6513710728269,-214.6158326504895,352.9877643590874,-57.21809253790449,-656.0283806147955,-497.3743564907389,-489.4926532030778,-121.27706575112232,897.8418893844157,865.4926578089792,-374.1703347328504,-370.69775444362506,-169.4788262579573,-340.857619140179,-556.0823557229971,-200.28645416599483,283.8976594701265,-293.6369183222631,-452.169553169455,-662.8199721712463,-295.810349025717,285.80590483794657,643.3715955834638,-114.25292424630364,293.5655181552935,-253.85263224012223,185.72942545674397,256.4059312624204,703.1603811666232,-194.97441459115757,263.4802985302189,73.67660647461733,-9.593456448185153,54.63701459332682,-385.103302807477,-383.3756795330282,-328.09545466248574,505.2087505352437,400.9712782786905,66.56947656626626,758.0345358896296,-429.9969041716621,-477.5443376050837,-243.9752374916124,-360.1703436586656
1304.2601815348055,422.68167950868775,366.0415468394422,630.030392340669,313.48629056016176,-303.8798565074092,79.6534995835994,-145.3554219072833,-971.3124790824374,-602.4848437040524,-270.5091373178448,718.0807427688458,-689.4964699659088,675.9740701355265,-407.3028651134701,-692.5083280868962,981.421051278608,-38.039040115437615,-489.0730199617929,-538.674896056886,-459.3484236213727,-380.916460201839,-417.2566852100011,-668.5519433958642,-328.226032302428,213.38562500448535,403.293330820787,-564.0077628111364,-585.4347266064785,6.489516165693051,-612.1347997618469,-320.7574150245883,-385.96155013468086,-402.3448453815985,-478.6443710166518,-136.26826305708008,440.29409233550354,-99.8649167969254,-671.6069504255408,-523.5875684506168,-510.963787744503,-28.03288584266046,938.0687467227216,819.2491177695863,-379.2105325556082,-378.5508764798841,-197.20815166827836,-348.2554860071518,-569.4299256949306,-212.99843752067324,376.0236469244596,-319.44074510765057,-467.9345047526296,-682.9534508683696,-229.21887592754305,384.36187457454594,617.9056727114067,-159.05099244120467,256.6042743093032,-260.8171138955305,279.93911012209674,350.9935116806895,679.2327699182097,-234.8032103279657,218.27544653724937,24.05188194870357,-34.613225527175416,9.916552854667165,-404.3836815341438,-387.26905884071647,-297.2609739293711,562.2499882551848,484.6332337659831,149.19888838852873,780.4801814849405,-420.8678487757357,-497.15949466425474,-262.08847213638074,-361.4125160485311
1279.6336089530148,373.138915656886,313.74385919212267,579.489518811108,255.58921952430612,-338.8909978142576,58.69396516592845,-66.29152705727454,-962.045871148168,-610.5475808809449,-310.33834890792167,704.9478809777489,-708.7052164786006,706.1142217264336,-414.407311211978,-673.1121366640009,999.8830547476824,-77.26383559171872,-491.6092061135034,-554.2156330910021,-486.52207006051833,-392.55619919700473,-420.71681541993365,-692.0104996182733,-337.5996828801734,162.31295910103267,482.9860632990628,-510.3215124354295,-550.0703021620379,95.60891785387015,-623.9638638871842,-326.1127434677804,-381.6822293895225,-407.796765741088,-483.27163626778014,-55.07999133212736,521.8284120711978,-139.80977063313736,-683.8710921802308,-548.5551162998617,-530.6690903732162,66.5409079501375,970.2176693845388,769.3933529018572,-384.3373926787903,-385.42782089404017,-223.11089291538383,-358.3937103334358,-585.3625177115631,-224.07055518522,467.3263601314305,-342.0907818098313,-485.48937618076445,-700.758641520236,-157.94164375914983,480.8607328995924,588.3304049777331,-201.47038245548896,221.2849148772656,-265.9569376691592,375.2149868972117,442.2563992499135,650.5511981294757,-271.6405925217863,174.51455053377757,-23.02831150391141,-57.39061214463909,-33.12952632044003,-419.2833114209904,-389.2939039912994,-258.6574998147437,614.5547162298085,563.5720563544033,230.96841961595652,794.48437091835,-411.2618324342165,-517.6543098499261,-283.00477421098583,-362.8410509388185
1249.3771891769431,324.0990478648213,261.2958522597949,527.3884910754006,198.11185803717945,-370.9023165720024,38.49133493835544,17.673391309389586,-943.4936887525288,-619.6960923122168,-346.1800852537191,684.5156244997494,-726.6299269901818,728.467940570436,-422.603203973982,-645.0871821675958,1010.5433251879618,-113.52963265536783,-494.2751225681934,-571.9877676150032,-513.5444966333199,-405.8268480150022,-424.9139114282401,-710.3140096104933,-348.5249487904422,111.72414200841548,557.1324785789577,-448.5286673344206,-505.70747905575706,187.68274517594065,-632.2561837504484,-332.1391513856372,-378.1151198273132,-411.4989401119828,-489.7196048252436,27.565360832509626,596.5938242455935,-176.81831338134398,-691.9748190307217,-571.5996879862383,-547.9364443002341,160.953041621552,994.345435434753,716.4102373181023,-389.9442091528393,-391.5428338408827,-247.1575548531433,-371.2914188073052,-604.0265126389825,-233.8816634464131,556.3856168541586,-361.58435169621055,-504.4230384691148,-715.3666025612737,-83.05400178980685,573.9434744164071,555.0428327468975,-241.2722199152836,187.7431595229752,-269.6847419989534,470.1878496979821,528.9692126570068,617.6403361023005,-305.2598065129887,132.39166257067578,-67.264937119626,-78.02428039641316,-74.21675237342684,-429.94783270034605,-389.7314155636869,-212.75828960250453,661.4620991629057,636.8679474360817,310.6412003546651,800.3131894857647,-401.7583699719311,-538.9884914323063,-306.7823045232409,-364.8425114992152
1214.139304133201,275.8356098722468,209.01086515178,474.1629113357944,141.46163914009983,-399.8544720322762,19.29054575548328,105.43840859346432,-915.1254578687528,-629.5198127024682,-377.8837317820349,657.4190777642053,-742.4734255462763,743.1174319499975,-432.3320745188368,-608.1537791861311,1013.8241997549272,-146.71413569695713,-497.4590671042396,-591.8491491518727,-539.6285895312903,-420.9018568942668,-430.15526253839073,-722.5237235828878,-361.1457072472944,61.86914244112254,624.8537664854541,-379.2492974159776,-452.4873597425784,281.3396507092731,-636.173346423419,-339.0750036513776,-375.62405334111486,-413.88636635504525,-498.10670090367984,110.24511376660212,663.7697108179884,-210.6909285355752,-695.0947853432133,-591.992564326152,-562.0494433168948,253.7238350771742,1010.652323116839,660.7700638926796,-396.38776499939416,-397.1184832813356,-269.34456063508213,-386.87155254851217,-625.4844098695522,-242.8372944794695,641.8428350569029,-377.97905741742096,-524.2187595719116,-725.890735764582,-5.742748166468443,662.3461571519144,518.4240051706204,-278.2470741314611,156.083501696247,-272.44292437797486,563.4997994091892,610.0414104823152,581.0068476904551,-335.4853618641219,92.08693548505326,-108.4165265462192,-96.64942561523618,-113.08139015330372,-436.6047077158037,-388.8822188017189,-160.20525856624843,702.4535500864969,703.7598864806872,387.0480526855279,798.3458349039959,-392.9227472988858,-561.0799975035411,-333.38950561500667,-367.7793530848129
1174.560383072752,228.5992879320513,157.18687082639977,420.2092711952509,86.02440391314784,-425.7372907243658,1.381799663391512,195.7659577696028,-876.5758573726232,-639.4955394755892,-405.3890828093732,624.3422051984684,-755.3890359101214,750.2840596407233,-443.9634025529576,-562.2193240963728,1010.2274883557392,-176.75643532008516,-501.51910992594696,-613.543074972271,-563.9295254448904,-437.89721905275735,-436.6952404257536,-727.7665885983513,-375.551354971703,13.00890590343197,685.4320117112151,-303.3106065529328,-390.7734003435056,375.1579077297284,-634.8907634309245,-347.13381512475104,-374.5479799349028,-415.42441621112056,-508.47710216599154,191.5424068807289,722.7241404284676,-241.2695351546957,-692.4567134430444,-608.9687199439182,-572.2637452381598,343.42929748802874,1019.4607317531056,602.9322758745794,-403.978438643213,-402.3833788932428,-289.6945433747251,-404.9581302550762,-649.7046302116746,-251.35937361428148,722.4389951254707,-391.392697562306,-544.2625501034909,-731.452876466104,72.7295072230892,744.9306783428108,478.8409804924967,-312.2215699530989,126.37563037394744,-274.69170362255846,653.8431203002864,684.5411716285928,541.1355224299855,-362.1988064405227,53.7627503533122,-146.3041939049815,-113.43393496877728,-149.48582140753985,-439.559060673281,-387.0607834742688,-101.80390589852487,737.1595399906773,763.655944833317,459.1191863742473,789.0506420376614,-385.2908569311791,-583.799146628416,-362.7003401675424,-371.98262797036097
1131.2592357330068,182.62062905027025,106.10994706937858,365.8901979727653,32.16749208185484,-448.5922655852116,-14.900828698553449,287.31749960429147,-827.6691306876397,-648.9991896081355,-428.7321198173503,585.9986750883236,-764.5029085084497,750.3073649662759,-457.7803990565857,-507.39130225879535,1000.309292369661,-203.6567193882615,-506.7728799315679,-636.6961676330308,-585.5629466199863,-456.8644136052572,-444.7242816129682,-725.2663076740705,-391.7697213097324,-34.58632857514225,738.3196715069339,-221.72917168464852,-321.1515380936534,467.7088758614108,-627.6262940014442,-356.49722203097497,-375.1919636578144,-416.5960930388147,-520.7953477236066,270.0907720126841,773.018668416473,-268.4440229690292,-683.3625502673656,-621.7455174941957,-577.8270716649154,428.742036132974,1021.1914157003874,543.3497732995687,-412.9710704690081,-407.5694513725328,-308.2560481841599,-425.2754484190487,-676.5524282445954,-259.8754829617409,797.0472229465281,-402.0014649247068,-563.8550138173084,-731.2115836825176,151.06330312003757,820.7091772862614,436.65105543383874,-343.06434355167534,98.65165583187824,-276.8962585124242,739.9958131531324,751.7119828908747,498.48798734230326,-385.3427698079604,17.559375931674147,-180.81511555652463,-128.57357643234974,-183.22398827714005,-439.1873913504437,-384.5897812816548,-38.5126662889759,765.3602937852357,816.1358813311782,525.9105920075975,772.9613294927976,-379.3544870620936,-606.9625095483566,-394.490731652476,-377.7447631856599
1084.8225920848702,138.1118227099202,56.05663459771722,311.5401044561507,-19.75837613382984,-468.5140914074246,-29.182946689447338,378.6939521139951,-768.4391960858361,-657.3217418812185,-448.0473506294129,543.1150818977503,-768.9395419067489,743.6218994643759,-473.96744628766174,-443.9841012102537,984.6561936504124,-227.4743616541617,-513.487855296514,-660.8192825681823,-603.6260462667952,-477.78367363380926,-454.3585438734089,-714.3738372412383,-409.7601361947445,-80.64008206422588,783.142403272115,-135.68541199582234,-244.42187102847515,557.6006282351113,-613.6698372519849,-367.307748253415,-377.8178662207712,-417.8880778855296,-534.9418671367163,344.6162313631559,814.4057290942103,-292.15784388121125,-667.2174193230497,-629.5446109210799,-578.0024462623046,508.46710009633904,1016.3387168821448,482.47317606431415,-423.5566452015362,-412.9087115935978,-325.10274870388287,-447.44930203104775,-705.7824461363516,-268.80791387592313,864.6987531845418,-410.0365194805712,-582.2267131517737,-724.3917968283032,227.96277582637487,888.8613288083376,392.20748734938087,-370.690988405978,72.90442919802537,-279.5132513475918,820.8522631837918,810.9816035793475,453.5035315635346,-404.9231316282248,-16.409527433466334,-211.9045066667192,-142.28645101764036,-214.1266616624316,-435.9294042053628,-381.7944492539757,28.57344943580838,786.980724028641,860.9465155789753,586.6241006952835,750.6546233198826,-375.5473237854748,-630.3270790438135,-428.4363542540032,-385.31231675048895
1035.7978814426328,95.2674933588222,7.29507558719487,257.4707174399626,-69.41868043526155,-485.6511217341911,-41.05567304020343,468.4788360067293,-699.1440933584737,-663.6891622042124,-463.5664953820237,496.4168831292523,-767.849884518571,730.7332229992826,-492.5995314998235,-372.51897813257824,963.863826676338,-248.3245813157557,-521.8723519629233,-685.311763583097,-617.2212531431019,-500.5577524415259,-465.6305660270835,-694.5961716326392,-429.4068755285701,-124.87390780982508,819.6955697016996,-46.49105804801879,-161.5818154132788,643.5195802727429,-592.4127313462678,-379.66146398746326,-382.6348912412728,-419.7758825691656,-550.7095700550144,413.9748881897349,846.819203238596,-312.41237559410115,-643.5553304957328,-631.6164538555118,-572.0940169463636,581.5712233844257,1005.4461176804958,420.75449246404366,-435.8548301926933,-418.62941273174,-340.3322793923733,-471.01031904897707,-737.0334543703422,-278.5627389701083,924.60149693681,-415.7790552407855,-598.5569209611239,-710.3148571056588,302.17563356902696,948.7442266027996,345.86591637794527,-395.0677200726044,49.08716017995639,-282.9770437100503,895.447838771508,861.96350461304,406.60151983441625,-421.0092952457795,-48.06123412488749,-239.59613979348185,-154.80698307141773,-242.06630157868776,-430.2782202094599,-378.9969918654662,98.2447726114598,802.0802339661334,897.9907638108838,640.6205064144345,722.7301958202065,-374.2318852224645,-653.5852842735334,-464.11197722204673,-394.8786263805203
984.689119929624,54.26449961076876,-39.91508323344281,203.9760476100052,-116.49627641671282,-500.2046174114988,-50.08379300564987,555.281946691003,-620.273549285468,-667.2859430524452,-475.6134751014256,446.6171846967176,-760.441176446736,712.1943308141479,-513.6339875284807,-293.7167828072563,938.5186043109618,-266.373909762892,-532.0673849351828,-709.4693542145984,-625.4820625954703,-525.0064301350743,-478.4813029980253,-665.6221751131161,-450.513292874892,-167.01267501628786,847.9350681447168,44.44914845181607,-73.80116905288267,724.2680730293665,-563.3757102304718,-393.60068856038185,-389.7902266969774,-422.7084563153266,-567.8017130240816,477.18426802320937,870.3590855038104,-329.26977851307913,-612.0625339490017,-627.2666012705735,-559.4745649184039,647.2043686780877,989.0833034207778,358.6497289994672,-449.9074159070017,-424.9515443888459,-354.0647529172756,-495.3995153661966,-769.825808790499,-289.51911214738413,976.1509201482452,-419.55398835269335,-611.9954698260563,-688.4277433086364,372.530706491147,999.8949868256152,297.9906864479952,-416.21358724111406,27.114434913336776,-287.6859023360918,962.976600497302,904.4512757351328,358.18485269665393,-433.7326541489719,-77.34779352182937,-263.98144619458725,-166.37974077042017,-266.96128974494246,-422.7692361088445,-376.5110238604912,169.20398921619207,810.8382455605961,927.3115214550952,687.4256029015688,689.7936067762671,-375.68758497928826,-676.3614450397646,-500.9926201967914,-406.5763107549924
931.9556311534548,15.26079684505534,-85.32395428893464,151.33645724369902,-160.694170304048,-512.4266609893159,-55.81621089197538,637.7813798103186,-532.548688889917,-667.2817072876146,-484.5958065330697,394.4083201903919,-746.00748625726,688.5836192111102,-536.9048323047464,-208.4833428103016,909.1831007465912,-281.83470809681813,-544.139562326672,-732.4960325446127,-627.600399951899,-550.8620728900383,-492.7539560058813,-627.3441723750792,-472.79703476759767,-206.7906127932494,867.9633930283482,135.67987458089183,17.609981867903716,798.7961255043244,-526.2341309874664,-409.1069490795785,-399.3600805030116,-427.0926175233769,-585.8313445138205,533.4470763282313,885.2714472451363,-342.8541781547436,-572.5973709715444,-615.8828058574917,-539.6135834899991,704.7129614878152,967.825734382332,296.62007435100844,-465.6727324623011,-432.0816014255248,-366.4409780019052,-519.9761888105277,-803.562110442547,-302.0189710025454,1018.9333941469348,-421.7223872908242,-621.6872416399631,-658.3302568814283,437.9712788532304,1042.02660167959,248.960304230524,-434.20116076800855,6.864624686337041,-293.9884781741348,1022.8017245823654,938.4068306054012,308.64394600049724,-443.2834215635522,-104.25910112798056,-285.2172296010355,-177.25337063157374,-288.7793346396447,-413.9678767640438,-374.6360305767421,240.09747181671767,813.5364667987071,949.071777916283,726.7294256692632,652.4426689025026,-380.1001242564615,-698.2102495677859,-538.4568120053352,-420.4696691281544
878.0132075078783,-21.60651772380073,-128.69369969317617,99.82157847504256,-201.739765012347,-522.6166403812438,-57.79857499371504,714.7618981799122,-436.9132591923018,-662.8601407694114,-490.9926333516244,340.45600005354515,-723.9597274981697,660.4852964750054,-562.1199819964219,-117.88776963246922,876.3853256196312,-294.95895812845265,-558.0751629750197,-753.5199494832457,-622.8547280267394,-577.7666238095476,-508.1900601341972,-579.8740159596143,-495.8868168654335,-243.95783374096945,880.0120243360616,225.73975440675116,111.2391126409048,866.2259565180361,-480.8392048254816,-426.0944668429032,-411.34145053907525,-433.2777077111936,-604.3227055997955,582.1665220700627,891.9250698536737,-353.3511053914168,-525.2055003155043,-596.9617567674031,-512.1046313385166,753.6447014389297,942.237494136009,235.131392975814,-483.0211603348435,-440.2065941096697,-377.62033002874256,-544.0282733560514,-837.531487788596,-316.3572731219851,1052.7225733780813,-422.67275047018944,-626.798674449093,-619.79882255569,497.582693456576,1075.0179139259585,199.17136266977283,-449.1557289399014,-11.81643288171648,-302.17082692895417,1074.4586809695188,963.9434963662064,258.3607403713414,-449.9060483840941,-128.8249746191254,-303.5220142418861,-187.67489516454265,-307.5398740130243,-404.4564625104612,-373.651803220696,309.5498747014154,810.5390010912467,963.53245137083,758.3793688902288,611.2573960884023,-387.55243447019575,-718.6177898680495,-575.7922606329151,-436.5471435017665
823.2372318441294,-56.223798992416086,-169.80165478729722,49.691934128631246,-239.3903293305896,-531.116256782434,-55.58783918572557,785.1479057435163,-334.51615640388627,-653.2493404108548,-495.3397330325784,285.3956641058548,-693.8538195819941,628.472910966414,-588.8615974765847,-23.13432783118288,840.6118702208505,-306.0315143292244,-573.7755442472353,-771.6135069315202,-610.6379378381566,-605.270459528121,-524.4283115548926,-523.5524363265622,-519.3212960062237,-278.28704592676326,884.4213299363864,313.20590399887175,205.61310405259965,925.8683534918704,-427.2340489636936,-444.4044993424128,-425.6450039741669,-441.5408920705985,-622.7150124012012,622.952869383776,890.7862017718794,-361.0052034452146,-470.12947467172273,-570.1342004076465,-476.6905466194458,793.7453064418455,912.8579187428288,174.65187234450786,-501.7319051959623,-449.4873002643426,-387.7781705403085,-566.7852595006285,-870.9178313606578,-332.77285519230475,1077.4696668468237,-422.811219767927,-626.5455115104517,-572.805561371386,550.6130998206258,1098.8988425142709,149.0403856646002,-461.2531049335968,-29.1106935439037,-312.4442327530305,1117.6516228694368,981.3052454538524,207.7123025916571,-453.8934830479149,-151.1160862951001,-319.1710491136182,-197.8845633166948,-323.3153294712902,-394.8203936513847,-373.8127945682896,376.2007045611905,802.2714216834006,971.0294359150143,782.3681366600965,566.7934484793849,-398.0174257711464,-737.0056068979898,-612.2042319579053,-454.7141424392818
767.9672207203164,-88.5038581697051,-208.4440556960817,1.1992138973483033,-273.4393411175954,-538.3030750684543,-48.768404893936754,848.0296631253774,-226.68553621191785,-637.7525095416859,-498.21193506997184,229.83056540849896,-655.4156032247944,593.0964199897234,-616.5898074706438,74.47110151004026,802.3046846940766,-315.3629682434285,-591.0540254087186,-785.8174160671454,-590.4839078746396,-632.8335791143849,-541.006598506584,-458.9506660999133,-542.5505928897732,-309.5801693832448,881.6191755553967,396.7361761787581,299.24209392755216,977.2304907743544,-365.6635297325739,-463.8009109840511,-442.0894594390356,-452.07355897528777,-640.3690498296315,655.6213798609313,882.3928690756112,-366.1162592933746,-407.81181513277113,-535.1871355339929,-433.2850667348737,824.9479597335968,880.1922378049142,115.6477860625903,-521.4912562848137,-460.05080495100174,-397.1026773331388,-587.4337455616076,-902.8121980563664,-351.4399740015095,1093.288689226854,-422.5508085700681,-620.2208881027004,-517.531358590699,596.4866611774211,1113.832148623064,99.00321469140644,-470.7162049882251,-45.22238961042804,-324.93410521188486,1152.2438114371023,990.843416640214,157.07363901368848,-455.5805317518649,-171.2436925857164,-332.4900012010108,-208.1113633296609,-336.23110386658925,-385.6338433210789,-375.342338614076,438.741415715572,789.1998921524972,971.951263529578,798.8176751084069,519.5787791364938,-411.35282837886217,-752.7380883399196,-646.8268940557947,-474.7866540120093
712.5122209463542,-118.3891130631155,-244.44012512597763,-45.41474638846852,-303.7232827074609,-544.5826973518049,-36.96936258167927,902.681818083183,-114.89530750611448,-615.7778150816251,-500.20347351414506,174.33105443029532,-608.5611471793591,554.8729779196049,-644.650028427319,173.5585727946876,761.8610638574276,-323.2822481448832,-609.6343929507851,-795.1683410630169,-562.0915006800105,-659.8295880946251,-557.367635440011,-386.8636220930533,-564.9409866646337,-337.6745968899579,872.0993641924916,475.1070788172569,390.6632813316618,1020.0153285693464,-296.5770903835282,-483.9673725199151,-460.3978665412756,-464.96929495329454,-656.576954648293,680.1822621694093,867.3300545250738,-369.0336420812744,-338.89098406171894,-492.08180315267055,-381.9894470649178,847.3565691251302,844.7061926619739,58.577464681391085,-541.8925875127512,-471.9824318143399,-405.79094394301103,-605.1356112255867,-932.2294649496636,-372.4605818323591,1100.437904613333,-422.29972850152456,-607.2227519105271,-454.3718116847909,634.8090025123936,1120.0930822758544,49.51174732108274,-477.8105821451604,-60.37205514349064,-339.67024490508845,1178.2431887841385,992.9922872510696,106.8194049486688,-455.3365624127362,-189.3581892451521,-343.8473922772951,-218.5692145635549,-346.46425571898754,-377.4451500712156,-378.42668891295375,495.951497563159,771.8113194854602,966.7186070458276,807.9603183771452,470.11302734492193,-427.2984324777536,-765.1334277449855,-678.7378082345155,-496.4861742561767
657.1564939795533,-145.8546041078484,-277.63627140988723,-89.9201547278245,-330.12842797086785,-550.379693495961,-19.88223005104711,948.573807939678,-0.7253186766738698,-586.866153746258,-501.9068760241052,119.43452355847424,-553.4112008634597,514.2813939258599,-672.2840628226128,272.7339648554055,719.6362843615523,-330.12905693251906,-629.1511787406156,-798.729478905285,-525.3447049949316,-685.552890523406,-572.8684893959564,-308.29432086947423,-585.7832079057426,-362.4488745563116,856.4008941277112,547.2455861268011,478.4827074776725,1054.1132125818178,-220.6240487584357,-504.5065910345408,-480.19615728463407,-480.2139254192995,-670.5754580126912,696.8236279080677,846.2068703360274,-370.1492407502949,-264.1899837646058,-440.96630748863856,-323.10281897862416,861.2241968663258,806.8243548722131,3.8837007963074655,-562.438386943923,-485.3172452873639,-414.0442382119999,-619.0486962138359,-958.1291517704888,-395.857408967573,1099.2987175870085,-422.4489270978435,-587.0795481171305,-383.93522111351257,665.3651352723575,1118.048198180339,1.0280413196068685,-482.8391028057051,-74.79041201048383,-356.5788109912763,1195.7844027284546,988.2448064917252,57.324265621116105,-453.55776554569417,-205.64659426320597,-353.64586582031137,-229.4537597633956,-354.2408343768696,-370.7621131843021,-383.20885743380495,546.7320324637798,750.5953895489749,955.766603257825,810.118381950488,418.869101134353,-445.47603272426375,-773.4781958958893,-706.9756376231114,-519.4365308324972
602.1649615660161,-170.91060135334223,-307.910172942588,-132.1024348628947,-352.5971567713873,-556.1274623090537,2.7215259258516675,985.3721860201204,114.18300696553533,-550.715566847896,-503.8910593680303,65.64551047009796,-490.2987581994577,471.7600084481978,-698.6450941108707,370.6193452077329,675.9482494372375,-336.2462387817066,-649.1518709702545,-795.6231715158598,-480.3276459006357,-709.229403935486,-586.7941377129248,-224.42967618434247,-604.3046029757314,-383.8276192271697,835.088850777414,612.2535099064596,561.41323563375,1079.5867099218522,-138.64120511841085,-524.9419462582291,-501.01430222036015,-497.6781071994685,-681.5626978241153,705.8887447879756,819.6366077208891,-369.8889970287988,-184.69769441543667,-382.1819104903529,-257.1252735948617,866.9281677170206,766.9316601865677,-48.01505967488789,-582.5446116823806,-500.0313938486565,-422.0623687245504,-628.3497256059144,-979.4401514375415,-421.5679693605212,1090.3532347994433,-423.3590018365112,-559.4730745237057,-307.03217792996827,688.110500679249,1108.1344948305848,-45.98399761989732,-486.13593558129793,-88.71240385631782,-375.4763665415256,1205.1086656976552,977.129686629901,8.961745779858699,-450.6591450382016,-220.32910974998308,-362.3124087124357,-240.93959528542564,-359.8319109584688,-366.0374177464662,-389.7822803094831,590.1353080365543,726.0291673314935,939.5306801963048,805.6833708313512,366.2963436162622,-465.3923629373578,-777.0453942975428,-730.5610040058774,-543.1631829062369
547.7879591720045,-193.6045543863287,-335.1745512683376,-171.7661528156478,-371.1333605223,-562.2572231451325,30.973987911146352,1012.9353902979152,228.17349144087663,-507.2011003146114,-506.6793499048285,13.435536712329734,-419.7689922013315,427.7075703740939,-722.8165986672245,465.8918899098392,631.0834592227378,-341.9721572404541,-669.1012301530436,-785.0644106813684,-427.333291379275,-730.0309720365991,-598.3750142651061,-136.60834701305612,-619.6852434217815,-401.785530343845,808.737551313761,669.423619066229,638.3072372912463,1096.6500345036347,-51.633006898529366,-544.7218555665517,-522.290343045019,-517.1129300778183,-688.7185077748934,707.8490718989812,788.2202762803253,-368.70313792032897,-101.54348345744674,-316.2623298920688,-184.7529953895262,864.943409895112,725.3775086656925,-96.7342900846218,-601.5476596917359,-516.0336669599726,-430.0371839720176,-632.2590558492941,-995.088916312462,-449.43966328793306,1074.1616299353168,-425.34672988900616,-524.2574291642369,-224.65678212969,703.1561074934144,1090.8398402528203,-91.06893994626336,-488.0599888452068,-102.37160979252393,-396.0664148290082,1206.542800190378,960.1908796597572,-37.89850384461072,-447.06636718274,-233.6549346555829,-370.2876905206045,-253.17771653326355,-363.5483874215548,-363.6544536207399,-398.184398543982,625.389262921008,698.5647569937908,918.4362557179288,795.0958551299545,312.8246727577421,-486.44526455848097,-775.1156609403328,-748.520260881267,-567.0955282178829
494.2649421535453,-214.0221816785264,-359.3804765013477,-208.73944533959065,-385.80655703733385,-569.1863515823061,64.89616677677873,1031.3018723853008,339.622191275673,-456.389028720986,-510.72816929953376,-36.75763732205151,-342.57117846149487,382.4865684631094,-743.835058340805,557.3195101108081,585.303633084308,-347.63316089189243,-688.3878922264238,-766.3938972994375,-366.86489407856175,-747.0934786519862,-606.8082969529178,-46.28182788853188,-631.0778273417379,-416.3503889297597,777.9163587509514,718.2472464405,708.1828355203642,1105.6446212152937,39.25504958229952,-563.2271112709067,-543.3774970477119,-538.1489279263894,-691.2278565388083,703.274658054499,752.53397283096,-367.0552316599071,-15.966034406133554,-243.92571903068844,-106.8651839442925,855.81553372535,682.481669914939,-141.93321141145802,-618.7142242872771,-533.1577436659595,-438.14530905965927,-630.066630692191,-1004.030453104872,-479.2262114019483,1051.340309219825,-428.6715384731869,-481.4730384594112,-137.96005213190375,710.7489865491038,1066.6854280463965,-133.79161348531076,-488.9878909731502,-115.99520218372568,-417.93885872843816,1200.4787003028014,937.9702484877092,-82.89499773542946,-443.2075524149011,-245.8974923438188,-378.01471399319007,-266.29292856803136,-365.7347037983917,-363.9138414495435,-408.3903168539747,651.9158131995972,668.6203192637806,892.8923626671825,778.8269129544838,258.86910723920005,-507.9332697435912,-767.0010893057406,-759.9117726522857,-590.5726514215742
441.8269004597655,-232.28755332275944,-380.5200918025312,-242.8786811879583,-396.7544086591035,-577.3062791774876,104.38613505881892,1040.6728104541996,446.98224783716034,-398.5445466256886,-516.4071181730773,-84.5315427549898,-259.64262444215643,336.4283831440909,-760.7161836096707,643.7915310294147,538.8523625599518,-353.53620373136613,-706.3334393202599,-739.1091729428488,-299.6295248749993,-759.5384735866393,-611.2824738930638,45.02955412055999,-637.6309842908094,-427.6049642663986,743.1783865291272,758.4136500025454,770.2429350152327,1107.0124976470229,132.76867845078186,-579.7813314595819,-563.5544411750137,-560.298816280474,-688.3068657308424,692.8034907703997,713.1201618260188,-365.41022552204953,70.7222862206678,-166.05938829474255,-24.502970930112102,840.1350171301541,638.5411800279655,-183.3243526044324,-633.2542458477017,-551.1557051795317,-446.5402978820996,-621.1583449868417,-1005.2812907159667,-510.5857060547647,1022.5417053201012,-433.5223267093376,-431.3548734677394,-48.21660801265145,711.2493373872056,1036.210780238394,-173.74968587582998,-489.30656230806704,-129.7995434065562,-440.5728038523842,1187.3542486230604,910.9939838621324,-125.68014179012158,-439.5050552009741,-257.3492059701398,-385.9269880530605,-280.3809822569843,-366.76158765865927,-367.02103567262446,-420.3067852122243,669.3424239469228,636.5745450971062,863.2889728262825,757.361856436633,204.83413053502733,-529.0686990211217,-752.0709162307274,-763.8541032023635,-612.8528115456846
390.6973497747426,-248.56208667664544,-398.62868294827285,-274.0730760931406,-404.183428356548,-586.9701817573222,149.21074533059164,1041.3908232192557,548.8244449151338,-334.132273679614,-523.9811580720069,-129.52140381565204,-172.0850366655663,289.8395780429272,-772.484154528947,724.3430782790934,491.9612633733368,-359.96167414195406,-722.2040962780284,-702.8922722265489,-226.5234675931017,-766.4979138136406,-611.0045123835228,135.78370119154695,-638.5153672890714,-435.687770576992,705.0521331191355,789.8018585118465,823.8866581639987,1101.2690780273297,227.58125832573856,-593.6645411966174,-582.0387874331922,-582.9641668867558,-679.230599457279,677.111311044756,670.4827201731564,-364.22166990184087,157.17392056147514,-83.69771742052431,61.158966939251286,818.5136610269639,593.8374241669593,-220.6823399779463,-644.3370926768154,-569.6934482990939,-455.3444394353948,-605.0418306079779,-997.9534101246544,-543.0805995063541,988.4363350819162,-440.00512536038224,-374.3341394711634,43.21382541129216,705.1058017929956,999.9615940827042,-210.58634324231951,-489.4053881324451,-143.98645089718846,-463.3430755197056,1167.6364984131114,879.7630370089735,-165.92718212023493,-436.3672472697534,-268.3159105993158,-394.4364367682489,-295.50524469750553,-367.0179983334422,-373.0754315456814,-433.76682575528326,677.5066291862146,602.7644934562063,829.9975553560903,731.1867480753225,151.11739671654246,-548.9942769903109,-729.7781468374435,-759.5553290300405,-633.1268009716034
341.09187385101785,-263.0424425310492,-413.7860498412199,-302.248980961892,-408.36775545646094,-598.4806879280386,199.00165762209005,1033.916176543926,643.8716322758389,-263.80921832367926,-533.5955430892753,-171.4033909656424,-81.13416921609681,243.00864297169792,-778.2031672192905,798.1722322082456,444.8552112860178,-367.1564710979398,-735.2251592813867,-657.6323642248078,-148.60972267856897,-767.141407902524,-605.2287543455506,224.4646038868021,-632.9517076991223,-440.7926327789965,664.0359238521949,812.4660993195066,868.7131836759946,1088.976876328059,322.33275253868607,-604.1297573798465,-598.00365882989,-605.4461067249772,-663.361610598171,656.8832696488031,625.0854034454858,-363.9183850789404,242.0456994420386,2.005915383354994,148.84691673177923,791.5642201238325,548.642662208415,-253.85146148186536,-651.1109834984514,-588.348652717207,-464.6405046407885,-581.370520767563,-981.2879691541444,-576.1799613687028,949.6975513541182,-448.1321368970751,-311.03296284407566,134.9281950453605,692.8302699540453,958.480527892008,-244.00236114848167,-489.6679755909637,-158.74010071735944,-485.53072760763934,1141.8076872631495,844.7475544802184,-203.3380860298817,-434.1803016324815,-279.1109466599894,-403.92124760996194,-311.69279504398014,-366.9024129657188,-382.0614478884762,-448.5253924232302,676.4535372588086,567.4865257361938,793.3742254455387,700.7779928795574,98.11234579200816,-566.8031584815708,-699.6860279628805,-746.342511113679,-650.5351247433429
293.2162921507576,-275.9573730315265,-426.117154796216,-327.37357509531034,-409.6459760689239,-612.0778518094467,253.25623002340447,1018.8019335083457,731.0256117429484,-188.41019373049787,-545.2640937485825,-209.8986141717437,11.876014566935655,196.2125304244332,-777.0103537921749,864.6494813580321,397.756374752825,-375.3273553572517,-744.5981766056412,-603.4419705875234,-67.08837045375937,-760.7051358259346,-593.2864838133796,309.6286765147648,-620.2398314839057,-443.1670314415262,620.5948992443215,826.616162126812,904.5183282450132,1070.7214208333749,415.6692377337657,-610.4222943119746,-610.597167179798,-626.9599946289818,-640.1780652753185,632.7886068904967,577.3532313451686,-364.8908795959512,324.03770345769016,89.81201522700935,237.2271505110904,759.8838275149262,503.2253691784787,-282.7516214153537,-652.725505070367,-606.6119117704828,-474.4637559709338,-549.9647382711587,-954.6875242404612,-609.2643282302467,906.989211252908,-457.8127302313303,-242.2518985756961,225.52306538693432,674.9735178338105,912.3008419423134,-273.76691005450283,-490.4634717030293,-174.22448863894112,-506.3376898810896,1110.3544083183249,806.3850396531377,-237.65199869870457,-433.2999722653626,-290.04894549094263,-414.71384891479977,-328.9299444075101,-366.81358778086695,-393.842075368729,-464.2564941878688,666.4266657067777,530.9999174471926,753.7647196060992,666.5950728176219,46.20937676869632,-581.5621306278624,-661.4931665310285,-723.6901964854867,-664.1887570079109
247.26361825862685,-287.56362390225746,-435.792023851935,-349.4577262531889,-408.41604396454335,-627.9276519281826,311.3436030348336,996.6693596321834,809.385601248038,-108.9260688215317,-558.8613412978682,-244.77766662233705,105.5530924964513,149.7223949106706,-768.148941152557,923.3194984735176,350.8868826912644,-384.6346035522462,-749.5207793413072,-540.6655718682478,16.738974882425307,-746.5214123699341,-574.6149660601942,389.94735798618456,-599.787496983128,-443.1092007887532,575.1601818336221,832.5941931050592,931.2845092569994,1047.0903720251229,506.2811955201176,-611.8013471565332,-618.964481303864,-646.6538870314661,-609.3001590257038,605.4593030628171,527.676171901188,-367.4778776817868,401.9296805409541,178.43119736764962,324.9475207180154,724.0415381613143,457.8539185854434,-307.38238604242514,-648.3568816200136,-623.8915316105854,-484.7945668468472,-510.8285127511457,-917.7453581344748,-641.6334333342436,860.9562821780787,-468.84697047094585,-168.9504337666131,313.63657594977906,652.1028049648966,861.9426581435042,-299.72652246243143,-492.1374383570975,-190.58132602920577,-524.9055341565489,1073.7600386824145,765.0817449228017,-268.65386418507654,-434.0433779625896,-301.4393006914242,-427.0892031263725,-347.1572976014122,-367.1409142537848,-408.15536172556415,-480.5522314175855,647.8527158497427,493.53260597861646,711.5103765258399,629.0762893828644,-4.204674651328589,-592.3376102299554,-615.0560267877444,-691.2466893858139,-673.1930378870796
203.41005612194155,-298.14102594645766,-443.0248624035905,-368.5578276205007,-405.1284187717521,-646.1113007945311,372.516047804066,968.184685425252,878.2579453165966,-26.47564605674535,-574.1190004672422,-275.8654617291423,198.48800379732185,103.80804614668877,-751.0003463503723,973.8957326206882,304.4700761199157,-395.186006953744,-749.2089041609072,-469.8797389043538,101.50897815634453,-724.0476874720285,-548.7846570769133,464.2440312466433,-571.1378219696794,-440.9639493933835,528.1297832873869,830.8494441828437,949.1649728359048,1018.656523962815,592.9388618417697,-607.5632570412754,-622.2720555103484,-663.6304593028034,-570.5134945704076,575.4733840941063,476.4144315884602,-371.95335300306505,474.61347391372215,266.56207913011195,410.6794994913329,684.5700378568189,412.798320870029,-327.8249141418783,-637.2354255644152,-639.5223451418549,-495.55201097735,-464.1608827475901,-870.2704847187847,-672.5170381868106,812.218222093185,-480.9222421785392,-92.22104723962563,397.9873656433168,624.7823486978692,807.9114802099373,-321.81176436396845,-495.0023227962672,-207.92821754410707,-540.3381444138804,1032.5003155010115,721.2166323357019,-296.1827577542923,-436.6808284073245,-313.5793195946628,-441.2536204890007,-366.2645897947594,-368.25448373649607,-424.61424970230087,-496.92418799938486,621.3211138544327,455.2884466997376,666.9543053492922,588.6372093278368,-52.748889125291065,-598.2238882501877,-560.4075400427572,-648.8567515671981,-676.6740847763697
161.81034888374668,-307.98692074748635,-448.07232136813286,-384.7764848619134,-400.2775768568743,-666.6156744516936,435.925370895167,934.0380821418923,937.1572826777845,57.727646937672645,-590.627148475565,-303.0460483605736,289.29693757688307,58.74075660422914,-725.1137895772255,1016.248721273926,258.7303802723249,-407.0312825909612,-742.9209660635915,-391.8843386544492,185.83872146978464,-692.8936514261493,-515.5232418292125,531.5236999715597,-533.9940278598777,-437.11716327875575,479.8707840256318,821.9124333704655,958.4633662724704,985.9650341438248,674.5231680734948,-597.0657246328121,-619.7334609430669,-676.9719048212297,-523.7881189013118,543.3432884460004,423.9046372324972,-378.51449163932926,541.1201642871594,352.9290469747825,493.1585010509239,641.961317043485,368.3299220097985,-344.241661898388,-618.6743551954704,-652.7786865749555,-506.58878365357504,-410.36059558395846,-812.3069386306222,-701.0889885596639,761.3648119255025,-493.61347097078936,-13.25777303193158,477.4086780091528,593.55735185648,750.6985286404106,-340.0412893025797,-499.3276225429648,-226.35695063330596,-551.7278587288397,987.041760920098,675.1471327205312,-320.1394540440438,-441.4277738354073,-326.7470627892556,-457.33434001740767,-386.08562981420135,-370.494979914352,-442.7100972280101,-512.8075880855906,587.55930694555,416.4553016211794,620.4469824979035,545.6713752690027,-99.05244799554384,-598.3728878157656,-497.770629389843,-596.5793832312671,-673.8069139854684
122.59284341644278,-317.4100536905264,-451.23082468331023,-398.26199758853846,-394.3920685234013,-689.3251948953365,500.64389355745976,894.9254539517278,985.7998727399678,142.41272475312667,-607.8403886692249,-326.2670433515317,376.66126359150303,14.794209361062654,-690.2319566943733,1050.3893489339955,213.89189692643316,-420.1569985137475,-729.9833366894932,-307.68483740877065,268.36807109066103,-652.8450567756273,-474.7351942992812,590.9943292966482,-488.2402473470543,-431.9889409870244,430.7223274533957,806.3698195362585,959.6098758061808,949.5249072392372,750.0511177216085,-579.7521280425126,-610.6361244951769,-685.7671942022996,-469.292021978167,509.50941809241897,370.466227183682,-387.2710128048548,600.6409349041725,436.3181176265652,571.220462439378,596.6659047785982,324.7191495564128,-356.8738421233172,-592.0989257774453,-662.891445432643,-517.6878080009064,-350.023386502334,-744.1460812925764,-726.4844871861686,708.9539958364885,-506.38735858412,66.67942971713987,550.8762363493166,558.9420107813118,690.7823946882429,-354.523098007926,-505.3299122867484,-245.93172453676655,-558.1844212433698,937.8424927396816,627.215884156251,-340.4927591511413,-448.4370118009404,-341.19389809805165,-475.37018232405103,-406.39375609795314,-374.1635356550381,-461.82010177282535,-527.5685636898078,547.404906938257,377.213277425734,572.3506265084743,500.5527514658775,-142.76050404016928,-592.0245115260146,-427.5655931123805,-534.6994196108676,-663.8443106598114
85.85465739193715,-326.7240393243617,-452.8328523384577,-409.2066494211401,-388.023300529793,-714.0155179618955,565.6892718368965,851.5334103808271,1024.0901895482036,226.28969959039915,-625.0891494411827,-345.54329264815925,459.3636032338121,-27.756481521236005,-646.3112761747088,1076.448496166848,170.1758586295527,-434.4821526643639,-709.8162814658267,-218.46622370742924,347.8001805028116,-603.8828967632687,-426.5156703689111,642.0792666683402,-433.9572225368916,-426.0253085236335,380.9990131541424,784.8410807345462,953.135235367529,909.8044803236796,818.6948001870379,-555.1750236724025,-594.3681355400963,-689.1409448362663,-407.39808146278585,474.3387187644897,316.4074499140138,-398.2362588495807,652.5410143984016,515.6092422425784,643.8329469392511,549.0951052331586,282.23154993634023,-366.0366973196626,-557.0746125974459,-669.0688818492182,-528.5608591815488,-283.93139148489405,-666.3308711854016,-747.8204209302747,655.5112089350229,-518.6109192565245,146.30291272976766,617.5289311972928,521.4116820150741,628.6315036455164,-365.4529686939059,-513.1629680162409,-266.6871598800714,-558.8658532690584,885.3548264875785,577.7576379315004,-357.28416932300286,-457.7913381655823,-357.1368122907466,-495.30363675642,-426.8982576094465,-379.51171535585024,-481.2187297724425,-540.5147867270767,501.7758176764809,337.742463261372,523.0418478287098,453.6393279357644,-183.54145125109684,-578.5364779513627,-350.4105054185308,-463.7318652113015,-646.1453565552696
51.65733074050336,-336.2404684938934,-453.24207165495017,-417.843880440512,-381.7332243112594,-740.3493936554511,630.0522160510964,804.5275645225794,1052.102190837213,308.0887355904926,-641.5961092750535,-360.9593706964498,536.3184062454247,-68.63761238420254,-593.5355014574301,1094.654626248289,127.79711471768502,-449.8545813822324,-681.9593308782096,-125.55956014857978,422.9381966474474,-546.1966997716534,-371.1577469915756,684.4206699682334,-371.4318657299109,-419.6884794260909,330.994337737436,757.957835422185,939.6439343359568,867.2304402963157,879.7936275773907,-523.0178686890658,-570.4441417880421,-686.2830290658292,-338.6836936822164,438.1278732832336,262.0304861885529,-411.320429793226,696.3664242653607,589.8036437747812,710.1194452659579,499.62558129273015,241.122482159234,-372.1127092473809,-513.332936547483,-670.52065327724,-538.8495069008519,-213.0347039184927,-579.651352965774,-764.2184092115904,601.5296478170893,-529.5644437668183,224.33641046465476,676.6818513663626,481.39914836062457,564.7068954300976,-373.1101517113716,-522.9082857295342,-288.625960227267,-553.0101397098434,830.0289859715572,527.1055807505718,-370.6304856034301,-469.49687685367337,-374.75053904918207,-516.9747873063485,-447.24222950507766,-386.7318112126001,-500.0931225278602,-550.9095969591774,451.6394720043292,298.2295903041256,472.9122440941271,405.2773026796995,-221.0951841000413,-557.412407726973,-267.11408185208074,-384.4181783891882,-620.202435847323
20.023307338279327,-346.26169277436685,-452.8472266174205,-424.44445952737465,-376.0811146608722,-767.8750741168094,692.7260221142858,754.5441061357857,1070.0568465645051,386.5970335074068,-656.4975503950694,-372.6705577007019,606.5957884962477,-107.581414596226,-532.3215129167008,1105.3108456971397,86.95984165067077,-466.0484053672921,-646.0949319317045,-30.40261000693623,492.7165302086768,-480.1909090935556,-309.1523024996048,717.8743482526404,-301.1598645533409,-413.44567022462746,280.98390745753085,726.3463870282525,919.787910733762,822.1897579059565,932.8597675471996,-483.11400013505903,-538.5292395975678,-676.4779436734957,-263.9226537349609,401.1104590569969,207.63534810869456,-426.3262902265145,731.8436346788371,658.045108474885,769.3760388178682,448.6055873301037,201.63091427089924,-375.5429114843183,-460.79346047095777,-666.4842888954008,-548.1286285632159,-138.4255863627627,-485.1310095220293,-774.8300609523529,547.4709675221228,-538.4588294856902,299.55312255430863,727.8316712525292,439.2947067694759,499.4648732741947,-377.850527656102,-534.5663467948008,-311.7161447884084,-539.9664475716185,772.3172005652511,475.5964303081285,-380.7241090722872,-483.4773582556117,-394.1595818295871,-540.1174962952941,-467.00232358634577,-395.9476686361526,-517.562314096133,-557.9896070556414,397.9822464724691,258.8731378504805,422.3667959823997,355.805297680969,-255.16185082780103,-528.3268364300856,-178.66081528803468,-297.7141006131852,-585.665497664332
-9.066473824898493,-357.07329693269645,-452.0547319125911,-429.3118004873384,-371.6096347087032,-796.0276447172447,752.7367528668216,702.1844253357893,1078.2975611382512,460.692233239716,-668.8692343940696,-380.9019970766449,669.4378615967865,-144.3319934486598,-463.3165690069972,1108.7728587793229,47.852692233208224,-482.7627460049448,-602.0691645952784,65.50366304816767,556.2254470304532,-406.4836095578466,-241.18018360631916,742.4968381848038,-223.84078611765372,-407.7565573102507,231.22822334405836,690.6138244020555,894.241911805179,775.0338477725434,977.5771073172727,-435.461935849597,-498.4596898313087,-659.1328820975817,-184.0692274048128,363.4672305302055,153.52234489336556,-442.9476266018607,758.872593221814,719.6345427998801,821.0801085857943,396.3621622205438,163.9728086854594,-376.81649644182056,-399.58052635329744,-656.2531621982696,-555.9126799670429,-61.30634547340557,-384.0040770541044,-778.8637473281128,493.7659617757551,-544.4570107713598,370.8110581419394,770.6548422803586,395.44960749200646,433.359132738268,-380.0975044415001,-548.0490284347444,-335.8878366669654,-519.2244654188313,712.6774830584637,423.5738084700648,-387.8308575784801,-499.5696367545661,-415.430243198174,-564.358247135063,-485.6908200237618,-407.20628115993975,-532.699954888052,-560.9855901659231,341.7800304755086,219.8865361601138,371.8200994866684,305.5581312622082,-285.5305644125227,-491.1458212916529,-86.18860397485322,-204.7690734678709,-542.3623685117209
-35.67369143758056,-368.93625998014295,-451.27997448713546,-432.7765760631244,-368.8304020844322,-824.1336416122792,809.1729042253843,648.0124171270681,1077.2650533230774,529.3707976789118,-677.7561727122531,-385.94582612781096,724.2672978375537,-178.65234261017144,-387.38663046919856,1105.4290325118895,10.643619899094617,-499.621962591756,-549.9083257932705,160.64068523128287,612.7281991354004,-325.8972248602745,-168.0967091866544,758.5258766871838,-140.3654667532159,-403.0595634964667,181.97490958015075,651.3377845274227,863.6815396100735,726.0842532655463,1013.7943968241784,-380.2361271348879,-450.25927529147634,-633.8034023805823,-100.23477732137394,325.3385531255574,99.9930258788358,-460.7706861630786,777.5139157716703,774.0375225770101,864.89127669663,343.20864507061486,128.33458265318782,-376.4589181004656,-330.0334575970331,-639.2048619053628,-561.6648278190232,17.047682768705865,-277.68441912416495,-775.6120267772601,440.8148868140444,-546.699015569465,437.084086973883,804.9993941553868,350.1822105163648,366.8420568109404,-380.33097660846175,-563.1735939473407,-361.0296717692589,-490.4403940036223,651.5764523228107,371.389569279486,-392.2852704908743,-517.5207440874459,-438.56282161334207,-589.2180001210291,-502.7603921112105,-420.4704205785938,-544.5600870811634,-559.1462587230031,283.9708140081483,181.49925756947223,321.69063508333306,254.86975764218815,-312.0475395765258,-445.9418848248748,9.040458734012518,-106.89777019285002,-490.31398550027353
-59.90238133631652,-382.0788136543352,-450.93739832023226,-435.1907796563001,-368.2092978550983,-851.4192865023258,861.2134489968608,592.5539878396544,1067.4730872103496,591.770309670974,-682.2054440475256,-388.1561828200538,770.6883705062792,-210.3320438062016,-305.5958356925021,1095.6835225026334,-24.52536772119797,-516.1776711394484,-489.8302821556882,253.51781247589176,661.6704008806245,-239.44122569353263,-90.9089946468008,766.3556749551454,-51.795853627967546,-399.7572811217474,133.46031417012057,609.0597840107832,828.7647806774786,675.6391970549072,1041.5134646359309,-317.79239767356285,-394.1501746729388,-600.215576023413,-13.657738927812158,286.83794794993395,47.3496084445591,-479.278785047868,787.9712981170701,820.8849686019627,900.6452153697892,289.45195539998065,94.86709469971294,-375.0186928309233,-252.7092123818135,-614.8287519833918,-564.8089511578472,95.32825531421727,-167.72705580274993,-764.4787093897096,388.9872040174562,-544.3299724251112,497.4874252549718,830.8714124557704,303.7860961369076,300.36494198459826,-379.0746947703391,-579.6587195561752,-386.9849847629739,-453.4581450964184,589.4906844745931,319.40294240517505,-394.4834884716656,-536.9867688638228,-463.4842004119151,-614.1173459024828,-517.611858310596,-435.612597437316,-552.2053651136575,-551.7643327646667,225.43003600156547,143.95573903998962,272.39341309214893,204.0750850558072,-334.62316890895755,-393.0022076504106,105.6750157815942,-5.544751044818366,-429.74356845320455
-81.89733713398597,-396.6880348932992,-451.4295319491612,-436.9213676046972,-370.1517927084993,-877.022606068133,908.1532554454344,536.2982187557294,1049.486205864962,647.1850382370159,-681.3010032376221,-387.9421086138795,808.4811407732572,-239.1952257553135,-219.1776953030384,1079.9431082157296,-57.543260703971,-531.9128075528695,-422.249667289898,342.7157195272063,702.6818286969367,-148.28733515679343,-10.747009571762293,766.5085450773108,40.662126546049386,-398.20145883897305,85.9104557306049,564.2818554493116,790.1175569493188,623.980416717258,1060.8735689487016,-248.66745555096705,-330.5573714316864,-558.2835437964665,74.33184669346663,248.06571188251985,-4.107027587534589,-497.8602270254653,790.5704031396392,859.96745313534,928.3413195483904,235.39916996661512,63.68054278864757,-373.05310108991193,-168.37682636588573,-582.7514497719361,-564.7444103618717,172.23546976409742,-55.78390742633866,-745.0044341069478,338.62062653316167,-536.5302066669532,551.2966292375611,848.417417289526,256.53927892930574,234.37699937512787,-376.8824015794499,-597.1230175046649,-413.5480200242784,-408.3244307396607,526.9062313080755,267.9775310802023,-394.87389726157033,-557.5338351693952,-490.0411266747731,-638.3851580220577,-529.6051094030227,-452.4106808196436,-554.7369590947981,-538.2040809150727,166.94931081047991,107.5122333492284,224.3314394413122,153.51048908312356,-353.2376271649596,-332.82924336244133,202.31357276136464,97.75630507569088,-361.0789683972265
-101.84130508078748,-412.9012537349562,-453.1352038722601,-438.34358743800254,-374.98860138599656,-900.009601174875,949.4250108050628,479.6996214846165,1023.9003369430084,695.0745705110285,-674.1992464915975,-385.758477976453,837.5897927552583,-265.10833611472145,-129.49906894186182,1058.6080734495038,-88.33463743215256,-546.2479892204416,-347.7762426044016,426.9257146895838,735.5712440553758,-53.73816116132967,71.17033386828805,759.6044792724189,135.69168438975,-398.6780836364812,39.54132271393315,517.4660883547384,748.3235481052957,571.3798015042915,1072.1330349567966,-173.57207333253967,-260.105848569515,-508.1215021840079,162.35168504609126,209.1216534541545,-54.08064331872181,-515.8196172959603,785.7355879852818,891.2239538883244,948.1254949103184,181.3630164332457,34.84057269752202,-371.113000675643,-78.00340025437967,-542.7589467555277,-560.8633656334968,246.51810438899403,56.44430479864751,-716.8895679030187,290.01945025443484,-522.5464024150691,597.9595515889338,857.9039297826301,208.71363879677705,169.32305179683,-374.3230887432023,-615.0864914731819,-440.4604935445027,-355.2966557717764,464.3161174975558,217.4763641392016,-393.94580150899935,-578.6414260405026,-517.9945532608189,-661.2708533863756,-538.0732563812901,-470.54553819724737,-551.3252274700992,-517.9293080176681,109.21902693451064,72.43182905791517,177.88651092388332,103.5129426880924,-367.9446895291405,-266.13326865003006,297.5459632901814,201.42697605908745,-284.94771868783783
-119.95117867631164,-430.7974153406413,-456.3972669697306,-439.83406237175205,-382.9620134623193,-919.394487283537,984.6169253750852,423.1809394360637,991.3268419079772,735.0657234759594,-660.1639596873467,-382.0951774909833,858.1063325526898,-287.98727707521664,-38.01844878731698,1032.0671629075698,-116.86353677619344,-558.5504034627318,-267.2060451722888,504.9833485425579,760.3151780863949,42.80941331954533,153.57246147717686,746.3302407901459,231.9029008431653,-401.3931610738146,-5.441444997460265,469.03657650843553,703.9182459653591,518.1054431573293,1075.6493424225548,-93.3777987764169,-183.61013939502823,-450.0493041022669,249.00865330951984,170.11612048234602,-102.28406723673312,-532.3925795886904,773.9658523490045,914.7261132221422,960.2694550616536,127.66598269544956,8.365795393121235,-369.7269848717175,17.268158715575595,-494.8141602232845,-552.57030337586,317.0111120788646,167.25779975479628,-680.0132326313039,243.45222812337897,-501.7226746592015,637.1011105683773,859.6954941930989,160.5837077801227,105.63992375268884,-371.9657215571713,-632.9753054678109,-467.4088845656516,-294.84285969540485,402.2158011483402,168.25533511583689,-392.216448871814,-599.7082618097153,-547.0154872068478,-681.9602679677661,-542.3398661360384,-489.60107437569815,-541.2401080470958,-490.53057305685456,52.81519024231494,38.97799441024207,133.40987176235842,54.417786387378655,-378.87355527062255,-193.81678117555532,389.9950884310807,303.8900150595842,-202.1646631355954
-136.47343725623816,-450.3885984975069,-461.51020886322,-441.7636627383035,-394.21328364849256,-934.1638479463676,1013.4856370488036,367.136001457622,952.380286640322,766.9483109971538,-638.5991918570763,-377.46482543434894,870.2509688529135,-307.8034725480202,53.759539797580366,1000.6963629045506,-143.13637657427023,-568.1454016115227,-181.50530174781355,575.8950623608217,777.0418534941399,139.90442987152386,235.1759953193745,727.4094072349292,327.8733936406765,-406.4598253996068,-48.84344307624799,419.383217089982,657.3869348600335,464.4267969894324,1071.8587714278892,-9.097380529357682,-102.05619866900147,-384.5910812743397,332.94035606645286,131.1786741583271,-148.4445420449832,-546.763784650652,755.8113158351213,930.659224596011,965.147954570621,74.642809796422,-15.773188368083126,-369.3851614479901,116.14897057421184,-439.06884263039615,-539.3032989977683,382.6685542671197,275.00681424800626,-634.4473303707792,199.14891216425292,-473.53029989674974,668.5211051638553,854.2323428276522,112.4340378935108,43.7515994802248,-370.3637661386498,-650.1301596540233,-494.0228581396356,-227.6333737929096,341.09674320587595,120.65546172112737,-390.2167620690077,-620.0608993375556,-576.6828403723704,-699.595040562819,-541.7389469260075,-509.06704179061694,-523.88006580887,-455.7502660862664,-1.8092344038611945,7.407074393767469,91.21324731886104,6.555259390201827,-386.2285708728664,-116.95108886789733,478.35681097596375,403.6146458753323,-113.7124259605224
-151.6790755744872,-471.61195723292894,-468.7080542457646,-444.4901563680501,-408.7714968534789,-943.3043382210824,1035.963869791241,311.93220715716336,907.6699369126644,790.6656225892277,-609.0785759486163,-372.3893675063208,874.3504998639037,-324.5884744327321,144.33124083957688,964.8610054306272,-167.20371691364258,-574.3308977964987,-91.78747931730712,638.8570532741514,786.0115493904657,236.08378101867856,314.7233351656888,703.5746261871332,422.1900286944437,-413.8873983947325,-90.48289156325166,368.86679010844506,609.166070711092,410.6187138873783,1061.2566017852464,78.1405489792535,-16.576006287306367,-312.46657985303256,412.8548751533684,92.4639677370533,-192.3097667211829,-558.0880738020237,731.8513814412586,939.3012542699678,963.2153203226496,22.64120004973246,-37.65324910624081,-370.5228916685812,217.24047613152985,-375.8689890799028,-520.5564083565876,442.59058803968105,378.13777787585343,-580.4645765651632,157.29764388745505,-437.5948023578866,692.1856576828056,842.0087674378337,64.56451485494955,-15.936694437749694,-370.039842254996,-665.8184489929455,-519.8752131312644,-154.52433600708855,281.43837323965363,74.99446368389687,-388.47616195414463,-638.9651644197497,-606.4838001990138,-713.2952636461762,-535.6371323301187,-528.3449546619192,-498.79836477139935,-413.5040766894351,-54.32834177776824,-22.03980086426522,51.56072361469503,-39.75399870202137,-390.2868366473673,-36.74587086864027,561.436001376118,499.1591237146052,-20.71539725100072
-165.85823987817702,-494.32241357355,-478.1529680057792,-448.35060049017375,-426.5443522507633,-945.8333557397492,1052.1625201650388,257.9123090938172,857.7947395796933,806.3006594441085,-571.3696729116158,-367.3859112329332,870.8159675918768,-338.4367761622656,232.24037290408896,924.9204911223144,-189.16071031341573,-576.3945578952361,0.7157536153560377,693.2659876921637,787.5947437544567,329.9139203818489,391.0191721602234,675.543114746302,513.4897152800193,-423.5729703551703,-130.19244172498895,317.8247622060118,559.6473734719197,356.9641526573079,1044.3787061481082,167.12162826418972,71.58421709605415,-234.5752361529072,487.5669135884932,54.1545986183016,-233.654386966046,-565.5143166090533,702.6755318894872,941.00121431566,954.9824989575508,-27.97936457733494,-57.39674432873952,-373.5049051078621,319.0756707839309,-305.7531662416141,-495.9024397417498,496.043516206636,475.23456284163376,-518.5397640966198,118.04142200209124,-393.7190938297856,708.2131599248694,823.5531082329916,17.293161550949776,-73.04524309312252,-371.470812890409,-679.2502379012152,-544.4837189303797,-76.53369856689821,223.69885935725503,31.55818580667932,-387.5068800037326,-655.6404618424328,-635.8172181103024,-722.185002593935,-523.4573107253804,-546.7573629253587,-465.7254133982797,-363.8973805307335,-104.54263114435172,-49.1449504274004,14.661870698124057,-84.20419443484968,-391.3937526121045,45.48709010407269,638.1770093445002,589.2086539157683,75.59169619950686
-179.31472391662342,-518.2864869820839,-489.92495089069257,-453.6534273513927,-447.31133506143135,-940.8318743571058,1062.366960741644,205.39524805063928,803.3413470496597,814.0592721151072,-525.452048909746,-362.9521751819652,860.1207268802467,-349.5065810465381,316.1214788012947,881.234778407449,-209.14613051411428,-573.6336147024349,94.68849616333534,738.7216420730225,782.2493104716707,420.0304702675998,462.96332038613787,643.9961742910325,600.4973911769289,-435.2960087330451,-167.82130168414872,266.5772949587442,509.183860714207,303.7554243361401,1021.7851925264488,256.57952600729715,161.10085988892564,-151.97338800394985,556.0287835838051,16.460905161936395,-272.28666356404585,-568.2114845755417,668.8674559374003,936.158135116018,940.9956316109748,-76.85073180554437,-75.16821801513188,-378.61028198349,420.1634234275694,-229.44352663895344,-465.0152223566752,542.4723404963701,565.053122642498,-449.3437689432623,81.4749151911151,-341.90142676529115,716.8558251489076,799.4100976392622,-29.043821324287325,-127.22711841049686,-375.0736107338123,-689.5979207333797,-567.3151528713722,5.189174382308923,168.305185735393,-9.407611249147376,-387.78816481377584,-669.2769198140287,-664.000444687096,-725.4201047147452,-504.7027739433118,-563.56062780737,-424.585983825715,-307.2351895518847,-152.3737498213696,-73.72211883528693,-19.33358090941101,-126.51004882131514,-389.956612685498,128.37442638188745,707.6872431249571,672.6070910807761,173.89921903471983
-192.36039189939163,-543.1776981539673,-504.0129913971436,-460.6701917275272,-470.71975961823017,-927.478418908702,1067.0274743076468,154.67589080280334,744.8845834272753,814.2513634452902,-471.5280090684707,-359.55193274709524,842.7799258639045,-358.0183682746463,394.7383638485263,834.1717023530699,-227.33992357213967,-565.3769623598608,188.7680286926184,775.0219620677913,770.4979196272902,505.1740224494295,529.5785200159304,609.5632152978461,682.0594994237778,-448.7164172710561,-203.23756905452612,215.4329833791014,458.0970326810468,251.29386522650168,994.0465518520672,345.2318195130681,250.61314066466176,-65.84539273077729,617.3550286555661,-20.382137813707097,-308.05502376896214,-565.3962626998398,630.9929315422797,925.2017465611124,921.8169212137442,-123.6010820024002,-91.16995840158944,-386.0188540786682,519.0337889144329,-147.82965165080793,-427.6903708114064,581.5056882250112,646.5482482925256,-373.73016078591263,47.64171366834137,-282.3470497896597,718.4780951243007,770.1261044843559,-74.09481783946273,-178.17559981815748,-381.1920898454944,-696.0192564953785,-587.7917823533257,89.39883368687279,115.64310663448728,-47.70460233717579,-389.7507855776061,-679.0552132212601,-690.2799259553524,-722.2175272072806,-478.98082644440814,-577.9611921533335,-375.5102384354545,-244.024578416474,-197.8548185763125,-95.62386126860844,-50.33930441855844,-166.41254599215392,-386.43639441721217,210.52407526131736,769.2530321229144,748.3812609865014,272.86038391595275
-205.309495199653,-568.5740268917027,-520.3080062578144,-469.62699258509184,-496.2841639936854,-905.0829610316196,1066.7438867978187,106.0236144318944,682.9896405792799,807.2712735438772,-410.0251988957772,-357.600827017956,819.3322116223242,-364.2512067988779,467.0158075243097,784.1141741865132,-243.9592775989932,-551.0089753948615,281.5839531644018,802.1513835685261,752.9066069875582,584.2207113906505,590.0321994827776,572.810511619617,757.1715615912411,-463.3763754188125,-236.3306513839602,164.69390043534824,406.68446117793866,199.88788916269405,961.7325614699448,431.8163613130341,338.7647505566507,22.53022713067546,670.8398720907055,-56.12061595121494,-340.8541802646808,-556.3613670108831,589.5916181893931,908.5757752795662,898.0083001872329,-167.86171322463056,-105.63662063522882,-395.7996072161127,614.282114915382,-61.94575895942654,-383.863467053474,612.9533841594869,718.8916301319819,-292.7146824082405,16.532321868183224,-215.4726562436014,713.5332149552077,736.237619926414,-117.49820023430816,-225.63133293117397,-390.0851752323142,-697.6832696894621,-605.3004535476547,174.7922332213958,66.04757280037582,-83.18795598743162,-393.7622276745649,-684.1687722750702,-713.8457206425876,-711.8852228583331,-446.02471567436766,-589.1351624643266,-318.83772169015344,-174.9689087662249,-241.11663886293195,-114.74808286571071,-78.33408606300891,-203.68443265343996,-381.33791942761167,290.5684734518665,822.3474770820105,815.7572158076622,371.1295354281294
-218.4727522638272,-593.957927518184,-538.5978726047799,-480.69564928505343,-523.3895051433749,-873.1193488174168,1062.244662500061,59.679776484399696,618.2152370507541,793.5783630727906,-341.59063631730726,-357.4529257679703,790.3242633860661,-368.5368796247875,532.0632820005742,731.4663725276475,-259.2532602388945,-529.9942812226421,371.7972322601247,820.2635356761114,730.0652599001007,656.2064930390385,643.6515554793752,534.2346461864722,824.998839196592,-478.7061853290805,-267.013655213844,114.65957929102218,355.22712071566843,149.8494335708528,925.4039938468557,515.1264756226313,424.2448581717421,111.81819601162036,715.9671169188128,-90.48953243124222,-370.6304911792431,-540.5035966577149,545.1726471692234,886.7245119880512,870.1181663211013,-209.2754141529004,-118.82914042043072,-407.90166848948775,704.6097846156811,27.05781314485896,-333.6245593648307,636.7972908086583,781.4808899186531,-207.44828341834037,-11.916818763070196,-141.90299066801998,702.5392702123239,698.2631162460924,-158.89003406051282,-269.3888217099119,-401.9165633624112,-693.7983025266703,-619.2043545513762,260.04847139101,19.794209535582425,-115.77073776137068,-400.1129626923573,-683.847923528299,-733.8499121670253,-693.8514505355986,-405.71272436294,-596.2508281067791,-255.11378837843512,-100.95368330294184,-282.37020328860814,-131.04355421992992,-103.36169180698862,-238.13517129015648,-375.1985819794051,367.2059487640375,866.6305065165,874.1682087874603,467.3991690302356
-232.1509877809244,-618.7194007132891,-558.5648305438045,-493.9847962553073,-551.2985356639848,-831.2547642007994,1054.3609633006463,15.854203531409404,551.1169762053411,773.6786669426774,-267.07613912675845,-359.38837388914993,756.2985239102172,-371.2519889433831,589.1899298544337,676.6581649901353,-273.4961242646678,-501.90250996062827,458.1373201462609,829.6596366168952,702.5705355686163,720.3444539682766,689.9316906716322,494.26038455223545,884.8895149525654,-494.0342400457087,-295.2256330029686,65.62963030476189,303.9959124842724,101.48888790761404,885.606987844197,594.0434119131983,505.8264681598898,200.6658288957228,752.4125526632665,-123.22230266726532,-397.3862367290287,-517.3505319683952,498.21366115023153,860.0830143172262,838.6712507225167,-247.50614368096265,-131.0281713077226,-422.1484303817401,788.8596299221754,117.9475983388382,-277.22792675885705,653.1763283419248,833.9397174833783,-119.18480223474889,-37.82302687431409,-62.45932121180047,686.0558894278107,656.6982029708416,-197.9136064672676,-309.3018867421105,-416.7462059888669,-683.6412965233923,-628.8574145836972,343.8678738568372,-22.907633872765985,-145.4263895065639,-409.0041585337665,-677.3853378055916,-749.4286788796455,-667.6922418928232,-358.08331274661384,-598.4935509308351,-185.0783244848445,-23.024411558069808,-321.88605168056966,-144.51428958755264,-125.5289960124612,-269.615098843873,-368.5758625941631,439.23832082843217,901.9418171862446,923.2546228056434,560.4340326551822
-246.6280973986181,-642.1625777182339,-579.7855155179626,-509.5311476632321,-579.1636347287343,-779.3746520819442,1043.9964424246011,-25.27908227490404,482.2502005628829,748.1083139339429,-187.515545482852,-363.6024828278401,717.7842627472065,-372.80830662246245,637.9105998697592,620.147183075152,-286.9794278523552,-466.4318740931105,539.4357224776261,830.763995529388,671.0115084345153,776.0348737183912,728.5369160655587,453.2425278482063,936.3802812315896,-508.6011001690375,-320.9335927944488,17.904767315047255,253.25695511634748,55.10867517185892,842.8697666975833,667.5646643985704,582.4003236953553,287.7425637144789,780.0393205898692,-154.0613069994799,-421.1825042775825,-486.584706282623,449.162756619762,829.0710082997175,804.1615174714099,-282.2496477958407,-142.52726988216148,-438.2353036807023,866.0443845752617,209.4429596376177,-215.0961860992564,662.3668023446007,876.1096848975371,-29.244744846108443,-61.35561344774431,21.860112019711668,664.6626624031501,612.0138122804889,-234.23020231540792,-345.28778851332663,-434.5237934403111,-666.5871897450799,-633.6211783123963,425.0086294752672,-61.91984105556132,-172.18912536668392,-420.5371765777314,-664.1619861853632,-759.7275594853463,-633.1556745155281,-303.3453141985962,-595.0922793257621,-109.6470416032051,57.642605685348656,-359.9711294378366,-155.2227196716372,-145.00254180103832,-298.0186067285936,-362.0338613046139,505.6029933500529,928.2877480316264,962.8564817027084,649.1009037401535
-262.1631298185647,-663.5161835545827,-601.7338620388219,-527.2912638022055,-606.0432185168411,-717.6016057386393,1032.093818698921,-63.58660321871007,412.1717485072084,717.419212748997,-104.09456506463523,-370.1965723825389,675.2918820307063,-373.6417062778776,677.9432700875963,562.4181976246218,-300.0031531993662,-423.4303156935711,614.6545743771788,824.0980473585761,635.9581547185834,822.8681395163344,759.295660499222,411.47115634201,979.1946542303336,-521.5775285517319,-344.1341958006378,-28.213891783544,203.2753424118085,10.9957433524557,797.7012459426355,734.827023503998,653.0028642404873,371.7779275993999,798.8870270461805,-182.76889639772597,-442.1404043882806,-448.0640437989808,398.44263487875895,794.0902631203287,767.0478645109906,-313.2445617570822,-153.62602844805107,-455.73150379591567,935.3669965460108,300.2533264928981,-147.8180329635601,664.7593112848039,908.0346959673052,61.02313232930626,-82.7325511658252,109.90711905354996,638.9401248808133,564.6569778642399,-267.5305003186424,-377.3298019797151,-455.0844459467448,-642.1371607334207,-632.8838511905255,502.319424149756,-97.17819794473048,-196.1522092539005,-434.7051845352448,-643.6726438483197,-763.9292180561447,-590.1815932810705,-241.88236722572904,-585.3467854999549,-29.886048141851905,139.77521743893635,-396.94390800291046,-163.29161570303873,-162.00373539382502,-323.28623633268603,-356.12910096611466,565.3982152731373,945.8234004043234,992.9994948670716,732.3929536308236
-278.981358708281,-681.9481062270435,-623.7870980005295,-547.1342147955957,-630.9226769381926,-646.3068405945854,1019.5995290320598,-98.98027764913496,341.4401640704264,682.1673056688908,-18.114518686826774,-379.1708519387302,629.3101822789265,-374.20005550990896,709.1986601552048,503.97968411012,-312.86603373122364,-372.9129221713816,682.9091589472664,810.2542813365845,597.9526324721908,860.6209451186223,782.1897209412683,369.179578659313,1013.2347047252003,-532.0861865433473,-364.8550891923401,-72.42728276162208,154.31719364870332,-30.586692266787157,750.5909805035193,795.1235377851408,716.8371542271952,451.5962755810284,809.1556558841514,-209.13824881588016,-460.44038812594334,-401.8373832110716,346.45617549712983,755.5249657540568,727.7522944940171,-340.28347732476146,-164.62331554152254,-474.0861617269328,996.2321459471708,389.1149670724669,-76.139202900757,660.8335762197684,929.9393408464985,150.2805984312892,-102.21558000645918,200.4170413798805,609.4539272252631,515.053638124478,-297.54595142973966,-405.4781260740229,-478.1468224078244,-609.9443536061082,-626.0810486543487,574.7668343937088,-128.6926322652416,-217.46420688828013,-451.38719656849975,-615.5498467348401,-761.2827891412207,-538.9155028096968,-174.25100326963104,-568.6546017311375,53.01922091001742,222.0443927566236,-433.10861832629786,-168.90473004057498,-176.80287942116536,-345.4056708146537,-351.3958655044626,617.90066444004,954.8314641240884,1013.875822922829,809.4479749328888
-297.2643413616369,-696.5841103686881,-645.2350145766766,-568.8355807408509,-652.7395835801757,-566.113148427346,1007.427952650692,-131.42198958033956,270.61407573943626,642.9034982797327,69.04840601867956,-390.4195979545113,580.306152554429,-374.93045621693807,731.7632181096334,445.35770078913134,-325.8553179654392,-315.07436990733646,743.483677497711,789.8712862790239,557.5032051920015,889.2464814803707,797.3388232790363,326.5542465166038,1038.567187053024,-539.2265443965638,-383.1558420442127,-114.4425334197324,106.64994352269908,-69.40774140539628,702.0098630752777,847.9139113416103,773.2861437379823,526.1468345559263,811.1855049454143,-233.00350008458128,-476.31950330533175,-348.15401005135084,293.5926128434465,713.7444361625093,686.6601522287215,-363.2234101905196,-175.8107359211106,-492.63891273511945,1048.2488726138324,474.8256130440831,-0.9466051846484602,651.1325348024044,942.2026514989278,237.2372592561342,-120.10384087944094,292.04724983275645,576.7425540991699,463.6128042882222,-324.0595293697179,-429.8491047306324,-503.3138592917098,-569.835700460386,-612.7176083303735,641.4566156025784,-156.5450435432697,-236.32342545128827,-470.3448343095588,-579.5851142669945,-751.1336859399307,-479.7155369558111,-101.17209641100648,-544.5365473896867,137.79932979303584,303.10530672456423,-468.72952828678353,-172.30611707929268,-189.7122331416535,-364.411687518996,-348.33135236031893,662.5750141876347,955.699241020827,1025.8209012014463,879.5601273956797
-317.1391124366937,-706.5305049193739,-665.2926427678055,-592.073251007526,-670.4127141947571,-477.8885883088599,996.4268139853226,-160.92746792725404,200.2486317891505,600.1671954815499,155.9864711656884,-403.7288512352752,528.7267411961659,-376.2661988194282,745.8769398811841,387.0874040430441,-339.2362105574587,-250.29531684195243,795.8399953363635,763.6109413924761,515.0805825851892,908.8595416099456,804.9816345352674,283.74587624744095,1055.4052452366725,-542.1024065404789,-399.12846746090673,-153.97859462613854,60.54093049017382,-105.27729847513548,652.4110083645159,892.8282213383025,821.9180723905619,594.5278664433672,805.4344545606458,-254.2486211489197,-490.0665143204615,-287.4663076983974,240.23351986563185,669.1074131520359,644.121984044818,-381.995089450706,-187.46637057892988,-510.63495594873547,1091.2247587891425,556.2754287015509,76.75400634954362,636.2369747433344,945.3288862787298,320.6847269198484,-136.72620444039606,383.4188591600383,541.3087111445959,410.7313931934885,-346.91530113037686,-450.6228128840388,-530.0763479628469,-521.8285316058744,-592.3896559633429,701.6484161931587,-180.8849021162807,-252.97085246223685,-491.22207870077983,-535.7462214061935,-732.9526013305821,-413.1516992531192,-23.515710478768035,-512.6597009145908,223.1388241451536,381.6385383914787,-504.0062637236753,-173.79809186212947,-201.0782634528194,-380.3852020411642,-347.3809341805937,699.0756311497021,948.895285169226,1029.2877204650083,942.1852260825664
-338.66682225454844,-710.9003203131767,-683.11638587747,-616.4254907067667,-682.8741943345431,-382.7306182952024,987.345384619562,-187.5690777500768,130.8900437379416,554.4822170143437,241.3042014395288,-418.77681779532855,475.0020030962843,-378.613751058961,751.9076359791395,329.7026769377242,-353.24124234696194,-179.1419264250701,839.6194917739978,732.1385445616739,471.1164070983044,919.7176139170364,805.4544671461338,240.88103300751447,1064.086976781938,-539.8513039102183,-412.89751859385433,-190.7730751408164,16.25443666722164,-138.053880811233,602.230334529516,929.6641922529288,862.4842552594163,656.0041114603197,792.4538717324604,-272.8145842737744,-502.01491087795847,-220.4249099952453,186.7578782398426,621.9671108616382,600.4565660088319,-396.61051306823566,-199.8488106235143,-527.244402134712,1125.1525923846143,632.4730834657021,155.86603455615258,616.741856689755,939.9170084699124,399.5262265542953,-152.43251287138403,473.1596207737772,503.61426273265806,356.7990367882189,-366.0263450091417,-468.039117634672,-557.8195371948126,-466.1408390960327,-564.8059715944727,754.7638342573617,-201.92293176695367,-267.6819736688088,-513.5482468501899,-484.1893532738713,-706.3623380812166,-339.99694925390696,57.72026153551536,-472.85668741093457,307.71515425159583,456.3894118107187,-539.0512246193111,-173.73777484349927,-211.2732306698192,-393.4515745825767,-348.9238429384541,727.2409802708731,934.9469184692648,1024.8199480169203,996.939926076926
-361.8312854142157,-708.8422901858062,-697.8235409523073,-641.3717285363717,-689.1038873259051,-281.9408750109244,980.8070112333022,-211.4771623950052,63.068434260101895,506.3547372427888,323.6605935296999,-435.1371085807514,419.5490076051413,-382.3400478073676,750.323302473126,273.724442125359,-368.0598359932545,-102.35805134174664,874.6385096951371,696.1064087808771,426.0035898814248,922.199126784912,799.1689413234853,198.07347815672796,1065.0521469542905,-531.6748644558478,-424.6197376036772,-224.5899077128684,-25.95259744781065,-167.6513708950611,551.8864717452811,958.378588105212,894.909875305179,710.0170592735976,772.8643719057789,-288.70445560235146,-512.5339354295471,-147.86609058061885,133.54563240707486,572.6762919088485,555.9546725019753,-407.1682705540446,-213.19146234881123,-541.5855410918368,1150.1908190950849,702.5660215913009,235.23452264366813,593.2353032492244,926.6304665204962,472.8005491184408,-167.5839781324181,559.9458635933153,464.0784099464781,302.20224419202503,-381.3806379639512,-482.39236383704224,-585.8329043245832,-403.1943326749771,-529.8076009545055,800.3880808273633,-219.9232908549345,-280.75788327107057,-536.7443748490089,-425.2651201774373,-671.1610823131949,-261.2101555496242,141.43690385936404,-425.14022969292927,390.2368081424628,526.2036657970901,-573.8701715020369,-172.53216115886443,-220.68624443312436,-403.77835780152793,-353.25960982042227,747.0816542662403,914.4196538739088,1013.0251870838832,1043.5954317279554
-386.52804424646666,-699.5716852375921,-708.5149897179281,-666.2964832959617,-688.1649384912946,-176.99133579420842,977.2872978406364,-232.8396370255069,-2.7106966173103437,456.27280111750525,401.8077426359214,-452.2848975246258,362.775924408697,-387.7603003280423,741.6641922897686,219.6482708957872,-383.8283543695426,-20.850013496360656,900.8782029512612,656.1411920862528,380.09818466396257,916.780033462905,786.5898247212863,155.4346502640441,1058.8182829549398,-516.8691434025653,-434.4832168328607,-255.227412687744,-65.83591681794177,-194.04423614553895,501.77977021152975,979.073561599816,919.2787350672618,756.1879933803351,747.3325145739818,-301.9861672303008,-522.0178568419265,-70.79153847640771,80.9792785308977,521.591711431112,510.8832091319076,-413.8562217485845,-227.6970784936329,-552.7514709768575,1166.639354719245,765.8543965028033,313.6816023704507,566.2810206653336,906.1687407282888,539.6996343324596,-182.5429860683738,642.541418076412,423.0786521218065,247.32739958579413,-393.0446376579824,-494.0248578621776,-613.3231733192212,-333.60978490906786,-487.38461309820536,838.2658062701772,-235.1947231569698,-292.5160983378603,-560.1331138674516,-359.5176563739752,-627.3407904914934,-177.91140694956246,226.4654241292934,-369.7120517864904,469.4790073606239,590.0578999934019,-608.347036626167,-170.6316442339947,-229.71392908705425,-411.57264429319576,-360.5956143596499,758.7631894639427,887.8992916921144,994.5495319107152,1082.0665653383649
-412.5546612849769,-682.4018309990536,-714.3006562233115,-690.4967815062703,-679.2392198729962,-69.48311627182395,977.0989769787408,-251.8996171141669,-65.97598621918222,404.7069165060837,474.6241611178698,-469.6060187351454,305.08577495947026,-395.1265130344464,726.5160321202534,167.93189545123823,-400.6209423830616,64.33563947855586,918.4698001837088,612.8349781000537,333.72247575479764,904.0098958429232,768.2141564577518,113.08273931377155,1045.957256747348,-494.8537834899324,-442.7060070884388,-282.5262899576598,-103.17006784837896,-217.27087612839608,452.29032705411663,991.9790115640008,935.8131779473918,794.3141337375827,716.5493157658725,-312.7928509311603,-530.8738012854742,9.658880305610994,29.443220161407897,469.07743532926776,465.489402475272,-416.95122983699633,-243.53246436805557,-559.8393466918421,1174.9124645893692,821.7985179064759,390.0431680208111,536.4046839519857,879.2419053584338,599.5794573683607,-197.6625485491501,719.8316738512028,380.9539820924247,192.562216840646,-401.164393240342,-503.3193334047001,-639.4305714866471,-258.19457634778985,-437.6889285723902,868.2918764255129,-248.08115973461915,-303.28145679638084,-582.9521534350414,-287.6763649647819,-575.0994976509007,-91.35062716629136,311.60124357861935,-306.965428881084,544.3154968606588,647.0835957931637,-642.2339344526836,-168.52192232243098,-238.75084949785764,-417.0781261175354,-371.0361131652812,762.5849795408152,855.9771709162832,970.0543964379948,1112.3971687570763
-439.6030248864869,-656.7749737128289,-714.3271266809644,-713.1933221831958,-661.6612821961861,38.90037381757451,980.3841344595036,-268.950962101389,-126.30024710497068,352.11121432853747,541.1414327774247,-486.4089656234752,246.8794307456014,-404.6168882223624,705.4856089275055,118.98319390808906,-418.4414922681925,152.04057157933124,927.6764321754612,566.7399096785371,287.16894548578534,884.4885448663013,744.5525952397583,71.14991677116731,1027.073306664915,-465.19879434166535,-449.5340848560339,-306.377063294907,-137.7549972338047,-237.4348459573349,403.7750876032385,997.4321337456844,944.850565378997,824.3585395390113,681.2112391188459,-321.32074659115483,-539.5085167847527,92.24032466501195,-20.679178097797998,415.5067027369948,420.0048081153325,-416.8157672347603,-260.8233163365447,-561.981333400458,1175.5104291920984,870.0200174892019,463.20494566342006,504.084566658711,846.5491832091845,651.9642682791098,-213.27563105087,790.8512661608296,338.0097214797631,138.29542461129995,-405.9641276984996,-510.6905775578612,-663.2482082776716,-177.92278691562086,-381.0422359273457,890.4980513546604,-258.95221891952787,-313.37742315992364,-604.3710761084905,-210.6402810710949,-514.8465721367351,-2.870840962361492,395.6394263300838,-237.48094274504044,613.745221281844,696.5839256487484,-675.1471952365245,-166.7142306426611,-248.17985926065677,-420.5719165848755,-384.573129086579,758.9566591990786,819.2387776874712,940.1963899833366,1134.7428869282514
-467.2544731749111,-622.2910541203939,-707.8066234977099,-733.5455150299274,-634.9493303830678,146.4438147564452,987.114032801185,-284.331713767256,-183.31054022812347,298.92469929369315,600.5632942195684,-501.9396974340721,188.5575410981421,-416.3263140266815,679.1796813901691,73.14916009888508,-437.2170704596186,241.0280422993733,928.8727091496332,518.366006550825,240.70477916893128,858.8442701194635,716.1137211215822,29.787398224018325,1002.783267463232,-427.6477064056733,-455.23857081264674,-326.7265242032688,-169.42285166975657,-254.70382043847093,356.5641903190119,995.8553993462584,946.8177843413896,846.4347092275996,642.0040990049212,-327.82481861493034,-548.3144939195092,175.64068436351474,-69.01070063276175,361.2621672979826,374.6489546497432,-413.8913364869522,-279.6491712336388,-558.3762073667081,1168.9916156366455,910.2972499534856,532.1361680546846,469.7464441409541,808.7621593611116,696.5445684787949,-229.68456482953275,854.8043276813445,294.52340060195405,84.91461088638712,-407.7423377060584,-516.5763746710837,-683.8443307422924,-93.90860181888556,-317.9381761242313,905.0366227524306,-268.19397752928614,-323.1180575741364,-623.5114266246042,-129.45546940448574,-447.2002352266898,86.1322359410093,477.4097357000861,-162.01531872151023,676.9130031471113,738.0430126434484,-706.5700189651948,-165.73387804467993,-258.36253634580646,-422.3611162491785,-401.07958367912494,748.3733104872018,778.2556540941523,905.6107937365588,1149.3524037266227
-494.9785061251935,-578.7329189897368,-694.0463380910414,-750.670355447075,-598.8317117309133,251.45154994922348,997.0963427199072,-298.41550077621724,-236.69778670051213,245.57217765771907,652.2767206900994,-515.3990989296329,130.5211704503355,-430.2581625690472,648.1878795471156,30.7063033675338,-456.7931364089412,330.0196461962488,922.5231985240875,468.1816734281986,194.57656598174623,827.7143282688012,683.3917810182462,-10.831862018758514,973.6995867070444,-382.1358862302489,-460.11207760920814,-343.5827741592267,-198.0447068822953,-269.3062875090833,310.95680942090047,987.734164005145,942.2052599049068,860.787016716776,599.5900929079462,-332.61231128721846,-557.6558906810014,258.52100779315066,-115.1872175720158,306.7345003586703,329.6324792749564,-408.688771097895,-300.03847512174946,-548.3204423291736,1155.9463804393863,942.5556953111776,595.9192282116501,433.762556030561,766.5129897939263,733.1694867417748,-247.15073461145172,911.0767390238118,250.75111807554157,32.80230410722919,-406.8655484503112,-521.4278955033624,-700.2870656661124,-7.374180414837093,-249.03820080291877,912.1621080819912,-276.20027938824654,-332.80082768109577,-639.46965126547,-45.28630645296284,-372.97702313563866,174.25239001137822,555.809615202142,-81.48357554574676,733.1236987243208,771.1277491209239,-735.8620473233543,-166.10712771723576,-269.6298624072572,-422.77904087208617,-420.3050478240225,731.3907588227415,733.5803279860925,866.8989644190586,1156.5481749889104
-522.1357595274434,-526.086551029577,-672.476972868435,-763.6649081069503,-553.2674593692185,352.2979042526237,1009.989175489734,-311.6010597245104,-286.2254290315978,192.46453290376084,695.8550789259243,-525.9628727015214,73.1710136671803,-446.3176648510217,613.0699620341126,-8.147146788926692,-476.9308587145561,417.7335865203171,909.1608618952444,416.6163291148065,149.0148656792224,791.7283689958964,646.8581147611709,-50.512917824947785,940.4165083891124,-328.80290830329994,-464.4640599880522,-357.0185407706963,-223.53696101779147,-281.5260806397467,267.2168025411986,973.5950090706368,931.5418649593624,867.7682472194398,554.5979888337673,-336.03454142808715,-567.8547133968071,339.5566718510643,-158.8659407499212,252.31946314301555,285.15963340083533,-401.77560332004094,-321.9638160077892,-531.2375639700953,1136.9739621793358,966.8543083088886,653.7739515360404,396.45419322767816,720.3876055418149,761.8344319763505,-265.88471822358105,959.2403200315804,206.93386698161336,-17.66949975544157,-403.7599360239756,-525.6996308766894,-711.6711062742361,80.3865486764778,-175.16079808453847,912.212082875484,-283.3647171358096,-342.7003603610703,-651.3424346925458,40.61812033442492,-293.17327823131035,260.11489868097254,629.8335230074259,3.064909890009804,781.8496759716658,795.6826933204211,-762.2757961305734,-168.3465436314625,-282.27328030758923,-422.1809766882,-441.8744651511773,708.6020903009342,685.7438114181712,824.6197647153783,1156.707635643634
-547.9857592523082,-464.5550300426551,-642.6792370759634,-771.6319594186278,-498.4595824921027,447.4738783597656,1025.320944708165,-324.3000893549127,-331.7366733646168,139.99811427857205,731.0538601221498,-532.8035660300759,16.905139886147815,-464.3071659550129,574.3475226940731,-43.29692894721939,-497.3067923379322,502.9225661682123,889.3663800224347,364.0645572464874,104.23833536261183,751.4951701996517,606.9562480109768,-89.04096729404151,903.4996072687744,-267.9980669139682,-468.6150523902071,-367.1725391753496,-245.86712563762072,-291.69496776441974,225.5684936717325,953.9857643579554,915.37196303116,867.8155445145775,507.61633384069177,-338.4772622373474,-579.1776880607781,417.4772673112871,-199.73436998937785,198.4136499359408,241.4300529430645,-393.7608079823159,-345.3374076445801,-506.7045509577351,1112.6632102975127,983.3688697335548,705.0754766248041,358.0972927053258,670.9235911799831,782.6650525860824,-286.0370479865043,999.0493842578486,163.30337794888635,-66.14604689763617,-398.9010857146063,-529.8389547038468,-717.1456508712181,168.04647492474274,-97.26412235057234,905.5881598061728,-290.07328586776805,-353.06314142884844,-658.2538367333149,126.96096533216364,-208.9391938674219,342.4163715454968,698.5972912020433,90.47546464838534,822.7318095945601,811.7189060756789,-784.9795167676344,-172.9350225589712,-296.53623259011806,-420.9392931386239,-465.2901680909249,680.6163515476289,635.2551003111737,779.2849046424658,1150.2457489082174
-571.699768211195,-394.5651485557588,-604.4069977182793,-773.708180363092,-434.8600466824924,535.6280871917178,1042.5148015493655,-336.9237136504416,-373.1598761877676,88.55309902528332,757.7998917932326,-535.1143404500997,-37.88470644815216,-483.9235895272628,532.4999900677849,-74.71610543989453,-517.5151249294761,584.4094244638769,863.7491382994051,310.8911883655439,60.45714794819588,707.5928638982584,564.1004079796775,-126.1857070931288,863.4786655528454,-200.27837321779728,-472.8897146483623,-374.24875648186463,-265.0587389879078,-300.1836015752411,186.1929176781661,929.4579755451674,894.2356022731078,861.4260583845157,459.1894244098461,-340.34994094990225,-591.8242203936236,491.10328267396216,-237.5192447278471,145.40916935761064,198.6397053031604,-385.27734975410334,-370.00696148202496,-474.4741088011209,1083.5776685933215,992.3734345567048,749.3651424921073,318.9302942549935,618.612127617137,795.8986245958238,-307.6897680118845,1030.430495834387,120.08709876380388,-112.29737777795364,-392.8021910358387,-534.2754085662299,-715.9427607094598,254.28446189360292,-16.42244742978953,892.7379974835874,-296.6975840290354,-364.103079353258,-659.3835134966349,212.43620214332765,-121.54637602771156,419.9606762801546,761.3565138779454,179.52104424268285,855.5744992736213,819.3978458070925,-803.085709175319,-180.3088383069517,-312.60624882359974,-419.43772990502254,-489.9374553574858,648.0401987959212,582.6020540857384,731.357884666469,1137.5996183960433
-592.3787955285686,-316.7658898086703,-557.6058168902529,-769.0939289079513,-363.1657390717005,615.6001907816307,1060.9162024057862,-349.8678879074024,-410.5116811597864,38.49078302719357,776.1752231966109,-532.1339786336405,-90.81814172039071,-504.7584491403608,487.964551602023,-102.46594349254494,-537.07263465992,661.1188243305082,832.9304700814192,257.4367613436357,17.87548413579765,660.5626319474394,518.6770229155486,-161.70762756943458,820.8437049463429,-126.39870634974378,-477.6086657789282,-378.5136424421989,-281.19511935442875,-307.3911980387404,149.22482567744734,900.5523744489277,868.6526140433565,849.1334927576622,409.8156875290427,-342.0742827305152,-605.9157956363717,559.3779214328758,-271.9948313585993,93.6875675939063,156.98094655566072,-376.96306468374496,-395.7521405695264,-434.4917419760176,1050.2452163279154,994.2209493143266,786.3542118959297,279.1634458550278,563.9031572997501,801.8640222202172,-330.8489759765916,1053.4665941923363,77.51200319328164,-155.82628334614466,-386.001018519398,-539.4098282600979,-707.4051822454699,337.8232505421003,66.20274089729212,874.1390516012582,-303.5883509621194,-375.9977639617917,-653.9951961497974,295.76701325209393,-32.350292644759776,491.68946425566384,817.518362253089,268.9375304173826,880.335473031909,819.0116013045582,-815.6842255337115,-190.8401320227106,-330.6076229454178,-418.0646871853248,-515.0939317254059,611.4630513670078,528.253039781152,681.2560693354552,1119.2157054441986
-609.076573189998,-232.01833155710017,-502.4257176284973,-757.0836306855805,-284.30514682670326,686.445557816547,1079.8220908386147,-363.4981437431081,-443.8975646969556,-9.850155937280933,786.3970698289295,-523.1724909055163,-141.53233444828228,-526.300734800684,441.1394626092584,-126.69426893804015,-555.4264311180489,732.1035831680468,797.5295674832445,204.02287067836428,-23.307059045398447,610.9056670304955,471.0486171133873,-195.365880089731,776.0438305293106,-47.29415960294925,-483.07916342432486,-380.2912810507668,-294.42168307889267,-313.7343446924607,114.75070459905146,867.7876967113227,839.1110743523931,831.4866102045044,359.9480594027162,-344.07231123277813,-621.4871202265373,621.3927512561103,-302.9899575431912,43.61330915403888,116.6416468433391,-369.440481236506,-422.28184818159,-386.9066999260921,1013.1521868969852,989.3240344023272,815.9206805483528,238.9887381291373,507.21277825295385,800.961393053494,-355.43855798502307,1068.3768706939857,35.80699890917128,-196.47621514108732,-379.0459716346935,-545.603473830927,-691.012581392341,417.4643923320809,149.39582378856048,850.2845813215337,-311.0690971472798,-388.8851876361156,-641.4644967644595,375.7422073574295,57.25067922377031,556.7061683561668,866.6466470353712,357.4597925105072,897.1113282744342,810.9608092401429,-821.8786925340347,-204.819381945957,-350.5947146414461,-417.205387407426,-539.9427247852612,571.4460838014372,472.6587841291421,629.3552968299638,1095.5399946304524
-620.8270333155557,-141.37695963836066,-439.2272121681864,-737.0955235304036,-199.41596248884275,747.4504617592748,1098.5102037519443,-378.1341328755174,-473.509516527267,-56.15829519955622,788.7952844323273,-507.6365406806088,-189.68909570605013,-547.9429753911575,392.3900701457486,-147.63132979258992,-571.9644781124847,796.5646175090657,758.1522763324991,150.9569785222193,-62.89523146476167,559.0830392350687,421.5594146180457,-226.9272763415992,729.4884168750648,35.94497198704891,-489.5847731422409,-379.95668735922754,-304.94658165702424,-319.6353485392147,82.80800354660421,831.6529771523105,806.060278093454,809.0305568945532,309.9959122212058,-346.7542878911363,-638.4792653430031,676.406316652211,-330.3933356806667,-4.472877610716027,77.80336859737837,-363.2962249290751,-449.2326571294188,-332.0760725928085,972.7416453733194,978.1368066356658,838.0997969490431,198.58969353465747,448.93181607937936,793.6425655807618,-381.2953453920012,1075.4938866880264,-4.796213837521961,-234.038715098582,-372.4815883158949,-553.1673677300691,-666.4050722391669,492.11869831273,231.9228004095908,821.6722145639591,-319.4296045073678,-402.8606696572006,-621.3050176807656,451.2490151854026,145.8576649028274,614.2927453255716,908.4603616766848,443.8568946114927,906.1198831870324,795.7315836598679,-820.8248336446793,-222.4384709258507,-372.5459288796493,-417.2328422997308,-563.5895864770083,528.515169316132,416.2539768928249,575.9963512367015,1067.0112423760345
-626.67554950676,-46.0628458602549,-368.5798944419736,-708.6994503312437,-109.81432675527188,798.1376877704928,1116.2671304312366,-394.0344879272653,-499.6206693002935,-100.1548027561886,783.7888008860051,-485.05376963157767,-234.98254639675332,-568.9907291174848,342.0567957073098,-165.58329202636693,-586.02882496314,853.8639049412305,715.382803243911,98.53635244362182,-100.6990818065604,505.5179900814424,370.5419177712464,-256.1759315155706,681.5500786037973,122.10469944631036,-497.3742589102529,-377.9274223895256,-313.0394679507432,-325.51051817369324,53.38568903514735,792.6032468684429,769.9080730553433,782.2916453877074,260.32806580616455,-350.5067222630913,-656.7350397156563,723.8553031770366,-354.15687827765754,-50.260504470965,40.63861364263015,-359.0606602699281,-476.16872441153936,-270.5615596553363,929.4153152057966,961.1384652219452,853.0692217430714,158.15031771774238,389.4345608467352,780.3930643883655,-408.1659385357693,1075.239420587223,-44.06389575807324,-268.3599702381392,-366.8338036910276,-562.3520820332964,-633.4029012326027,560.8309816560032,312.5680022170783,788.7951761574967,-328.9191399110948,-417.9737441610245,-593.1916691684579,521.3008465390589,232.1131208728478,663.9188483413827,942.8263102092754,526.9649288659424,907.6804618212047,773.872689025557,-811.7691796205369,-243.7750351102427,-396.35847385889394,-418.4976484110935,-585.0837571175459,483.1576726585028,359.45829231674816,521.4925946682014,1034.0572392173683
-625.7129476217483,52.57036228720515,-291.2532353486745,-671.6413471804793,-16.956888994034554,838.2629760258193,1132.4139416205585,-411.3825606954038,-522.5768035949052,-141.59920495012756,771.8623862948078,-455.09499026265775,-277.14698837837165,-588.6756772954329,290.4642779526428,-180.9235648504129,-596.9314032204801,903.5303203030188,669.7781888980234,47.05087930034803,-136.53604324408624,450.60009930866494,318.32373037032784,-282.9230440058671,632.5688228574418,209.88408342536556,-506.6500065308285,-374.6537542335465,-319.0282781905019,-331.7587394843116,26.42617598685026,751.0583674406023,731.0221240174933,751.7659841396875,211.27642946462475,-355.6806992383094,-675.996793614666,763.3582800421195,-374.29687676557086,-93.47541880881865,5.307196247738219,-357.1884161971215,-502.5835534631348,-203.11873232241769,883.5384993162136,938.8191922661384,861.129972992789,117.86262555822772,329.0867779426096,761.7164096383956,-435.7054511326912,1068.1004367691032,-81.76261080616379,-299.3461545985256,-362.59530428235325,-573.3382402498798,-592.0211851184806,622.7982368952603,390.16997772062126,752.1361059157517,-339.7393195868328,-434.2248395945984,-556.980065842236,585.058904897841,314.7400890276902,705.2435179279724,969.746722562312,605.7161414079817,902.1932242119836,745.9740315373842,-794.0866079323264,-268.7788190864237,-421.8440604515326,-421.3167410474558,-603.442315476097,435.8227872657708,302.6766253365189,466.1380748743562,997.093828419529
-617.111056624887,153.0762181499981,-208.1996132642299,-625.8631083137462,77.60272544253952,867.803201185745,1146.3284417103234,-430.2736147011221,-542.784789856005,-180.2952667558483,753.5448537143159,-417.5931486135517,-315.9645765927584,-606.172384876169,237.93087503965813,-194.08221498698828,-603.9721783698669,945.25863917024,621.8652531424465,-3.2154003636695303,-170.23402680809212,394.6907356042684,265.2339456821408,-307.01631553570445,582.8567834765736,297.9356170627528,-517.556358578239,-370.6076228247724,-323.2940037494712,-338.7506518529702,1.8286058150732996,707.4045756399846,689.7344475421484,717.9120880360797,163.13984886423515,-362.58072871402,-695.9068330284873,794.7124396686315,-390.8930726522684,-133.88526256190136,-28.048147666848287,-358.0404250394005,-527.9039592367865,-130.67894165268535,835.4472385619214,911.668737667492,862.6844296258871,77.93227443301915,268.25228930580136,738.1211488553073,-463.47842890168175,1054.6064004832613,-117.6630496606775,-326.9672897160297,-360.21129297014807,-586.2280107536818,-542.4787136767716,677.3808183858545,463.6548060006031,712.1632464766816,-352.03667109708863,-451.5616831173525,-512.7208939096903,641.8469322599218,392.5770746782949,738.109850248862,989.3429722836918,679.1632679755375,890.1185884548554,712.6473416646119,-767.3151465951829,-297.2607797378265,-448.7257728844229,-425.96135230722905,-617.6775622260683,386.9249231484638,246.29846191578716,410.2154828977799,956.526262936801
-600.1583746049142,253.95919075544265,-120.53004268380758,-571.5166203198281,172.26112982557342,886.9375588828146,1157.4633591358088,-450.7040346939669,-560.6981795254754,-216.0966257991843,729.389654821486,-372.5579637948778,-351.2723812573719,-620.6186408621154,184.7777616267413,-205.533778349269,-606.459374822315,978.9023865848292,572.1396038287035,-51.98409888545717,-201.6353291366544,338.1292051443174,211.60850817268775,-328.3485542122503,532.7029854655781,384.9074100706492,-530.1682890484701,-366.2706923840993,-326.2635123294233,-346.81866590211354,-20.546630537802848,661.9981848986758,646.3483920862544,681.1473606035952,116.18778025007607,-371.4543096938765,-716.0105993132906,817.8840790708937,-404.0857806302982,-171.3040978453975,-59.30674202699188,-361.8680819752805,-551.4965583745474,-54.32439102440049,785.4568882295874,880.1678754719053,858.2127046313168,38.58196766950535,207.2976479270529,710.1108308342275,-490.9621860797144,1035.3089405130413,-151.54514842601867,-351.25942879359275,-360.0659758143613,-601.0378690222042,-485.200029200434,724.1066209943117,532.0652731214559,669.3286662177512,-365.89505161984846,-469.87549000880233,-460.6682361017104,691.1587727607217,464.60705439315774,762.5334241777339,1001.8366315200522,746.4982888021842,871.9576841553741,674.5096896146131,-731.186515489221,-328.8856719648959,-476.6363992061805,-432.6445326791248,-626.8267920208089,336.84948372348055,190.6964101134976,354.0034211750159,912.7523560542623
-574.2942864251479,353.720203267522,-29.483497820152195,-508.9709457711203,265.4139454845076,896.02328268018,1165.3600583918358,-472.56307283081657,-576.8003129198494,-248.9117981931643,699.9585106845659,-320.18523944969587,-382.9684416886299,-631.1391071815905,131.33692382750235,-215.7838153275586,-603.7314061760894,1004.4615168647032,521.0662294802399,-98.98360299049462,-230.60110422702516,281.239040838938,157.79407231775,-346.86506120116775,482.3776770261534,469.4852122625982,-544.4808783661435,-362.12179791971096,-328.40055306373034,-356.2479902213568,-40.87229707552416,615.1708036102906,601.1471457058553,641.848121529084,70.66347634900767,-382.48239137084346,-735.7627433623273,832.9938178894595,-414.0713196948949,-205.59603729031144,-88.37530418096966,-368.8000990164616,-572.6770477175317,24.742737370801997,733.8712693652222,844.7827398931616,848.24866343699,0.0524285430282742,146.5946635117707,678.1769038913998,-517.5527832104491,1010.764604458803,-183.20424626461173,-372.3250421944909,-362.4700719027172,-617.6928989617678,-420.8102840264802,762.6686880503379,594.5846221670126,624.0681025795584,-381.3281877216491,-488.9971268129986,-401.28102122878977,732.6588704047392,529.9795131514599,778.6855272077522,1007.5291302324036,807.0651276300281,848.2346330021667,632.1702299246302,-685.6509621290571,-363.1688114193837,-505.1185517843048,-441.50869762253393,-629.9836123709123,285.9602322100864,136.22400538867433,297.7825406047913,866.1667913901044
-539.140204302632,450.9017514621529,63.60887585411282,-438.8118974387856,355.5039073376644,895.5675464593546,1169.6576137930776,-495.6275861498957,-591.5854590098803,-278.7081705577472,665.8084704414312,-260.8600224674362,-411.0164462656571,-636.8717965056446,77.95745145760422,-225.35458476217067,-595.1800310311914,1022.0661238433522,469.08116945448126,-143.95140922610565,-257.0161090246062,224.33392046760824,104.15001189327155,-362.5694713744294,432.1358822729333,550.4323169381723,-560.4000692282821,-358.624107701355,-330.1951410585048,-367.2687608335786,-59.3478830522978,567.2353891571079,554.4028377936269,600.3526742269037,26.78644232430377,-395.7709051805754,-754.5361930567643,840.2977165025901,-421.0960702800654,-236.67775863473892,-115.19333302350184,-378.8325796428103,-590.7224495171054,105.235859370894,680.9915672717532,805.9618800455753,833.3567639022575,-37.39911413199052,86.52075027877548,642.794321749178,-542.5738375545988,981.521178580016,-212.4579655602128,-390.3315487983625,-367.64963444640057,-636.0228945804732,-350.1227358036178,792.9170360648723,650.5539343904934,576.8019676990527,-398.2726949085401,-508.6935514494075,-335.2170345376859,766.1762212738213,588.0248518510557,786.8724018936874,1006.7812410305316,860.3661403763509,819.4812789829208,586.2203264024338,-630.8950852107122,-399.4776369756838,-533.626926233058,-452.61374362530006,-626.3297797775117,234.6073559592189,83.21296738076943,241.8402041928923,817.1659070694972
-494.5260239507172,544.1304039614104,157.36305135212262,-361.8335726922671,441.0661338833439,886.1972243339214,1170.097316840316,-519.5601408671752,-605.5386301853898,-305.5146115182927,627.4825302915134,-195.1530527313089,-435.44872760368406,-636.9966829429783,25.009645119132927,-234.7702315332957,-580.2741149558016,1031.9574913857598,416.5937720618151,-186.6375125912676,-280.793416273684,167.72275911312423,51.048373257781606,-375.52779431744216,382.2199551192698,626.6255090316806,-577.7351962199531,-356.21232946825427,-332.15156539971485,-380.04930154451154,-76.19263519111864,518.4924623651006,506.3853573950417,556.966773671407,-15.245995701241196,-411.3435322362136,-771.6342753270707,840.1655472278836,-425.4495067285619,-264.51983347621245,-139.738209274676,-391.8227730390663,-604.88639035796,185.8227278762716,627.1242079564742,764.1357199752863,814.1107442800661,-73.50284661348304,27.457235494138413,604.4194833178511,-565.2883106398691,948.1077719284472,-239.1534502429794,-405.50799862420496,-375.73645482205626,-655.760515102919,-274.1191320651726,814.8457620198789,699.4825849021763,527.9370529981226,-416.5820077015371,-528.664922404037,-263.3192756038893,791.6926504267686,638.2609579289829,787.5118307077521,999.9934995402924,906.0625484538542,786.2247968648637,537.2269780279602,-567.3515364773536,-437.0385818282266,-561.5330389978867,-465.9263373362214,-615.166360901817,183.13530608724344,31.970124216223414,186.47343041558253,766.1522595287923
-440.5104047243391,632.1546965850865,250.3830910287538,-279.0218033921351,520.7685797231213,868.6280959890968,1166.5228886304678,-543.9107725161084,-619.114812826721,-329.4223799867757,585.5037123277493,-123.81028847459112,-456.367338556474,-630.7655408278459,-27.11340923276379,-244.54189080574184,-558.5832202708629,1034.4678017044107,363.9891023911615,-226.8086433026112,-301.87879953291934,111.71359285525946,-1.1282882628688369,-385.8704812792071,332.86103940509344,697.0854581024706,-596.1937899448404,-355.2802811659181,-334.77530289369724,-394.6904928424301,-91.6383912714744,469.2358578005956,457.370125970437,511.9707675566163,-55.25807586551668,-429.1358615879852,-786.3059044211112,833.0574895488386,-427.4565590801122,-289.14685874654,-162.029639421656,-407.486879053859,-614.4173412885837,265.16558456698107,572.5870476622694,719.7179822859036,791.0749953848829,-107.98247529944182,-30.214120770266486,563.4900246634853,-584.9133507095717,911.0286077558752,-263.1745645185632,-418.1399702600072,-386.76030225385085,-676.5417385177656,-193.9236238182366,828.5766697295339,741.0516125436328,477.8685009140388,-436.0216954586572,-548.5428256819797,-186.5948611299157,809.3265506824198,680.3921603150652,781.1083876592551,987.5885040406724,943.969254289675,748.9784045670807,485.72926181517465,-495.6997583447307,-474.94960172527857,-588.1327497092461,-481.31101107838697,-595.9429046003985,131.8895307232008,-17.225766250076344,131.98996391847822,713.5383085532466
-377.3935935969409,713.8767801294805,341.3018907760812,-191.52990160243112,593.4460081802806,843.6349183678731,1158.876833976113,-568.1226009652422,-632.718413655159,-350.58407588420823,540.3723024275075,-47.73567862862578,-473.94306943693874,-617.5319214884549,-77.99699864779981,-255.15310529903687,-529.8000864776958,1029.999732429477,311.6301342754803,-264.2531166652737,-320.2545352408537,56.615961211262494,-51.991107564914536,-393.7924212773005,284.2794510822357,761.0002849183592,-615.3791571549536,-356.1691254042356,-338.559149108488,-411.2211973703037,-105.92257630294112,419.75747344605577,407.64421793049104,465.6276461033824,-93.09591345950334,-448.9910900099487,-797.7637792754053,819.5004746151463,-427.4696391781629,-310.6364420155557,-182.1330718154028,-425.402168116276,-618.5795777694271,341.96088444966847,517.713358106032,673.1085365875684,764.7892339907839,-140.56316025374872,-86.11608328711098,520.4259242788947,-600.6381752604758,870.7602367263374,-284.44863838089617,-428.5628056693222,-400.6432317834934,-697.9088460403926,-110.77120353678406,834.3407132337692,775.1102244700536,426.98167271947534,-456.2666489836941,-567.8900900700908,-106.187108673401,819.3133882792135,714.3011701219979,768.2286178538368,969.9958288876109,974.0447193905889,708.235205202546,432.2373403312368,-416.8572579080224,-512.1985008964228,-612.6568155155599,-498.5236920969773,-568.2832451970509,81.22133386631735,-64.12707934080157,78.707419155492,659.7486496985598
-305.72181284276706,788.3766228072648,428.8198233033282,-100.64751888258014,658.1262426708021,812.0235584602352,1147.193504384681,-591.5414073615565,-646.6837365058453,-369.2104661178777,492.5657830326314,32.032246826991944,-488.4123701887904,-596.780029756838,-127.20872274067456,-267.0459287352518,-493.76093155131485,1019.007009064902,259.85944227380526,-298.78604340002914,-335.94242881541214,2.7416063322539803,-101.1509357245809,-399.5508388022529,236.68408772172805,817.7414308088216,-634.7912237920478,-359.1565329052561,-343.96889899396774,-429.5946853868371,-119.28171695208556,370.35059816495135,357.5103976235205,418.1912484390561,-128.62862948778948,-470.6574159002468,-805.2054376519081,800.0653024051884,-425.8606264053843,-329.1171501963424,-200.1617387528437,-445.0135576001986,-616.6764223400389,414.97679329573066,462.8532691505292,624.6970749348371,735.7568579723226,-170.9808000382946,-139.8820413331537,475.6313743868727,-611.6448560272906,827.7516967264706,-302.95235042944665,-437.1533644994855,-417.196172030716,-719.3161463624605,-25.971963936525416,832.4585159962153,801.6660003091938,375.6536177790235,-476.9005950009909,-586.2026497783472,-23.341867668862054,821.9843451719028,740.0349236495443,749.4772757921726,947.6400481334013,996.3767800507212,664.4649987908439,377.2334590740044,-331.9613365088363,-547.6869429776331,-634.2846403845531,-517.2082467252296,-532.0065647091088,31.490270064213952,-108.52008159824236,26.95054359269225,605.22035141539
-226.28260562337195,854.9280591560073,511.7395541540964,-7.763853526153033,714.0479404408194,774.6061225507518,1131.5895319940344,-613.4291848892186,-661.2572723948234,-385.5651157650783,442.54087384732713,114.34902088439075,-500.07224029428,-568.1511635236685,-174.30511347908262,-280.6080488375118,-450.4624257288814,1001.9767616286508,209.0001915749242,-330.25463948244885,-349.0059432334546,-49.59656761859228,-148.22587916142268,-403.4611209976038,190.2710356126548,866.8714044779097,-653.8310854275716,-364.4470009053701,-351.4289214372158,-449.6860259390406,-131.94579398736633,321.3115276700525,307.28882024670787,369.9139341875005,-161.75011087003216,-493.78728830091393,-807.8368855522158,775.3455055536289,-423.01305222949446,-344.76557586108686,-216.27703571043244,-465.64465190399096,-608.0751196478026,483.0868232466176,408.3725232507378,574.8670016693202,704.4371237916787,-198.99209475651665,-191.1629130616912,429.49690628763005,-617.1317141082905,782.4270000838774,-318.7163634593179,-444.3205348770584,-436.1179805846599,-740.1386071307255,59.12729967748104,823.3211027745249,820.8696527298519,324.25392675625744,-497.4183333914712,-602.9138718182178,60.63044986391594,817.7444348390661,757.7854837151441,725.4755774830428,920.932114540616,1011.1654176104502,618.1137413508594,321.17428940631186,-242.34167323767144,-580.2597395003182,-652.1612702009511,-536.8965348725872,-487.1424372528612,-16.93628616625751,-150.22723772322664,-22.95325643501433,550.4011231735965
-140.09096270245752,913.0064724903398,588.9955574724828,85.67320046563813,760.6696393299151,732.1797486024745,1112.25235435448,-632.9815722572594,-676.5825114741318,-399.9568533626156,390.7370156585199,197.99684999913143,-509.27323304573,-531.466343957013,-218.8406942982522,-296.1612094721351,-400.0741888211476,979.4142920123196,159.3563036350969,-358.54337283413884,-359.55137538460707,-100.08720130287487,-192.8499590863062,-405.8906434066328,145.221587118125,908.1434402771764,-671.8096262096103,-372.1635161733959,-361.30797621011976,-471.2904570863057,-144.13368621731138,272.9393231375388,257.3163150813276,321.05313078674345,-192.3811662763475,-517.9386854513876,-804.8983537920075,745.938747614052,-419.3146560301262,-357.8026980562126,-230.6870362637904,-486.5131132938295,-592.2324792022637,545.2982432715344,354.64858391987434,523.9989584380296,671.2410592901147,-224.384757347776,-239.63452752746448,382.4013284582076,-616.3388493001197,735.1892346232153,-331.82837274084545,-450.4947804118999,-456.9971276574016,-759.6834972353141,143.18248386242186,807.3717995267492,832.9954295333704,273.1448188627663,-517.2310053810859,-617.4016958316131,144.39538030018144,807.0513094243861,767.8673130429278,696.8422176777743,890.2640906536586,1018.7035844900148,569.6051987628307,264.4939591430572,-149.48466938204348,-608.7386806006384,-665.4175416582125,-557.0123515626273,-433.93877320319706,-63.6864975324755,-189.1089695165861,-70.67990202221432,495.74523217133896
-48.3665145344381,962.2883616885908,659.6772015747339,178.20010266473994,797.6703158637074,685.5094690117163,1089.4275689230058,-649.3489609369881,-692.6878791196839,-412.730195500937,337.5806037186423,281.7196854933571,-516.4107832609719,-486.7438061013312,-260.37911053788696,-313.95114914536435,-342.94575490570213,951.8306185451336,111.21175424041786,-383.57868797238126,-367.7280778220958,-148.42465791209003,-234.6824441131964,-407.2506950919177,101.69990585726724,941.4935415652288,-687.9604346960163,-382.34072499028446,-373.9056203591982,-494.1228159458389,-156.04986625915288,225.533715444754,207.94332538499572,271.87629885954266,-220.4718146176269,-542.5786135218428,-795.6915352050858,712.4313321011329,-415.15041367078487,-368.4897124510098,-243.6430495641113,-506.7500895811037,-568.7202274990726,600.7742497747785,302.064311412286,472.4734841912143,636.5308235184942,-246.9872361894164,-285.0051734646862,334.71313179391296,-608.5751244325307,686.4255220249685,-342.4342877145522,-456.1170269319192,-479.3161382915696,-777.2050551746762,224.8908678309897,785.0900397266067,838.4183989423987,222.6803682269827,-535.6746006428766,-628.998837271508,226.63550990582152,790.3957874656592,770.6923082495233,664.1776855679219,856.006999027706,1019.3572086130076,519.3442516501428,207.60715307538703,-54.9909548449513,-631.9598344871399,-673.1931200044514,-576.8794911807973,-372.8618760460697,-108.39018432607944,-225.06482206290465,-115.91585340735767,441.7072808018952
47.49745995343092,1002.6434480526888,723.0446801132348,268.38091021094425,824.942123906925,635.3153130747415,1063.4058361139018,-661.6609289702791,-709.4782750829863,-424.2539484938014,283.48929820787475,364.2591133396536,-521.9151065714807,-434.21015401526427,-298.5058515901228,-334.1392090833445,-279.6071390476912,919.7329436236076,64.82903987598425,-405.3330595796858,-373.727757087362,-194.31437718263945,-273.41737904890164,-407.9866332855899,59.8505891885714,967.0257711849875,-701.4570632727413,-394.9197562106468,-389.4395481054573,-517.818187281013,-167.88239614316038,179.39130467332134,159.528716653745,222.6640061675822,-246.0034448549848,-567.0890321377493,-779.6074429032531,675.386174107411,-410.896070591848,-377.12348273898095,-255.434242601412,-525.4232869190555,-537.248860848438,648.8492740712626,250.9995677398675,420.672424147815,600.622059837979,-266.67735761110265,-327.0230205957839,286.79112594218026,-593.2457187698246,636.51208613852,-350.7373411528669,-461.6271927049997,-502.45889103743167,-791.9220853671201,303.02745482171633,756.977585158007,837.5899398726766,173.20481977961572,-552.0218044401561,-637.0061814033946,306.09016275639954,768.2848940467852,766.7439783495473,628.0521908386986,818.5113650088134,1013.5454535157004,467.7212599427231,150.91175240453418,39.4721119562269,-648.8129381847418,-674.6619643480067,-595.7340172541553,-304.58821226049247,-150.68730407112727,-258.0340451828083,-158.36622038492632,388.7341369085754
145.97201359857942,1034.120305105711,778.5374980431764,354.8487077931498,842.5763281030811,582.2636099113442,1034.5099931535085,-669.0534957995206,-726.7305698687159,-434.9082925133328,228.8758047262055,444.38939480406265,-526.2399349105506,-374.3042191993324,-332.8419933324255,-356.7957058870893,-210.7624241166161,883.6179958214861,20.446925394937335,-423.8281440289458,-377.7828943761074,-237.47904650183676,-308.7928268746343,-408.5664311785128,19.796377437354614,984.9919632986092,-711.4344566027999,-409.74483761661264,-408.0342069373266,-541.934004864437,-179.80215053104294,134.80033966757438,112.43278299003744,173.710952462718,-268.99061639831706,-590.7754236534461,-756.1538266994188,635.3343614335148,-406.9121480871359,-384.0317290306759,-266.38045781437364,-541.5631446919916,-497.68870372769095,689.0372033007412,201.8212382040691,368.97883530255234,563.7886630049875,-283.38938766079247,-365.4831321233828,238.9841828479021,-569.8791753671069,585.8187450118396,-356.9950032351836,-467.4526413499821,-525.7208361273945,-803.038246464904,376.47746410174216,723.5474436643862,831.0127624044811,125.049985811595,-565.4971736034277,-640.709347098047,381.5917680738085,741.2279410193372,756.5520759807343,588.9972965249045,778.109881610439,1001.7222009192968,415.1168911050915,94.79060334422326,132.22079671088184,-658.2812840858852,-669.0595525177197,-612.7406633620558,-229.9879525127988,-190.23819633692267,-287.99564728481914,-197.7634238934388,337.25545932808524
245.43591937937248,1056.926732353082,825.77564742961,436.3433468392673,850.8436878040999,526.9622776392312,1003.0829523938584,-670.6985197969003,-744.0932970520367,-445.07073205417856,174.15061648580686,520.9500813094812,-529.8503498542732,-307.6729900794508,-363.058323524731,-381.8951181486878,-137.27614902920155,843.9680305341244,-21.7223463225419,-439.1368276021791,-380.1643319405849,-277.6652065565788,-340.59935913545087,-409.46782355988273,-18.363754989510188,995.7672517099832,-717.0141289888686,-426.5618479290052,-429.7110330899811,-565.9538976171266,-191.96308018658567,92.03447571233572,67.00887920136256,125.32493348793636,-289.48232336894966,-612.87821807222,-724.9809159695844,592.7702199868959,-403.53834044441663,-389.56802579694977,-276.8234483462508,-554.1914478069215,-450.0868703154162,721.0326706170483,154.8722546959379,317.7752735100594,526.2692966761653,-297.1191341293561,-400.2337963598696,191.6300673167238,-538.1527184033807,534.7122504743448,-361.51367138735696,-473.9967907106392,-548.3221547092065,-809.7646378389752,444.26370126809536,685.3155576776556,819.2167153367465,78.53175500559534,-575.2955099253827,-639.3982284606226,452.09723834280334,709.7259052766302,740.6688557452679,547.5011545146077,735.1215389644143,984.359555575214,361.9068472897642,39.61214756115028,221.60585855030607,-659.4804054199606,-655.7109971451938,-627.0131319265475,-150.10083708224315,-226.73487396243493,-314.9680158200353,-233.8760557490137,287.6733704639234
344.2225855541157,1071.4062398396868,864.5539969482271,511.7438712233979,850.1706809274456,469.9597431658207,969.4768431803856,-665.8343820248191,-761.090677418904,-455.10135985752913,119.72333019594976,592.8748267968247,-533.2099582685935,-235.1593825356342,-388.88917866072165,-409.3131079107884,-60.15270299555967,801.2491335273589,-61.49615289280327,-451.38401415484014,-381.1780525836709,-314.6499264308578,-368.6873732545759,-411.1643032416441,-54.55592405329257,999.822934144339,-717.3324185301042,-445.01895370190414,-454.3806494379975,-589.2935982732442,-204.50323067476268,51.34598847676934,23.5941800350924,77.82386605174689,-307.5626115612076,-632.5872503712867,-685.9041451610669,548.1496099602658,-401.0881867417916,-394.1066339848659,-287.116824602886,-562.3516021475675,-394.6789089392455,744.7059081806053,110.4602715284326,267.44047673225697,488.2749546101371,-307.92684679442243,-431.1819173148007,145.05342019905785,-497.91452990837337,483.5580493319296,-364.641210118832,-481.6280519182356,-569.4238257284799,-811.3441223160265,505.5678274544201,642.7951522732872,802.7365067536807,33.9457889978024,-580.6031689304527,-632.3891326519321,516.713042275938,674.2641076069108,719.6479575492449,504.0070612644088,689.8565300812609,961.9339643589694,308.4659827050706,-14.270200785463375,306.06157721714925,-651.6938739599684,-634.0590077237563,-637.6378973254317,-66.10540555425582,-259.9125860197633,-339.0082149064616,-266.5175885032667,240.35188727934624
440.66842598233535,1078.012066467098,894.8307498050548,580.0943591431017,841.1129913199485,411.7470238060423,934.043724097352,-653.7969267923856,-777.131017506615,-465.3279243829753,66.00228113817575,659.2153100450781,-536.7676310053006,-157.78206490837303,-410.145320281561,-438.8253863785999,19.49061512665462,755.9113626230438,-98.72464503154346,-460.74605199839607,-381.16115421259497,-348.24723305787734,-392.9728834690849,-414.1102726069823,-88.73192788076724,997.6982219226658,-711.5709060070196,-464.66948765794,-481.83736411476855,-611.3092161504101,-217.54616172296707,12.958958513280889,-17.499889517783952,31.531110546326563,-323.35049925520906,-649.0593466453097,-638.9224836683319,501.8910233508655,-399.8438865501245,-398.0371389469475,-297.6150561277889,-565.139702813249,-331.89408461702453,760.0919384308568,68.84667172656275,218.34457309618895,449.9968564315102,-315.9378125729608,-458.2972271227928,99.56302215382044,-449.2016693388536,432.7202149643937,-366.7575245575838,-490.6692127767624,-588.1464925173238,-807.0766589416339,559.7448846882971,596.4934734713905,782.0922815886224,-8.437471988123477,-580.6218996825224,-619.0489294734436,574.7130832714809,635.3079707802611,694.0267074534787,458.9149011471448,642.6212659651086,934.9153130836388,255.1713732943785,-66.51989516099808,384.1507186014843,-634.40461986922,-603.690515469422,-643.7009592342207,20.71693948719461,-289.5608845349069,-360.2110625858812,-295.5545975318245,195.60673117938265
533.1605506599019,1077.2801286886986,916.7110842156142,640.6223315333957,824.3276351337605,352.7624098270348,897.1280535527396,-634.04947445042,-791.5194348312211,-476.03121050509054,13.392382864669026,719.1595269115309,-540.9440049857593,-76.70800004574116,-426.72520818368224,-470.1084352026549,100.4557663605155,708.3901887763537,-133.29370061718072,-467.4487630042133,-380.4769920669925,-378.3140479364882,-413.4415211577757,-418.72570435547897,-120.86903370882432,989.972367119054,-698.9878761881766,-484.9772282097927,-511.7562946299989,-631.3081135855421,-231.2023793744817,-22.937073472784498,-55.997003779073054,-13.230586533675122,-336.9991991910516,-661.439001589787,-584.2310541835001,454.37893578977446,-400.0511323750221,-401.7588088563005,-308.6619016419208,-561.7354430774345,-262.35352216248,767.3750950687921,30.236567142646344,170.8430374342789,411.6140071355163,-321.34067145792204,-481.6151231644448,55.44850455605705,-392.2524057503748,382.55947836238,-368.2634577417719,-501.3873325314576,-603.5919249012861,-796.3447736168715,606.3307929768912,546.9105201440206,757.7737799260271,-48.37832460454803,-574.5946576775041,-598.8204217072472,625.5489495292255,593.3014566675333,664.3124046629108,412.58492773510574,593.7229017654253,903.7591364956972,202.4039819043682,-116.82014046789833,454.603510144269,-607.3203440865709,-564.3606925635462,-644.3168350098115,109.0212404098994,-315.533485872208,-378.7080599212317,-320.9141678433685,153.6961042702602
620.1817100783918,1069.8021998247095,930.4272692825716,692.749332237475,800.5449930280429,293.3981123198221,859.0609732937857,-606.2106013273079,-803.4747679573215,-487.4312382274754,-37.70880523143212,772.0440817826498,-546.1179420345154,6.781212407245447,-438.6240795161165,-502.7421058856948,181.499871306105,659.1086638762339,-165.12745087927524,-471.7640959897497,-379.5094340850119,-404.755452118637,-430.1505811848559,-425.3807097752485,-150.96897925322733,977.238524696783,-678.9495341565439,-505.324233662833,-543.693415113005,-648.5625202059394,-245.57039986549196,-56.19254326037836,-91.66454963093236,-56.14615700045078,-348.69466167696896,-668.8819251756672,-522.2268975248949,405.9687909578736,-401.913850927571,-405.6745332533395,-320.57864640058983,-551.4318474170705,-186.8607835016716,766.8700076820763,-5.229600265064753,125.26969703442114,373.2998276096848,-324.38358932239413,-501.23798881313945,12.976693147506598,-327.51191359449564,333.42945650943625,-369.5683929548142,-513.9841937011199,-614.8667560514535,-778.6381805784772,645.042894866944,494.53928177586783,730.2285541074241,-85.67362165578386,-561.8326707206963,-571.2479488268762,668.8525472122261,548.6676558283107,630.9729283769094,365.3432541867306,543.4728861566725,868.9018669714544,150.5486536196194,-164.87754154470034,516.3491128104597,-570.391806548342,-516.0130761533914,-638.6589310700028,197.43968624735004,-337.756317299852,-394.6661981202771,-342.5901663048425,114.81295781062704
700.3506201008612,1056.2004717772968,936.316640602601,736.0937384674608,770.5418653360914,234.00818612439664,820.156341520531,-570.0783165055611,-812.1504272685472,-499.67475654078777,-86.916633638637,817.3604646904018,-552.613152145067,91.32774836614162,-445.9403093751993,-536.2141369448769,261.373049226297,608.4797525287195,-194.1901882057991,-474.0054718403839,-378.6561555606504,-427.5291520143926,-443.22905126199134,-434.38044880954646,-179.0563017592928,960.0805071507258,-650.9595821118073,-525.0213624401256,-577.0887800714216,-662.325878870341,-260.7371087994788,-86.70205683027314,-124.3210527821817,-96.91589533175936,-358.65345779290567,-670.5810141679499,-453.5070326516711,356.992965802475,-405.58877986338655,-410.1841596224648,-333.6525097551713,-533.6627702267535,-106.38487127778777,759.0002499549392,-37.48234300444378,81.92915121776878,335.22737708363013,-325.3685088630948,-517.3349216510059,-27.61222467469259,-255.6305535610868,285.67132179950585,-371.07700822923454,-528.5873676591272,-621.1080394950459,-753.5764941350674,675.7739665575307,439.8669459971475,699.854464820363,-120.16263415815082,-541.7428738160562,-536.0020689791099,704.4315347816039,501.8109306004236,594.43175836989,317.4883876680175,492.1891892473657,830.7588663734754,99.9922792750611,-210.42617748110723,568.5385730690896,-523.8230335816114,-458.7945584176713,-625.9902971080204,284.62170522501253,-356.233268614789,-408.2866167461358,-360.64806791581054,79.07919843683946
772.4560956409405,1037.1044696862716,934.7988221981716,770.466278557321,735.1164907337654,174.91700922692232,780.7083561831365,-525.6492757756961,-816.6588309935529,-512.8244650110221,-133.86628804560524,854.7556207593439,-560.685227662225,175.5390021189908,-448.8786077686534,-569.9266468019069,338.85625062047137,556.9083193806518,-220.4875136231724,-474.521915254662,-378.32089194651775,-446.6490441453605,-452.8756499978431,-445.9508409999519,-205.17618773469368,939.0533375656836,-614.6857238485613,-543.3215661040418,-611.2731182352295,-671.8517535594309,-276.77715307004246,-114.40713310204134,-153.84205596028195,-135.2633925652318,-367.1200027778908,-665.7940645617458,-378.85835880032056,307.76707562583755,-411.1798586298151,-415.6770306460633,-348.1255496148928,-508.02709172618864,-22.036109192504696,744.2758441808801,-66.52691361023997,41.08902408571781,297.57282932690964,-324.64375827600014,-530.1398560955633,-66.10852199194004,-177.454306597671,239.6072718816478,-373.17566535064,-545.2419918117625,-621.5100253784955,-720.9289461882197,698.5804222069187,383.3765380121108,666.9964211153963,-151.7326582328019,-513.8546758589422,-492.9020461422862,732.2583269941391,453.1199923514004,555.0672642197625,269.2981521720695,440.1970255024061,789.7248383054715,51.12008093504853,-253.23175154399377,610.5587653185614,-468.07279076916274,-393.0641312124396,-605.6936482728219,369.271574409575,-371.0493185572131,-419.8030347300575,-375.2280393264506,46.54218171298865
835.4838102527534,1013.1310909277148,926.3534984938652,795.8590896291605,695.0662755560002,116.42760393107696,740.9905378338855,-473.1317738442469,-816.0989507019937,-526.8503439319345,-178.22075062911316,884.0273874134178,-570.5093947832701,258.0301563464083,-447.7497028559589,-603.2046737221978,412.7971382506829,504.7923568075189,-244.066636218057,-473.6910792146249,-378.9045775010032,-462.1877789544749,-459.3549692102249,-460.22554723379744,-229.3920869835748,914.6682200632814,-569.9817040118922,-559.4359706495111,-645.4779209882573,-676.4149538644234,-293.75119348132563,-139.29741964415922,-180.1641933290533,-170.94338626009278,-374.3630913671957,-653.8723065841739,-299.2394247772573,258.5960203892855,-418.7324828585199,-422.5235459483048,-364.184340815109,-474.30857425223695,64.96418958257709,723.270743226855,-92.44436176060572,2.9725128022962557,260.5170215941398,-322.59532945667775,-539.9481188016338,-102.33656812123432,-94.00733459188942,195.53324123084724,-376.2189197397204,-563.9034179641986,-615.3514037647619,-680.6300573533716,713.6656909392908,325.5484950871287,631.9470927829391,-180.3240430288175,-477.8448964428102,-441.9348216702005,752.4537197323392,402.9713219041464,513.2158871936452,221.0363968824779,387.828050224396,746.1761071453031,4.310100144978154,-293.0954952139316,642.0373427724279,-403.8470088296903,-319.3944780023334,-577.2994463140456,450.1819329279126,-382.3708680894874,-429.479832773499,-386.5460134929877,17.173728549343192
888.6349464407635,984.868331350684,911.4998810942268,812.4294197791727,651.1687802375193,58.829124991691536,701.2557952601454,-412.9514518396195,-809.5863588777145,-541.6234246162509,-219.67940778376828,905.1155836910232,-582.1693594681988,337.46590882625384,-442.9662765189799,-635.3068363696367,482.1422277669553,452.5231581623145,-265.0157937002795,-471.9112682146987,-380.79532868617855,-474.278215019959,-462.9918650793355,-477.23468732800296,-251.78334801221027,887.38224310691,-516.9036128230947,-572.5526626870984,-678.849076443848,-675.3343520865968,-311.70294108017873,-161.4104238104075,-203.2873192421468,-203.7492391275505,-380.6716872992605,-634.2886362119162,-215.75460418193956,209.77923612637417,-428.2277582488677,-431.0656333576625,-381.95065104156765,-432.4904245009688,153.3189351721107,696.6012870779253,-115.3898050665105,-32.2482854008087,224.2450560688576,-319.63714568616456,-547.1114893557598,-136.15811961910134,-6.4670834790787,153.71134305684268,-380.51661267217867,-584.4309623487729,-602.0221175561136,-632.790302792611,721.3599275176887,266.8617508259808,594.9511193755875,-205.9343065856647,-433.5596363164328,-383.2691883315435,765.2663935207418,351.7324132263661,469.1786256231678,172.95897468491236,335.41815448054524,700.4741780309732,-40.07389669464723,-329.8575604923514,662.8391631301771,-332.08222370310074,-238.565785563149,-540.5107731406157,526.2619400917629,-390.4432772482653,-437.6096340755838,-394.8925429063906,-9.128233225820818
931.336472037742,952.863048271402,890.7787919386067,820.4792556786689,604.166310206793,2.402918301238888,661.7372744436908,-345.7489453514591,-796.285025834865,-556.9122897505114,-257.98687878835085,918.0896789402436,-595.6476908817261,412.5994366743772,-435.0350578976433,-665.4381757485994,545.963791368819,400.4842739781884,-283.4628190690201,-469.59256023018594,-384.357292072886,-483.1136510873087,-464.16427236567466,-496.8957387305484,-272.4431084440304,857.5928310693752,-455.7193932559051,-581.8579726603022,-710.464020909119,-667.9966962677503,-330.65499249618654,-180.8298935811113,-223.27466309825252,-233.5198028870708,-386.34988636116617,-606.6642561567286,-129.62171300909134,161.61469121930728,-439.576984133213,-441.6061139130293,-401.4732918829015,-382.76374569472347,241.6936903768636,664.9064676110648,-135.58802669455886,-64.45779899316109,188.9440840746068,-316.2006268612427,-552.0318563874386,-167.4751300251749,83.8672035137877,114.36254427825482,-386.3219578855913,-606.5830592287133,-581.0487232447995,-577.7009722815317,722.0973165792143,207.7939909185375,556.2121770890517,-228.6210185132559,-381.0318387767262,-317.2640189700857,771.0496774564867,299.76442334369807,423.2300511499931,125.31858446619688,283.3040987190847,652.9699607120845,-81.69075168525815,-363.3997053239928,673.0550183221599,-253.92048859019172,-151.5514994526093,-495.22372550806847,596.559228707633,-395.585754050912,-444.51021165518176,-400.6292937733812,-32.535447585498574
963.243233164693,917.6128953628124,864.7380111224262,820.4322341215333,554.7542669730602,-52.57332840002536,622.6496899998032,-272.36906854241823,-775.4399570315788,-572.3825584523347,-292.9416204385823,923.1340415720134,-610.8182306811873,482.30684879040695,-424.5451403291189,-692.7652098624502,603.4804229943803,349.0492185900725,-299.57292638745656,-467.1471206305565,-389.91847066063485,-488.9467334937116,-463.2946300685166,-519.0070310256554,-291.4766207406462,825.6366825314173,-386.9107689796483,-586.5599000993255,-739.3522882665246,-653.8805666861615,-350.603566919509,-197.68304374060412,-240.25108466357776,-260.1454561407906,-391.71096460790346,-570.7923438749278,-42.13454071072281,114.40125600559816,-452.6166884237392,-454.3970762540512,-422.7212926842447,-325.5292589974615,328.7564394624771,628.8306455478032,-153.3266654775285,-93.60075071636103,154.79953038447687,-312.72383404208455,-555.1535669497608,-196.2319647547372,175.61126801198176,77.66005887103144,-393.82096844414826,-630.0141859252676,-552.1171912387894,-515.8326504151652,716.3922435976889,148.82083503654127,515.902148538513,-248.5031627651175,-320.49337472340767,-244.4696306827592,770.2369924132996,247.42393121874363,375.6289427719351,78.36818789558856,231.81929719448317,604.0080518219788,-120.23103304976132,-393.64715263361023,672.9837632598416,-170.67661893825428,-59.49616015590085,-441.5421240994051,660.2752268954431,-398.1838655811679,-450.52054569814055,-404.1831299728412,-53.28272475544157
984.2324606922718,879.5623547536823,833.9212317476389,812.8091802303898,503.5732346094869,-105.82366625896802,584.1908555611866,-193.84156378701,-746.4096051679453,-587.5995757732609,-324.40385898368754,920.5317738984276,-627.4410294391232,545.615655914046,-412.1527600013372,-716.4331850438768,654.0706201879563,298.5780128808621,-313.5458208915149,-464.97879954224055,-397.7577652408039,-492.0869611005817,-460.8401115077176,-543.2442148402828,-309.00012071869486,791.7926972373024,-311.1671552920673,-585.9131598975034,-764.5192281857386,-632.5794972843279,-371.512330414337,-212.13685819787096,-254.39958520311737,-283.5731207463921,-397.0704384334928,-526.6573513975364,45.3778969984261,68.43917911282212,-467.10461422614463,-469.62753030778254,-445.5785356781109,-261.3919221091922,413.21674740639,589.0091600030579,-168.94738403523888,-119.68396060289888,121.99010852227649,-309.6404401927439,-556.954574581173,-222.41692811350305,267.336259010749,43.72389685026239,-403.1234973138254,-654.2739807738137,-515.0920058439772,-447.8270352152065,704.8155382868712,90.413797479551,474.1715770862364,-265.7607475273675,-252.38064745716176,-165.6216816466145,763.3173441690318,195.06363111989984,326.6295419863838,32.362825419421426,181.28908912548687,553.9305252140276,-155.42640837287166,-420.5695750148736,663.1091068249652,-83.79901711408094,36.31409105081748,-379.78547618679954,716.7738226450426,-398.6800204260234,-455.9958641527456,-406.0378211516651,-71.65928309327442
994.3916187984546,839.1025940532065,798.8606477837603,798.2035180202099,451.2046110797181,-157.07433610869623,546.5431619243419,-111.35391625748268,-708.6968491558159,-602.0344838844117,-352.30241299037505,910.6480834376384,-645.1602893841653,601.7261566309799,-398.5629517299158,-735.5854393107463,697.2792125945572,249.41274925738685,-325.6122486331068,-463.47211318106434,-408.0916044517485,-492.89674413381175,-457.2818540748688,-569.1600455329949,-325.14026421044247,756.288209983727,-229.37150513760423,-579.2451507710031,-784.9725312354699,-603.8232004055426,-393.30557376550513,-224.39371477477368,-265.9562834638145,-303.8100628383004,-402.7381047417366,-474.44862437232,131.59335790572212,24.02852741301796,-482.71711558381554,-487.4107722071808,-469.8400020742169,-191.1483660081112,493.86243152799153,546.0570642984277,-182.8354800629151,-142.7760105197273,90.68203302477696,-307.3687352986626,-557.9365076356978,-246.0630260259267,357.6108865690759,12.616928650856984,-414.2560968273973,-678.809008069603,-470.0304611335501,-374.4821605189501,687.9718598914363,33.036983837252144,431.1605815882026,-280.6324970391273,-177.33296251667426,-81.62738901413249,750.8121112001921,143.03190332683624,276.49241808456657,-12.4402404562987,132.0258152713149,503.0797751547706,-187.058717508473,-444.1812169900164,644.0724077656578,5.174337956686442,134.48729134196466,-310.48936359578664,765.5836953286298,-397.5623054599708,-461.3015261614151,-406.7234856260839,-87.99847860347766
994.000762469483,796.5746992323956,760.0729007634643,777.2576390620989,398.1694485321379,-206.05652725839985,509.8747948622915,-26.217205232505112,-661.9772202281976,-615.0737944288197,-376.6399975297679,893.9140355296503,-663.5057399498727,650.0250702257729,-384.5086686807061,-749.384698015141,732.8169182058709,201.87244332644045,-336.03008588116614,-462.9807331887851,-421.0606681884064,-491.7860115341486,-453.1133890860035,-596.1877800804887,-340.0340732048684,719.3077251652426,-142.5784574066009,-565.9819703314075,-799.7510415026143,-567.4958055886632,-415.8610894494599,-234.6865779422607,-275.2040936848204,-320.9262815965014,-409.0090954432769,-414.5672107939303,215.23751748740665,-18.534413693070768,-499.0484484697536,-507.7720410418001,-495.2098058619642,-115.76739443413716,569.5920666354341,500.56102123865946,-195.4084435049583,-163.00475090609666,61.02285198153235,-306.30083551722123,-558.6138081041122,-267.2479014159118,445.0432784809119,-15.657279043038118,-427.15684545234205,-702.9676258629869,-417.1911601344572,-296.73146734719694,666.479106605952,-22.857410033346262,387.0094583174812,-293.41153707388014,-96.18323175063236,6.455696605404993,733.2541809651442,91.6713126894863,225.49399521437567,-55.783037370759246,84.32397494127605,451.8000827592198,-214.9682098509915,-464.5402100204858,616.6428222981899,94.66288939495976,233.56625703621307,-234.39774472520952,806.3949198995816,-395.3520554043319,-466.8056541119817,-406.8039429482937,-102.66643492051251
983.510705825728,752.2756865107796,718.0578552063976,750.6411135417845,344.930047992728,-252.51118568633964,474.3405349780677,60.17359660226475,-606.122991715661,-626.0325032037131,-397.4966375641738,870.8113893822424,-681.8977960001004,690.091210706792,-370.7281068348551,-757.0359962042087,760.5537000423012,156.24749005341494,-345.080030335344,-463.81564691054456,-436.71731414831225,-489.20539666002327,-448.8284807712488,-623.6484323319015,-353.8292524071876,681.0032803973008,-51.98557099719346,-545.6734440195194,-807.9551595501458,-523.650060931071,-439.0031702487098,-243.273987033636,-282.465352795192,-335.0552933007485,-416.1540640078145,-347.6250086700707,295.122210440416,-58.96263473888512,-515.6124368281945,-530.6371609098804,-521.3012264886173,-36.36412793083145,639.4419465836247,453.0742066284902,-207.103959636877,-180.5527827777651,33.13530880377999,-306.79223085447546,-559.5021284094862,-286.0928915732785,528.3205382728415,-41.15472309411288,-441.67224872830496,-726.0083747242609,-357.03591287414827,-215.61755073338207,640.9505151073668,-76.83462658210223,341.8682943437808,-304.4390677403594,-9.940961729383938,97.44765189158387,711.1702484931817,41.31617791562979,173.9339304476401,-97.40995691956527,38.45568214357891,400.4377169709964,-239.06047271395943,-481.7471603554816,581.6860950309549,183.09148106635988,332.0721988880853,-152.4470506288323,839.0506566230324,-392.59050237911737,-472.870488416223,-406.86220364158623,-116.0501212477408
963.5183369159912,706.4665847847155,673.2994853295711,719.0314051459268,291.89376635290387,-296.1954426493156,440.0820379069295,146.38309270248763,-541.2217528285902,-634.1706874510462,-415.0308628378968,841.8590518968698,-699.6567517617025,721.6934543917571,-357.9410958052748,-757.8107661356091,780.5069015476963,112.79406901027318,-353.0609025959718,-466.2332040267084,-455.0143828646929,-485.6380566643759,-444.9085923359532,-650.7620563709717,-366.6846659785485,641.5055579695234,41.101181046482175,-518.0160179378863,-808.7779509744232,-472.5165533614451,-462.4962198938845,-250.43503023921247,-288.09364411609874,-346.39313995781373,-424.408713954874,-274.43576220189385,370.17892428406526,-96.9855024873028,-531.8469473486421,-555.8229222417435,-547.6389811716258,45.83129391183454,702.6064983857427,404.11391164637206,-218.36781864478573,-195.6511804213086,7.111605643621978,-309.1517767123586,-561.1062094125965,-302.7611707465342,606.2441678757671,-63.98931757551422,-457.55629513072336,-747.1122218754336,-290.2244908246236,-132.26175445702327,611.9798926147993,-128.48364788222088,295.90504280496964,-314.09609963621386,80.23210561968395,190.07971275525745,685.0668205109454,-7.710578405692274,122.13973258276444,-137.07222711611652,-5.333420686521809,349.339521384393,-259.31167051056144,-495.9430983567818,540.1331870499043,268.9372582084779,428.5493058399098,-65.74240062192838,863.5348744078665,-389.8248070672911,-479.84252786032806,-407.4843680948365,-128.5454238406154
934.7403604516325,659.3818107099801,626.2680533142025,683.0975232488191,239.4184397920433,-336.890108698667,407.2275525866372,230.98064751700977,-467.5881771187177,-638.7134038170624,-429.478408176888,807.6015016174416,-716.0161453089904,744.7816702139883,-346.8254851474873,-751.0714507922627,792.8253435392244,71.72884413106175,-360.2845117691254,-470.4233275692113,-475.79607698418187,-481.5901943033444,-441.8102035300643,-676.6631213914577,-378.7707089928113,600.9349042719915,135.3061466578408,-482.8723064692561,-801.5358932151183,-414.507180120386,-486.0395145246942,-256.464437242674,-292.46505992864104,-355.1954945024718,-433.9629708599654,-195.9978374112791,439.48602493961096,-132.3570517215355,-547.121519757395,-583.0299584664409,-573.6639888700659,129.50923426553862,758.4515581009085,354.1614121283501,-229.64212079999595,-208.57181845007096,-16.99160739594282,-313.63221412463497,-563.9074864139416,-317.4549575771595,677.7598034027053,-84.32946401624402,-474.4717334068538,-765.3988625213599,-217.6020221702556,-47.83105944146472,580.1302096729522,-177.42396054975092,249.31164534459376,-322.79340725764496,173.05290055904777,283.03182287341616,655.4201881528637,-55.10105642444368,70.46825427995472,-174.53355593258718,-46.8276918034492,298.8500646036501,-275.77182580001755,-507.3068754371353,492.9498110350564,350.77349266579233,521.6081382350645,24.4732673550018,879.9571260828394,-387.593724573771,-488.041620582356,-409.2422497892404,-140.54572023484764
897.9866276917332,611.2390361415638,577.422748185713,643.4868273060727,187.81880900065065,-374.4076077689021,375.89109477496527,312.58509478396314,-385.7678883572031,-638.8735650617759,-441.1482078630137,768.5993491204981,-730.1402847241551,759.4716260747045,-337.9944525004896,-736.2958218520384,797.7706644916524,33.224280808578314,-367.0700013215656,-476.4982363522602,-498.7915862174345,-477.5803571508345,-439.9522089183199,-700.4199026082264,-390.2692761682616,559.4115051690671,229.22519617072695,-440.2860985257822,-785.698032501967,-350.21234086607905,-509.2636734505298,-261.66784766569265,-295.969135756211,-361.7727957850585,-444.9501817221619,-113.4691656940088,502.2886139941673,-164.8649593679054,-560.7483757649088,-611.838821627368,-598.7408604461843,213.31883703427363,806.5203401120311,303.66359209415344,-241.35407007041397,-219.61872369605817,-39.15724477826153,-320.4212941664485,-568.3516755773884,-330.41178542131735,741.9800925199377,-102.39306414401076,-491.9936295536359,-779.9471002053872,-140.1791876975899,36.49611860778197,545.92558666275,-223.31245358135007,202.307916358653,-330.9599234796037,267.15326575395625,374.972361788657,622.6703628644358,-100.56624238558528,19.30395011284743,-209.5766597887094,-85.84441515877394,249.30753712411868,-288.5659896244897,-516.0520877917845,441.10780699673626,427.3085004002319,609.9657036041169,116.85589993624062,888.5354081361555,-386.4131175813373,-497.7492759062243,-412.6750883295727,-152.43139646804073
854.134043140058,562.2487753856126,527.2140292672098,600.8150036780245,137.373346467197,-408.5997155265301,346.1711478091684,389.9067921552251,-296.53262957402967,-633.877320205274,-450.4155586253988,725.4220206159143,-741.1457548362434,766.0251340785447,-331.97558519984926,-713.1000158877016,795.6971837703398,-2.595138487016325,-373.73758400582005,-484.482097147243,-523.6120640073551,-474.127596937632,-439.70363258205793,-721.0576470887405,-401.37302795197104,517.0640934406725,321.4674841222244,-390.4917223427746,-760.912202794974,-280.39160793787704,-531.7293841970757,-266.3572248816397,-298.9996741915244,-366.48342030864654,-457.4367905602073,-28.13520857425293,558.0103970812199,-194.3396344381432,-571.996877160437,-641.7098622458105,-622.1682999963845,295.9074237749587,846.5323352814296,253.03577058494653,-253.9055396899021,-229.11888659211323,-59.410578273295535,-329.6335861686444,-574.8365812615427,-341.89985411382844,798.1999860082011,-118.44127200539164,-509.6152532612736,-789.8191066608755,-59.10577666737047,119.56355770862766,509.8465357541794,-265.850123568308,155.14302339608454,-339.02985960407324,361.1199503936128,464.5980684760259,587.2187307866018,-143.8398975999659,-30.94595645906648,-242.01034309599828,-122.23611640258083,201.03865845716825,-297.8932576829385,-522.4235996792886,385.5591512678535,497.4180795302509,692.4802750324791,210.0012127088681,889.5781047399825,-386.7615066702398,-509.1965644933396,-418.2707804176554,-164.5606488220952
804.1018402655396,512.6229975355207,476.0850646542103,555.6590764625374,88.33093005662785,-439.3645136241004,318.14900755681816,461.7850170746077,-200.86635461629967,-622.9913002533422,-457.71243619275714,678.6423889047292,-748.1265251982867,764.826843045176,-329.1924580470844,-681.2591795660662,787.0314768006423,-35.655575255836176,-380.6016010360387,-494.3020922519922,-549.7514604512396,-471.7385884686801,-441.3719065559548,-737.5850907501393,-412.2836839559735,474.036722948618,410.69584675730897,-333.9168561553892,-727.0269008986223,-205.95795661767517,-552.9288799206713,-270.84629660341176,-301.94565504823214,-369.7249766736575,-471.4129816156656,58.62876405058185,606.257445057879,-220.6628392941924,-580.1113303934341,-671.9873835357126,-643.1925246207727,375.959305155764,878.3757356663396,202.665179473626,-267.66348578089594,-237.4129419354988,-77.82063960441685,-341.3030694648804,-583.7003394491882,-352.2125052703421,845.9041883090686,-132.77131527328729,-526.7563312857252,-794.0881104138417,24.36144485712056,200.26869235883711,472.3281758329743,-304.7882839081745,108.09451104577602,-347.4288861484775,453.5365070223271,550.6721735874125,549.428981643979,-184.6823042562633,-79.8590379376529,-271.6767631560969,-155.8922944062125,154.35291334695208,-304.02368189534786,-526.6937342033854,327.2132457647862,560.1702417818011,768.1793467132258,302.487801510003,883.4659438738446,-389.0658488928293,-522.5520543886402,-426.44712992507726,-177.26178857959636
748.8288114992782,462.5821914595242,424.47185164247793,508.5531976160873,40.91687416668662,-466.6520691833361,291.8869186031649,527.2190122226723,-99.94236918792788,-605.5509254253998,-463.5150810396957,628.83303970388,-750.1820648738266,756.359131360989,-329.94927319607825,-640.7245553990837,772.2526910980566,-65.93521567382419,-387.9628930412402,-505.7814413514153,-576.5915833920384,-470.8938380206583,-445.19197686911497,-749.023713625171,-423.20913385787,430.493318567071,495.66401640663446,-271.17815330865585,-684.107439217133,-127.95597592645647,-572.2905880617341,-275.4458297656464,-305.182401363844,-371.92388561919415,-486.78479867150514,145.39941248630794,646.8142160686434,-243.7752780199248,-584.3318479376657,-701.9083765245063,-661.0237107545194,452.2323471886514,902.0942853481404,152.9145667843889,-282.95119342646746,-244.84607254305385,-94.50011845903506,-355.3766470972882,-595.2102807512712,-361.66188982995726,884.7669744104138,-145.70871013726952,-542.7736861358366,-791.8687990281212,108.8952473941708,277.5905006623771,433.7610236136864,-339.934005454079,61.4649255094231,-356.55974815402504,543.0250890374377,632.0588904365698,509.6307155493587,-222.88374643011764,-127.00743639852284,-298.45850330614417,-186.7406102605893,109.53646541438358,-307.29319858943524,-529.158193902777,266.91798060011746,614.8414213212335,836.2795753302051,392.9203600519589,870.6347864383225,-393.687761723728,-537.9102865132053,-437.5336917873383,-190.8271311880097
689.2528791689645,412.36046581683206,372.8018262626801,459.9868870692554,-4.662085156957248,-490.46848226761983,267.4261608189883,585.3914102034821,4.9077881215785,-580.9888086385017,-468.3291094933536,576.5637601848464,-746.4476517034069,741.1765083441805,-334.41896662742937,-591.6358622586836,751.8744254367316,-93.46428954588288,-396.1005359417739,-518.6349430067658,-603.4116010087316,-472.0331589788267,-451.3165192967221,-754.4389353128314,-434.3592390169592,386.6198846555928,575.2490517457327,-203.0694168762996,-632.4451289337145,-47.5348063944872,-589.1872581491261,-280.4585025389342,-309.0631372816159,-373.5234774793393,-503.36823903539175,230.74913322863705,679.6326408225731,-263.6826433572081,-583.9177805114595,-730.6159601537687,-674.8553590113871,523.5907840012412,917.8696831004878,104.1254482088091,-300.04027281469973,-251.75941101556091,-109.6037063807331,-371.7087780709575,-609.5525682891704,-370.5719235427493,914.6449988107358,-157.5991555816076,-556.9742504806751,-782.3494619710092,193.1372455844532,350.6126754778693,394.4938822685813,-371.15455067461295,15.57620441794143,-366.7877124636773,628.2861344185983,707.752677231509,468.1250307149462,-258.26765155989926,-171.9692202059424,-322.28508929622427,-214.74758269840032,66.84610120967893,-308.09674275853195,-530.1317640800587,205.4449000615273,660.9237986771008,896.1980835397663,479.9708746679635,851.5599297982488,-400.9104551469064,-555.2813202689805,-451.75484407411386,-205.50841536590087
626.2932204387375,362.2084374231635,321.49098431254447,410.4053537311343,-48.21415573149805,-510.8780931316713,244.7852403391868,635.6832537813337,112.23247128313588,-548.8621466008141,-472.6725429931741,522.3997777663888,-736.125859497956,719.8808128225721,-342.63503485970114,-534.3279409516362,726.4287652383667,-118.32372337910957,-405.26306260714586,-532.4675893530174,-629.4020203926766,-475.54066027062606,-459.8075625279414,-752.9722820310328,-445.9402938335066,342.6244144860236,648.4776930550969,-130.5424881732195,-572.5584922189711,34.08316204484063,-602.9477343441965,-286.17313247984765,-313.9110347430067,-374.9708960275578,-520.8857830070777,313.2898328943673,704.8154254012981,-280.45969924365124,-578.1730342701638,-757.1774582852543,-683.8863364440713,589.0330095356262,926.0008022091856,56.620595108427935,-319.14328599294146,-258.48212553364704,-123.32491295003098,-390.0574988422732,-626.8227523545642,-379.2706485165986,935.5640690940586,-168.80033085917808,-568.6304079840145,-764.8246690086957,275.7382293984387,418.5412680934322,354.8383015356562,-398.38060049414696,-29.237899836477336,-378.42625188502495,708.1340486855843,776.9010488966829,425.19135108628905,-290.6933589899468,-214.34065519959648,-343.1386189947615,-239.91883616657728,26.503540266474925,-306.8797438404415,-529.9438379176939,143.47863489505696,698.1238462220945,947.5550494220364,562.4158192748182,826.7424391850128,-410.9266897403969,-574.5818763406218,-469.2147545105864,-221.51357960148573
560.8350246120895,312.39383116419896,270.9397190903397,360.2115114617141,-89.5604011809757,-528.0037848110761,223.9583217209035,677.6803372363652,220.5033062414084,-508.8778806492426,-477.0572673647793,466.90026575215774,-718.5180333219165,693.0983195173155,-354.48720478769,-469.3308469779439,696.4528380088622,-140.64249438440746,-415.6593536458985,-546.7767516052468,-653.6829836616806,-481.7295798253037,-470.6298250970076,-743.8734117192688,-458.1482130582243,298.73468042145106,714.5457316248871,-54.68147071898057,-505.18586018536536,115.63656920147707,-612.8723664531994,-292.8580621323958,-320.0118034581368,-376.703141281921,-538.9657552144148,391.7145712448592,722.5949754939049,-294.25208209600174,-566.47239255741,-780.6068501243999,-687.345203298902,647.7133854791532,926.88104275282,10.705428501841272,-340.4068798315843,-265.3242864688402,-135.891463704924,-410.0821853405641,-647.0173928951858,-388.08213142562647,947.701113151174,-179.6737462471119,-576.99755528261,-738.72709112206,355.3976824640331,480.7163503155916,315.0740698851618,-421.6081140826692,-72.64099585721249,-391.7233647946957,781.5272565164524,838.8201543044473,381.094765050794,-320.05851096538146,-253.7487289610261,-361.0582271003989,-262.29893604951644,-11.309587281486042,-304.12820690713846,-528.9337850129247,81.61060199289275,726.3526566851451,990.1680230373022,639.1676716289854,796.697832872298,-423.82813061377664,-595.6285712052301,-489.8849042085605,-239.00463566558943
493.71687359873897,263.19986851718136,221.52771159053987,309.7692975438669,-128.53428122631516,-542.0254395043152,204.9140159037063,711.1710890080914,328.1616937508797,-460.91435333115095,-481.9695260014237,410.6166685372759,-693.0544375836569,661.4596432205313,-369.7209634066887,-397.3628719689491,662.4780416031681,-160.59380966610868,-427.4494330533425,-560.9583343329509,-675.3265235147701,-490.8273949244177,-483.6460693468767,-726.5307744439995,-471.16060078634143,255.194194877463,772.8299063079763,23.328646410236505,-431.26916633258094,195.86091072462733,-618.2518564789717,-300.753588494395,-327.6068373634794,-379.1326139357891,-557.1448260610978,464.8351283006494,733.3094840839658,-305.2756184223918,-548.287787074888,-799.8911348407364,-684.5162608889586,698.9574459773162,920.9750985511636,-33.33191564808837,-363.905329424734,-272.5705314583239,-147.55947070476032,-431.34347850354,-670.026933220191,-397.31802824036345,951.3627255790212,-190.5767220641933,-581.3337019811797,-703.6569454708374,430.9007053671486,536.617599157593,275.45521473465635,-440.8987106320464,-114.30436816187893,-406.84891424659656,847.5913573201263,893.0028034695343,336.0932070524404,-346.30107227006977,-289.8633119068831,-376.14316274668727,-281.9708280227656,-46.45583861934413,-300.3575802922408,-527.4461652030728,20.336825549607948,745.7090293538956,1024.0388586521433,709.2994844816213,761.9472545709965,-439.5965038510326,-618.1336815805593,-513.5947930023556,-258.0963273723549
425.72069250819067,214.9216489063544,173.60828044475429,259.407895968443,-164.9827878038677,-553.176701420545,187.5946180314569,736.136663882754,433.6660874880053,-405.0382015181247,-487.8501129715257,354.0904764587337,-659.3216997546921,625.5830840324345,-387.9408829522702,-319.3163438679569,625.0219174697984,-178.3902741459079,-440.7354430191261,-574.3171587997638,-693.3822239908923,-502.9617433249448,-498.61475710508086,-700.4996210302605,-485.12793434620494,212.25671130314285,822.8922756646467,102.23752045025108,-351.92926124277847,273.524375980751,-618.3891243689842,-310.0634392069251,-336.8868974710508,-382.6325425977699,-574.8738543462132,531.6138393495715,737.3777516222557,-313.8130681890101,-523.2133270406879,-814.019956950348,-674.7665733804063,742.2702369232759,908.7963181868092,-75.22197471860903,-389.6344579730938,-280.47448375935846,-158.6066349276845,-453.305839270063,-695.6300580417917,-407.2689324395079,946.9617342214962,-201.85450263972783,-580.9208223369578,-659.4075006549954,501.1507253836194,585.8640467252624,236.2160227427894,-456.3785216628641,-153.9178922117255,-423.8833546845758,905.6345671897768,939.1190864387072,290.44390914421183,-369.40097689402006,-322.4084113094301,-388.55430627772665,-299.0548811919625,-78.84492656727424,-296.1006021731868,-525.8257685213739,-39.94039121839397,756.4566344978284,1049.3345026570948,772.0617289878837,723.0110853688244,-458.0969747265888,-641.70380420485,-540.0263842275582,-278.8552486973328
357.5641974135236,167.86082347682938,127.50261694920025,209.4264616545536,-198.7690336319671,-561.7402632351536,171.91587363662893,752.7342879157524,535.5376592279563,-341.5153242331318,-495.0749666773933,297.85018665781706,-617.0861873378399,586.0618002552402,-408.6176180986907,-236.23646694554037,584.5824967773343,-194.27822928438545,-455.55309598720805,-586.0816683588856,-706.9055519944283,-518.147778589869,-515.1902572728524,-665.5260614360129,-500.16416107076816,170.17968077214488,864.4774254553149,180.7674194498341,-268.43361014713173,347.46212712018644,-612.6235571172379,-320.94543070792787,-347.9862929563477,-387.5226855550245,-591.5271515474192,591.1884318617591,735.2742303981686,-320.2083067147791,-490.9878164414452,-822.0176499382205,-657.5730303336292,777.337876488589,890.8856822979205,-114.71680402771187,-417.5059900926749,-289.25383413070875,-169.32478416699982,-475.3431936290871,-723.4898270135828,-418.1956050473023,934.9931886620204,-213.83245844352385,-575.0875449331909,-605.9851266636782,565.1966284109988,628.2085411424994,197.5766418288296,-468.2355309108565,-191.2009582624482,-442.8082022459984,955.1551207651618,977.0101354024824,244.40866295137172,-389.38137830051386,-351.17206548893944,-398.5139846617569,-313.7075231140191,-108.43541213842938,-291.8943087815118,-524.4124415259679,-98.90731378942404,758.9968343984583,1066.363118872832,826.8911340001645,680.404790908053,-479.0741516274119,-665.8416929622698,-568.7127602636509,-301.299115700368
289.8957432845408,122.31892498255884,83.49430674654577,160.09893939747397,-229.7760469179373,-568.0419307490469,157.7673405175326,761.2751821645313,632.40209649835,-270.8149470239624,-503.9368757434327,242.40730694479325,-566.3120553810644,543.45494339158,-431.0984114049135,-149.2938852178089,541.634841092692,-208.5314425008134,-471.8639148292672,-595.4228606368672,-714.9879717864891,-536.2776434568268,-532.9258080625842,-621.5659235411457,-516.3370578626399,129.217095500163,897.5032269178421,257.65175355075087,-182.1577406386948,416.6075010900535,-600.3567926242091,-333.5015773631013,-360.977525232632,-394.0557059966591,-606.415119442861,642.8890505534292,727.5056149946913,-324.858051574033,-451.5134852661524,-822.9766783461228,-632.5483455277907,804.0227441864928,867.7932218274012,-151.59415078004972,-447.34250705381584,-299.0859695181426,-180.01206432060985,-496.7480615714746,-753.1519308604719,-430.3201701846751,916.0110508401424,-226.8082998192376,-563.2326208894698,-543.6225203809431,622.2532753545412,663.5277193742248,159.74788601986842,-476.7154884691161,-225.9128030512395,-463.4985988809558,995.8407981904062,1006.6759207955035,198.25755072084067,-406.3094522670905,-376.0145273003121,-406.3039645345124,-326.1194506320169,-135.2350431974492,-288.26637929930695,-523.5356429979213,-156.3305865692099,753.8388950595833,1075.5471614627836,873.4117284520772,634.6366754520777,-502.1510781247168,-689.9514651468184,-599.0413598594448,-325.3959365719562
223.2914298541718,78.58975469454494,41.82448600038935,111.67858274063832,-257.91143748415675,-572.4437344753164,145.01340289410004,762.1985733665714,723.0255667201096,-193.60607355825564,-514.6289991508606,188.2513815743045,-507.1728873114301,498.2826537570695,-454.62091598101705,-59.752055928200654,496.6294312930466,-221.44430903204017,-489.5485809084235,-601.4771491494107,-716.7878344862378,-557.112762532881,-551.2793799852027,-568.7972802416185,-533.6587421356373,89.61214170926283,922.0461403923844,331.6723065723775,-94.54223213569875,480.0187720125256,-581.0789990451309,-347.7680443470447,-375.8663861695505,-402.4046278773148,-618.8000797145511,686.2471322717029,714.5900557904688,-328.2013254622204,-404.86974258821897,-816.0913026557414,-599.4647513371763,822.3529822681871,840.0624775924058,-185.6627011964312,-478.87329357106967,-310.1040212169453,-190.96508444290703,-516.7444341250317,-784.0454595968744,-443.81735832874375,890.6066794919849,-241.04422719652788,-544.848456255228,-472.7839796128601,671.7147453322194,691.8084875662744,122.93493250304364,-482.1165460750559,-257.86169005135736,-485.7183198254278,1027.5611918580348,1028.258228530909,152.27091921247458,-420.2966771424586,-396.87448994292345,-412.2615182964576,-336.51340067845456,-159.29973789899444,-285.72099114125723,-523.5086618572196,-212.0464984803638,741.5693685416851,1077.395026439092,911.4287194318368,586.2071272912268,-526.8315132514601,-713.3472743522431,-630.2620564922112,-351.0628973101296
158.2542608328895,36.95124256406066,2.687906589189405,64.4018129451432,-283.11253511381784,-575.3363503658894,133.49497943477164,756.043381605183,806.3432979336098,-110.74596587995411,-527.2308738444871,135.844130671902,-440.0561157376465,451.0246050232177,-478.3301235043175,31.069127380034047,449.99202835574073,-233.3247025955446,-508.4017206976257,-603.3726463799344,-711.5609500670599,-580.2796230113291,-569.6225230445198,-507.6257046064591,-552.0767496593331,51.590057785085406,938.3222524830992,401.6934343474283,-7.047337764720102,536.900369562144,-554.3944595216631,-363.7054421617953,-392.5875500575553,-412.65179016619857,-627.9149815076175,720.9962547142934,697.0397763324795,-330.7069212207588,-351.3209339995828,-800.6901680109964,-558.2740675955204,832.5072144115132,808.2183650963941,-216.76802671548975,-511.7314833305352,-322.3932097503511,-202.47126887101555,-534.5044806420586,-815.4865902094956,-458.8058977643328,859.3899624574274,-256.7589776371925,-519.543842959896,-394.1619304229922,713.160059932298,713.1321294010344,87.33967724768625,-484.7828028604755,-286.9124690398484,-509.1175733066836,1050.353700166914,1042.0201326083293,106.73947962035268,-431.4985027934412,-413.7732053581913,-416.7734863076984,-345.1414642554336,-180.7312916816028,-284.7243698121847,-524.6224301812799,-265.948227114271,722.822360061366,1072.4728376080295,940.9161818560676,535.608891181863,-552.5057225640884,-735.2654516053738,-661.5002121608293,-378.1648698668277
95.21508828857718,-2.3428059680604187,-33.76989844145648,18.491121458853502,-305.351569822814,-577.1310662887003,123.0319450250839,743.419163997849,881.4797359690202,-23.260717765457237,-541.6975363442328,85.61289013196159,-365.5597367239452,402.1216100820205,-501.2981637104538,121.83175453238664,402.1246342210136,-244.48658770103896,-528.1284751702084,-600.2581466277728,-698.6897007069934,-605.2696296969291,-587.2522153514864,-438.6815827635096,-571.4661134229835,15.351554575626732,946.6653440029652,466.6917425890464,78.89252616661074,586.6177908523745,-520.0451796554576,-381.19004058592105,-411.0007639694225,-424.77972650361096,-632.9845464529037,747.0654995263438,675.3475572698815,-332.8592009067321,-291.3173509388237,-776.2664387689744,-509.12281849072286,834.7955449281912,772.7585758472817,-244.79876187031587,-545.4530077394503,-335.9873825124759,-214.80159827151303,-549.168951827453,-846.6855864681692,-475.3401958106455,822.9736832114356,-274.1197917808877,-487.0648919611161,-308.6643272401265,746.3515600784156,727.657212740917,53.16160000630271,-485.0969717516068,-312.99217135640345,-533.2339337287954,1064.4045087215766,1048.3233521685595,61.96252136927841,-440.1133192283044,-426.8164288820133,-420.2683067143077,-352.2819193216867,-199.67395910580268,-285.69024647579033,-527.1388756498363,-317.97159954101613,698.2522208876484,1061.377767332869,961.999784010276,483.3278919479096,-578.4599146955114,-754.8800196765416,-691.7746992383646,-406.5125479172257
34.535022242384024,-39.07068141056019,-67.45424173530064,-25.843191477831677,-324.64047109483846,-578.2514882675721,113.42625810143056,724.9778004277935,947.759800674425,67.68154260639288,-557.8523208635105,37.94360982124319,-284.4811995961416,351.97966659854666,-522.5467122040155,211.2185057834901,353.4072106766929,-255.24249094942675,-548.3432075576014,-591.3338785351237,-677.7095407621113,-631.4434945113334,-603.4056620411059,-362.8091586077464,-591.622889579916,-18.93289578816916,947.503317761398,525.7800896751179,161.91220897931407,628.7058369630113,-477.9312164031418,-400.0065300720674,-430.88781475696624,-438.6643976402778,-633.2482952783026,764.5662142257676,649.9772398198348,-335.14261659405355,-225.48908070441868,-742.5040771186966,-452.3611575785658,829.6379923260511,734.1484321576204,-269.6924931653703,-579.4779093799685,-350.8656736511183,-228.20383397935797,-559.8709113610644,-876.7574523651433,-493.40251311085,781.9614309701537,-293.2344087791312,-447.3130823120256,-217.39303062133476,771.2265005216502,735.6024394057432,20.597077982007992,-483.4723765906196,-336.0934412978275,-557.4967284058317,1070.0259839677708,1047.6048661958473,18.244329223599195,-446.3806472352592,-436.1941896447868,-423.2060540264212,-358.2355413251303,-216.31011479589952,-288.9654882864184,-531.2837808502878,-368.0799113009796,668.5099398485756,1044.7140744933722,974.9359234122549,429.844154390314,-603.889362969904,-771.3213860573574,-720.0207213749864,-435.8603166588966
-23.491048149308888,-73.05009576571054,-98.3216684890144,-68.40254200786755,-341.0349068011794,-579.1251251437799,104.46575309503788,701.3872451817934,1004.7113324924968,160.8038030701508,-575.3838140680117,-6.826286879465555,-197.798741778112,300.9757341549306,-541.0717031947142,297.9695878055427,304.19985497294,-265.8959240987692,-568.5707052496086,-575.8829068108513,-648.331749185152,-658.0404603177556,-617.277922092706,-281.0473894430117,-612.2595794837914,-51.12765955063528,941.3342791286024,578.2251479691981,240.7551371358745,662.8702110333907,-428.1264906000353,-419.8429762435648,-451.9505239165493,-454.0711867489211,-627.984798342974,773.7733106150852,621.3581262193214,-338.0253862017633,-154.6326787692805,-699.2989062931772,-388.5445538132628,817.5415328979745,692.8189265317699,-291.4408372213077,-613.1545798094602,-366.949265716671,-242.89622876220872,-565.7621978216567,-904.7364925240896,-512.8959088561743,736.9390983024559,-314.14328593569684,-400.3593118936295,-121.61379934538576,787.8827676749236,737.2304865256127,-10.162824380978185,-480.344472798924,-356.2757484175566,-581.2351576050565,1067.6319615914974,1040.3540607769355,-24.1110086435082,-450.578491935921,-442.1784347772328,-426.066610859395,-363.3213249546563,-230.8552232510131,-294.8162396997792,-537.2391530746462,-416.2483415736834,634.2241635885727,1023.0727806708484,980.0887035151344,375.6324108787165,-627.9151502617982,-783.6979153629436,-745.117083661454,-465.90406175576265
-78.63018742795926,-104.14453919091557,-126.379129614723,-109.00083674472975,-354.6372535091246,-580.174928774265,95.92852405702536,673.3084510897024,1052.0593469813589,254.7582109288123,-593.8473438721494,-48.41485631346463,-106.64582381609196,249.46449795586608,-555.8699899156014,380.9162802838006,254.8451695250262,-276.7338577394418,-588.2502098052878,-553.3019053487571,-610.4613574590684,-684.1924746230961,-628.0421613612114,-194.6031320865044,-633.002885812795,-81.13526373651696,928.7034659214568,623.4581702524408,314.30678390793764,688.9828921051964,-370.8889904821048,-440.2885951656304,-473.810084367649,-470.6540263419936,-616.5364060156164,775.1023927540904,589.8829301883486,-341.94279290409406,-79.691060017684,-646.7732176583437,-318.4274979995805,799.076887219021,649.1675241213525,-310.0932398692108,-645.7474091497717,-384.0983008202437,-259.0616473480119,-566.0418053676749,-929.5949084313692,-533.6383117908481,688.4697741412575,-336.8123194673786,-346.452887489227,-22.719072469649625,796.5598907884973,732.8337284740863,-38.93597698241295,-476.1620559912191,-373.6644538894861,-603.6903624147492,1057.7123720743425,1027.0915182650697,-64.80612335548565,-453.01982055022313,-445.1186291835388,-429.3361845079238,-367.87152413739767,-243.5523438688614,-303.41499729495314,-545.1351606852509,-462.4484958392859,595.9873858952861,997.015619529254,977.9061510948512,321.1620512724484,-649.6043657033523,-791.1199719362635,-765.9173670696886,-496.27921240677136
-130.70675324805055,-132.26839535551292,-151.68200555234782,-147.46637074466872,-365.5982747270704,-581.8108075844704,87.587794947365,641.3763149305796,1089.7131586974558,348.16719357138186,-612.6712550230385,-86.60206742482178,-12.2796842062241,197.7853837648329,-565.9675236823662,459.0096303514029,205.67059325665156,-288.0193563135311,-606.7425568778502,-523.1299148141886,-564.2092784090157,-708.9432301735657,-634.8722339032084,-104.81762075267262,-653.3942109508869,-108.89836330069151,910.182073659646,661.0790152236729,381.6209803431991,707.0720141681434,-306.664493758019,-460.8349192830632,-496.008095689703,-487.9579584751942,-598.3336466965613,769.084070080685,555.9087641875922,-347.28060140279564,-1.7274125503886433,-585.2828840726316,-242.9489031625621,774.8560840823452,603.5611896068527,-325.759126364861,-676.4481913076215,-402.1090733887476,-276.8419666859824,-559.9851904321988,-950.2653992667724,-555.3581407681709,637.0916455307095,-361.1264007030512,-286.02453436120464,77.81478685996156,797.6166896959131,722.7225178771677,-65.55402296673556,-471.37829008297285,-388.4479050155238,-624.0315578762742,1040.8085262438656,1008.3503434989208,-103.55786476166944,-454.048143731124,-445.43541364240514,-433.4924631321738,-372.2259001060427,-254.6663701712376,-314.8291195635882,-555.0417637565951,-506.6335990698837,554.3474407186462,967.0635995598136,968.8969646384692,266.896143561901,-667.9934595286485,-792.7259115509977,-781.2842599916111,-526.5593878607312
-179.59765583188113,-157.39060411656754,-174.3310650682953,-183.64463093127583,-374.1173685776219,-584.4210836303935,79.21714890516694,606.1852087692679,1117.7477726803722,439.6656091814977,-631.168077596511,-121.2353827929958,83.95464550025807,146.26913822224878,-570.448526119384,531.3431627846857,156.99048478150104,-299.9844944109638,-623.3406231384596,-485.0736519395672,-509.8978200290376,-731.2717852897052,-636.9671715768579,-13.127602499085572,-672.8932534851676,-134.40036428365067,886.3488252217152,690.8538580954383,441.9382166567432,717.307213088575,-236.0832221077215,-480.8808224181056,-518.0096669100316,-505.4253405539296,-572.9184342698511,756.3367954575193,519.7605412575168,-354.3590979802596,78.10569478313346,-515.4162310661488,-163.2093693180043,745.5116941632871,556.3410206570636,-338.6081602315604,-704.3914264032862,-420.71172985977984,-296.3326097097444,-546.9733719722569,-965.6675425344548,-577.6919491901538,583.3183753355079,-386.8841727727766,-219.6827401233079,178.47371369719,791.5069794201978,707.2164581630313,-89.8681629876703,-466.4416554235277,-400.872799184998,-641.376213407745,1017.4902064394688,984.6606774235564,-140.105370039168,-454.0321942735536,-443.61243488053975,-438.9887801843992,-376.7250700451357,-264.4781607296954,-329.0113289096582,-566.9602570093169,-548.7248522252139,509.8040454844484,933.6902303926826,953.6089053295904,213.28933438758483,-682.1143230631278,-787.7093917123801,-790.1260997550207,-556.2560703562159
-225.2277887214316,-179.53673217906206,-194.4684541100339,-217.4017205329719,-380.4413208623069,-588.363835492065,70.59597624044382,568.2793650744461,1136.3811620777417,527.941797248113,-648.5505278764224,-152.2341637093575,180.66327396568167,95.24336980908598,-568.4850030937272,597.168844784263,109.10776690665055,-312.8236727548853,-637.2831639157711,-439.027970729246,-448.0589923135303,-750.1202738953137,-633.577011290171,78.97717564819202,-690.8849810015606,-157.66479375873493,857.7749008742678,712.7073212633778,494.6955715243717,719.9815490083547,-159.94918338684045,-499.74172684279455,-539.2089324978798,-522.405803471182,-539.9652061254956,737.5394920220921,481.7361114737679,-363.4182630044882,158.60054548444307,-437.98428600576887,-80.4410201053534,711.6784521409916,507.82783144074,-348.868506696656,-728.6734281306613,-439.5687909028159,-317.5770915159724,-526.5205989277439,-974.7375082591494,-600.1845888916607,527.6413295824792,-413.79435943999175,-148.20306735224324,277.7533002958014,778.7547360151702,686.6388364464835,-111.7555422630079,-461.7868935429187,-411.2380901525555,-654.8140860791252,988.3354938408615,956.5377892193782,-174.2182680476544,-453.3597089026781,-440.186467232427,-446.23771808296055,-381.702877355874,-273.27867425911467,-345.7927823848549,-580.8150458474827,-588.599450983936,462.8098045435433,897.3191909416345,932.60970921743,160.7845260602598,-691.0225051651565,-775.3472655106693,-791.4344901008305,-584.8197572697779
-267.56580357286464,-198.7893927981084,-212.27282272965124,-248.62808757760897,-384.8615577175035,-593.958066413938,61.51499932018277,528.1480869335097,1145.949153338339,611.7754705567808,-663.9520986125075,-179.5925900360738,276.4435843674703,45.03655130102744,-559.3657971002256,655.9059330796907,62.31496184964377,-326.68743674147737,-647.7719898899377,-385.09020164323584,-379.42530523017183,-764.425018680213,-624.029219063296,169.9982151337033,-706.6901522469204,-178.7535687741972,825.0125878527161,726.7099841006567,539.5283846594103,715.491172298913,-79.22233792411734,-516.6631320665682,-558.9372685088149,-538.1699527988573,-499.2991192893083,713.4051126080834,442.1124391034196,-374.6045740853048,238.5301926311652,-354.00245778172507,4.02885902506803,673.9777941115857,458.32803276351206,-356.8231291221858,-748.3749106503786,-458.2748848078661,-340.56152091649653,-498.2993127055188,-976.460421344843,-622.2923703314455,470.5329889026768,-441.4740284916162,-72.51045755073139,374.2048812879229,759.9300293367144,661.314123573515,-131.12584223057732,-457.8260113774999,-419.88770663372384,-663.4346990179399,953.9140236164698,924.4738793051664,-205.7045898234767,-452.4303296419601,-435.73595402400304,-455.5946327052085,-387.47775813149735,-281.36317984703345,-364.87926441640144,-596.4460797985535,-626.0807451589538,413.7748254942533,858.3259765747571,906.4711323104492,109.80832213654492,-693.826812319015,-755.0272238117311,-784.3216982158231,-611.6430486368014
-306.6203163444825,-215.28703839474568,-227.95372136060985,-277.24224117042496,-387.7099328659191,-601.4746614957049,51.78174053867497,486.2254717646559,1146.8796290289215,690.0706099292357,-676.4518035938697,-203.3808137292181,369.9237765075834,-4.019890836918739,-542.5242130709728,707.1427231047056,16.894470648649595,-341.67687366389526,-653.9922799936985,-323.567322059767,-304.9131037135718,-773.1501749301868,-607.7547999247372,258.47224913292547,-719.5794291215822,-197.7643575072051,788.5877416068055,733.0623606032209,576.2642255787877,704.3138875384018,5.00587439549379,-530.8383943800325,-576.4744083210829,-551.9266811224022,-450.9104665187232,684.6561227208765,401.1521504912704,-387.9599157628349,316.6843354917771,-264.66416923583057,88.81870085615245,633.0056394905121,408.1391994875012,-362.8042580425317,-762.5865198198699,-476.3581240663429,-365.2090952280976,-462.16113864890434,-969.9044442440928,-643.3896297231688,412.4508911966733,-469.4491346093808,6.345021526502811,466.4780408014964,735.6268618300637,631.5682075799366,-147.92764657835974,-454.9394048697301,-427.2023202497582,-666.3576190584506,914.7741073777064,888.93348143783,-234.4179870742533,-451.64765188937287,-430.86811460002,-467.3416188607016,-394.34315119421,-289.0255776314466,-385.85098975610725,-613.6024569585489,-660.9309863798643,363.0739404746524,817.0428629264302,875.7564622609531,60.76533696446326,-689.7193813351442,-726.274254713667,-768.0564087553878,-636.0661004506252
-342.4365505574501,-229.2212272120262,-241.74543122146275,-303.1941677904904,-389.3531097973744,-611.1271503838209,41.22581579938865,442.8940825584025,1139.667639623051,761.8818710271049,-685.1024480528865,-223.74411325710352,459.80008902526936,-51.5916354608017,-517.5631056903947,750.6315988653088,-26.882017376379213,-357.8386352796372,-655.1356657653732,-254.9752370879324,-225.59887082638164,-775.3228614087598,-584.3130363087455,343.0130045367524,-728.7909624023926,-214.827249060439,748.9958893483342,732.0764748752084,604.9100824348509,686.9876956203439,91.5427154680799,-541.4304606836638,-591.0625482333198,-562.8438317729185,-394.9645388088665,652.0027210506568,359.1098404375399,-403.4130374718733,391.90348760540206,-171.30743413113387,172.53604489605073,589.3235538921529,357.554798218903,-367.1862516226468,-770.4365932029388,-493.2835631021456,-391.3747400120395,-418.152706106183,-954.2554243240704,-662.7789979141661,353.84150845318834,-497.1576633431782,87.21809901300648,553.3575175372827,706.4438340987945,597.7308255978348,-162.15414862810178,-453.46716838298414,-433.5903451980355,-662.7646422388829,871.433907794731,850.3521360656971,-260.2639132607944,-451.4104576406445,-426.20479302819234,-481.6724624012566,-402.55708468111663,-296.55283463929595,-408.16640341260165,-631.9377742195313,-692.8470683078623,311.0554629415177,773.7663741321873,841.0115623664201,14.031571551759583,-678.00517793615,-688.7749032312224,-742.0963354907873,-657.3848167500901
-375.0933553470638,-240.83252818466656,-253.9004294294164,-326.4682076675199,-390.1856127068594,-623.0623715996654,29.70395900146046,398.4917913453457,1124.8528008414485,826.4334612919495,-688.9616117910389,-240.899888561416,544.8701409292768,-97.34376067708448,-484.2762123614498,786.2781272399725,-68.75505497966527,-375.160611743634,-650.4255549143379,-180.02985594666188,-142.68932269457557,-770.0685833243434,-553.4136962883107,422.34894851828136,-733.5511617640086,-230.10095707858463,706.7015696539441,724.1561346390675,625.6339783501089,664.090272283173,179.1287495649697,-547.5970315890971,-601.9234060752607,-570.0718207809381,-331.80626104435555,616.1244172048173,316.23761170461074,-420.77395439150393,463.109937960366,-75.37579602726754,253.82124869527735,543.4532494367886,306.8676633362206,-370.3771091025082,-771.1202783878035,-508.4591406097204,-418.84016457654,-366.52523158246686,-928.8507563688242,-679.7055052003227,295.1435458375767,-523.9556657165801,168.90260935944147,633.7929028486852,672.9683040589722,560.1395115514241,-173.84779513090518,-453.7006707183873,-439.4782894017399,-651.9327622437742,824.3766051029398,809.1378313817482,-283.20448618057856,-452.10318553141576,-422.3672653540488,-498.6791355355919,-412.331165941237,-304.2195134543909,-431.17023423885246,-651.0078214268535,-721.4596083249074,258.05043914642675,728.7663506328313,802.7592742267028,-30.0528409986583,-658.1297769393827,-642.3982515078981,-706.1161786679912,-674.8620617571225
-404.7004897068032,-250.40526993034115,-264.6827174524048,-347.08520809518444,-390.6216264855679,-637.3512353584458,17.104709612561837,353.3208706283366,1103.0000574102628,883.1299593399124,-687.1243669672557,-255.13242969354548,624.0610847195778,-140.9452076980508,-442.6644822406736,814.1252295890647,-108.47992030895824,-393.5682809157444,-639.1439948279628,-99.63010368905177,-57.48648272696428,-756.6456284440475,-514.9355137870797,495.3554824188324,-733.0981794855522,-243.7687770642529,662.1403090560249,709.7769217370089,638.7424054837696,636.2201837328981,266.47528253125074,-548.5184090605919,-608.2780515605679,-572.7696840794367,-261.959071877943,577.6553811223359,272.7894310455269,-439.7316248886378,529.3342673392651,21.62461451802292,331.38932583458194,495.8742168555832,256.3719477909046,-372.80890722084087,-763.9290062678341,-521.2444352111154,-447.30971435175616,-307.7370115219153,-893.2109682188934,-693.3744616520908,236.7902511159476,-549.1264255412837,250.1685740744344,706.9200369085521,635.7644332421834,519.1442919481841,-183.1035187272457,-455.87449882790185,-445.300523681628,-633.2665930619714,774.0492712327347,765.6745818178877,-303.2618173316546,-454.0857068021019,-419.9602687810976,-518.3403875178933,-423.8192983008368,-312.28234773948697,-454.1059089117367,-670.2711985330587,-746.3356528587859,204.3814567320216,682.2956825819281,761.4968086305553,-71.19113542597472,-629.7042325456009,-587.2125187222532,-660.0294818154337,-687.7420440705247
-431.3960446110779,-258.26135626397064,-274.3612545843437,-365.1038266519161,-391.0856313719861,-653.9798916469092,3.3527198052017813,307.6583298555175,1074.6845371658735,931.5590862600236,-678.7566164324568,-266.785496917022,696.4515855363264,-182.0752043538153,-392.9462112664796,834.333677395376,-145.83000050216205,-412.92177735702006,-620.6592168867973,-14.833472168178568,28.650776711327907,-734.4770315660257,-468.93978040874106,561.080376983627,-726.707457027026,-256.034495172283,615.7225024393276,689.4668009066021,644.6550452612878,603.9804572467398,352.30286309207975,-543.4270850709199,-609.3691656493992,-570.1328719631935,-186.117716450516,537.1737695675142,229.02400611303105,-459.8551657213528,589.7365055319254,118.16992877741366,404.0678620374378,447.0241436392189,206.363423686002,-374.9274110392028,-748.2792082321786,-530.9624503553237,-476.4074888938683,-242.4482621827099,-847.0674628920383,-702.9728377586417,179.21042610966458,-571.8929297707575,329.80022131685206,772.0735597725676,595.3652382985312,475.1123432572906,-190.0702925157497,-460.158894309827,-451.4885069508291,-606.3287589610303,720.8649747420613,720.3274392071853,-320.5196551549337,-457.6825020473621,-419.5555627936193,-540.5129625058602,-437.1065408219744,-320.9748005407732,-476.13227123918233,-689.0933724392265,-766.9852077244013,150.37023071180874,634.5998116828513,717.695608046589,-109.13722430265652,-592.5258584094219,-523.4962174979014,-604.0030946218468,-695.2678574566953
-455.3438826121839,-264.7533602959655,-283.2037324759721,-380.620906893002,-392.0019680415888,-672.8417138000026,-11.587346553507327,261.76648737547055,1040.480827969439,971.486950437119,-663.127837336887,-276.25285353858607,761.2870123658993,-220.4313078703204,-335.5599605689358,847.1602839468188,-180.6009536717111,-433.0137652529904,-594.4528572513672,73.17485092668441,114.34702744946844,-703.1786680202433,-415.67801460279605,618.7616303462769,-713.7185127149494,-267.11840438490015,567.8383953025451,663.7881030327719,643.8782230018772,567.9649272771089,435.3789914608861,-531.6379608617078,-604.4852100284154,-561.4219677468147,-105.13487671351658,495.1950307285847,185.20601050650288,-480.5987865911889,643.6213707129482,212.76323759793848,470.82924736835946,397.3016576983488,157.13815263837438,-377.1810750377955,-723.7390927443894,-536.9144976843626,-505.6762467777039,-171.50810557179008,-790.3848597552527,-707.6936493346666,122.8279329791012,-591.4337070804465,406.6330123086893,828.7906235463173,552.2685049875497,428.4318703574982,-194.95083593619464,-466.6528326661124,-458.45950879733095,-570.8666706413048,665.2074879823102,673.4482083629631,-335.12324283387125,-463.1713731480871,-421.67537536418814,-564.9259379592178,-452.1986069437728,-330.5015331383297,-496.34438366362735,-706.7545860743561,-782.871694012534,96.3433781858428,585.9252033144347,671.803070319734,-143.7023710383113,-546.5938108020421,-451.742912082362,-538.4631908005898,-696.7019627727332
-476.7310063858346,-270.2570718403296,-291.47090073347186,-393.7708909532632,-393.7834488274465,-693.730588791184,-27.707348838146256,215.9028277077069,1000.95661752798,1002.846728139014,-639.6419521681049,-283.96698506652103,817.9876237889019,-255.73861803595065,-271.1595151556243,852.9351950568581,-212.6154614403596,-453.5682527311924,-560.1457284435367,163.11786415340654,198.25061443693076,-662.5820684810279,-355.59289439886464,667.8373530231926,-693.5619949653459,-277.25352283137846,518.8633628970828,633.3214730812264,636.9784414288519,528.747576676237,514.553229953755,-512.577959974746,-592.9858028383538,-545.991372090981,-20.0018741114638,452.1689977267873,141.60560021664503,-501.310543157546,690.4473877581567,303.9771367368829,530.8158602661596,347.0708494910413,108.98967580557006,-380.00960841783217,-690.0522686371494,-538.3980739335868,-534.5786270541328,-95.93391258852098,-723.3764846042583,-706.762636922558,68.05958391933677,-606.9019569609778,479.5877918455451,876.8062816245792,506.9361914130055,379.5145712866607,-197.99939862801807,-475.37791846697337,-466.604903916527,-526.8340998703599,607.4378655003818,625.381162894393,-347.2773348813958,-470.7718821859477,-426.7761247461057,-591.17861802087,-469.0125564372967,-341.03272018541503,-513.798016361701,-722.4618894199734,-793.4263025161287,42.6359982949517,536.5261420392261,624.2454806424935,-174.76080434035467,-492.1185059020064,-372.6588091669042,-464.0921175641096,-691.3491750855782
-495.76481530175965,-275.1636122147329,-299.41160709669526,-404.7242696124354,-396.8191639552608,-716.3360509037607,-44.95267935803821,170.3283084293094,956.6702786827676,1025.7220749807634,-607.8650294167044,-290.3863135659906,866.1499229363613,-287.7596287459609,-200.60052409065835,852.0396211638732,-241.7283284708433,-474.2405439294953,-517.520930480473,253.66595082660052,279.0722338415582,-612.7506596861526,-289.3119502295078,707.9477173217335,-665.7858975935029,-286.6820347796904,469.1627412597522,598.6521934483768,624.5571707482109,486.8749000172869,588.788083225088,-485.8137190865395,-574.3274131129712,-523.3168812998983,68.17597710602257,408.4804150947419,98.49626805949354,-521.2449237764246,729.8300091710502,390.4922960796542,583.3573119108254,296.66696976512014,62.20497938103064,-383.832240967203,-647.1570290417434,-534.7274333480502,-562.5011777979173,-16.883646848277106,-646.5117715467768,-699.4663352340075,15.311392711727942,-617.4477157664094,547.7003747527615,916.0415101350092,459.7967587308424,328.7962106736916,-199.51763623051232,-486.27328975350537,-476.2781671019689,-474.4060714484371,547.9021159360067,576.4681230133142,-357.2423513401956,-480.6337838534464,-435.2328363729141,-618.7423368767112,-487.3692656028147,-352.6981772095468,-527.5372558279827,-735.3653849507804,-798.0660622110955,-10.407121844184134,486.6693908932377,575.4315061821494,-202.25390835844945,-429.5241042298566,-287.1526767499168,-381.81575741179967,-678.5814942019215
-512.6702609482065,-279.871158249408,-307.2586504919905,-413.6851031524644,-401.46168065446193,-740.2407988202184,-63.219819937814925,125.31343779857264,908.171691137704,1040.326769007579,-567.5485448793146,-295.9812715222485,905.5417141866848,-316.30413150461914,-124.91893152740327,844.8852119662142,-267.8316464754081,-494.6185809797538,-466.5430552057925,343.4775193979111,355.6200958869486,-553.9883387210278,-217.6338971618939,738.9294232600674,-630.0797440425794,-295.6518984638072,419.0955829158351,560.3591097280191,607.2278651489406,442.8611434288025,657.1842941280084,-451.0760160090744,-548.0883189165503,-493.0210108353018,158.20844630119538,364.45240745446216,56.151170848868695,-539.5791979166853,761.5391409652273,471.1305062316301,627.9793637144687,246.40267705355404,17.059566325113785,-389.0358034465722,-595.2001967122162,-525.25635518709,-588.7615973474136,64.37773189051431,-560.5146567728355,-685.1804622364766,-35.026748076338805,-622.2426107998351,610.1452057863145,946.5851612458246,411.2497279883295,276.7350192674658,-199.84866306817605,-499.19174263760095,-487.7827621155389,-413.9858280360347,486.9392004254751,527.0523562400962,-365.3286793025416,-492.8258032684213,-447.3246917061864,-646.9664302435006,-506.9882594259539,-365.5813213007741,-536.6244915696691,-744.5785742192163,-796.2152534300931,-62.43266358432892,436.6364578470245,525.7556622493784,-226.19270168590967,-359.4435603138507,-196.31792623414964,-292.7815479535437,-657.863901223918
-527.6869566286545,-284.77625320582985,-315.22546542092425,-420.8876758496149,-408.01389805758896,-764.9210988557307,-82.35455939111027,81.14163088735329,856.0053867368176,1046.9821612028568,-518.647020337121,-301.2196346102496,936.0916917260146,-341.2385633598269,-45.30182267314023,831.8960700002652,-290.85972245673213,-514.2259708246494,-407.372268681369,431.2391456222445,426.8302283961908,-486.8395838987455,-141.50791324775318,760.8035003263518,-586.2955113637238,-304.41349807869625,369.0168750947148,519.0062078705076,585.5959469111829,397.1861328228337,718.9995586414268,-408.2796327222845,-513.9916425499041,-454.89488723231,248.85267672760443,320.3523033570764,14.838136963923509,-555.433356900189,785.4916978476583,544.8810089142463,664.4046226771304,196.57422048171583,-26.1879952724857,-395.9627381504322,-534.5445798412993,-509.4024046285961,-612.6194682265975,146.5163846361545,-466.3524553067246,-663.3974290226147,-82.58781729269957,-620.5065558379259,666.252154969483,968.671381444449,361.6716745261085,223.8078497933904,-199.3694212715611,-513.8973024079053,-501.3601828236983,-346.20298968794447,424.8886533116655,477.48088388618135,-371.8891666330196,-507.32519615468334,-463.2221484012047,-675.0885228767888,-527.4854563484195,-379.7130596554202,-540.1718720687584,-749.2024663612904,-787.3295925146225,-113.0821184833004,386.7234111019613,475.60125309593536,-246.6584145480037,-282.7060602720661,-101.40709618929876,-198.3278057736396,-628.7800540279947
-541.0663225283623,-290.2646471526646,-323.50356858681994,-426.5923704369064,-416.7158974442896,-789.7505057327919,-102.1510291841044,38.1095565513121,800.7149998482382,1046.0939618880177,-461.3290079753721,-306.5515286034382,957.8746091291492,-362.4942074010023,36.948180037924416,813.4941499877846,-310.7934751593013,-532.527011457399,-340.3721684770881,515.7033323685945,491.79077769057096,-412.0806837208287,-62.00660871023674,773.7575590650187,-534.4640966444694,-313.2161679516149,319.27795364400265,475.1367296539312,560.2422670298323,350.2952960834268,773.6600705304924,-357.53746203470286,-471.9252029290797,-408.9155626571337,338.84726075460657,276.3991730912048,-25.18637847698802,-567.8933612076853,801.7399775032245,610.9193201432349,692.5455625319817,147.4669893293186,-67.30167215381002,-404.8991849551877,-465.76929629371193,-486.6717977446447,-633.2906044072485,228.17053535944936,-365.2151984652958,-633.7516913403485,-127.03561363528928,-611.5355579397755,715.5159895718027,982.654141806628,311.4228386178971,170.50422569659264,-198.48154749763236,-530.0644785562305,-517.1784628263454,-271.90250520969937,362.0972218626413,428.10491219869226,-377.3098990296878,-524.0086016187621,-482.9760574753784,-702.2491589400933,-548.3743136012492,-395.0657821834352,-537.3731685240514,-748.3528746189384,-770.9224049744171,-161.9970084792238,337.2383618435626,425.3424106189137,-263.80107910723694,-200.31704422600072,-3.799421136939871,-99.94549836070335,-591.0566663555147
-553.0688515988121,-296.70161555452074,-332.2606126283949,-431.08086333704006,-427.7322054971396,-814.0072339336315,-122.35174982729146,-3.4756011888708147,742.8479966944874,1038.1297379613532,-395.9806140790976,-312.39452439603804,971.0932106869102,-380.07370508412055,120.45338100247336,790.0885146827746,-327.66402671231106,-548.9340204951313,-266.1105156525686,595.7221809606344,549.7595213658204,-330.7021052808898,19.70615714699001,778.1238112757568,-474.80623591565,-322.3043886549253,270.2250502694995,429.2695772189128,531.7103291378056,302.6014163842312,820.764734970448,-299.16785584135266,-421.9569311107484,-355.25770276929234,426.94656475570326,232.7724267399424,-63.68407421937899,-576.0372675514614,810.4567565234944,668.6181781641934,712.4907879981662,99.35993808750736,-106.07336393377508,-416.0633430843859,-389.6624923387808,-456.6838220324413,-649.9649481062365,307.9923759393758,-258.48594461084366,-596.0416453507173,-168.07359274789314,-594.7296493781758,757.5985497623145,988.9805221369256,260.8535544064408,117.318596019963,-197.60095132675687,-547.2794442549507,-535.3215153061315,-192.12453837761697,298.9240412277384,379.2782518718529,-381.9994103170949,-542.6447510581642,-506.5091741450311,-727.510671138828,-569.0707713024503,-411.5477111779482,-527.5348579612067,-741.1900977645571,-746.5918046468425,-208.82558818674457,288.4968772556063,375.34498408439725,-277.8361516789433,-113.43141304687796,95.03737693485112,0.7659411856218834,-544.5852641608908
-563.961558859471,-304.4217520685632,-341.6388172505106,-434.6507460448851,-441.1399548151045,-836.8853920399549,-142.64890057186676,-43.30183574565749,682.9597375834286,1023.5982594225752,-323.2010566034887,-319.1192201604163,976.058150701038,-394.0554202736075,203.80439603189396,762.0686328153531,-341.5552528990891,-562.8172204861171,-185.35223811262395,670.2755568392913,600.1741967887937,-243.88249102677943,102.41110609319324,774.3542852535962,-407.7369689671736,-331.91344946238866,222.19610351174512,381.8976545349166,500.4973605015677,254.48762059409597,860.082313123745,-233.6944817312743,-364.3446939419789,-294.29876267204867,511.9537752711744,189.6208435076693,-100.4419609733838,-578.9636464892731,811.918074545629,717.550662687681,724.4857404156933,52.52849864299285,-142.3277946367539,-429.5943805458581,-307.2063066782584,-419.1936487763383,-661.8277521680774,384.6890203253381,-147.7031210321915,-550.2468275642532,-205.4542076102536,-569.6198391442501,792.324102833053,988.1642772747,210.30977852340772,64.74123951072009,-197.1463473476091,-565.0433727276396,-555.7796952174391,-108.07599748921388,235.74398122353807,331.3537392457089,-386.3765418557816,-562.8896258727232,-533.6104174767582,-749.880043494711,-588.9022776882673,-428.997924076948,-510.10514788014063,-726.9499741292258,-714.0477247031278,-253.23058159448956,240.8156921968338,325.96616005168005,-289.03927587564937,-23.32091725452215,193.58951508696236,102.14680369537908,-489.43999386736647
-574.0156300008222,-313.71830936731976,-351.75349419372753,-437.609674322595,-456.9184698302418,-857.5101534209192,-162.68702585484488,-81.06063655125253,621.616076725971,1003.0315426763938,-243.79012119712115,-327.03568638799106,973.167097260974,-404.5952983862432,285.6043079269098,729.8016265425917,-352.605100391193,-573.5173472417749,-99.04448521334676,738.4927080849352,642.6556436862456,-152.95522784441837,184.87126531193576,762.9946754946194,-333.8630000951805,-342.26439155514305,175.5161276624046,333.48772713166727,467.04913345594,206.3111027118143,891.5421492784092,-161.8382961574526,-299.53956745212804,-226.6169961845135,592.7512500304571,147.0714585590224,-135.27950542946115,-575.8215289968891,806.4846911993912,757.485914167047,728.9092285145621,7.245713374541624,-175.9266514166049,-445.5422391199094,-219.55430306227476,-374.11231617549646,-668.0835771014116,457.0606587604559,-34.51646419282161,-496.5393209420646,-238.98829992072575,-535.8929006260375,819.6687249637899,980.7610123094802,160.13713071445906,13.2483362341154,-197.52700820164927,-582.7781421738617,-578.4419904050984,-21.094944486095493,172.9489147127531,284.6778199749892,-390.85723102254167,-584.2846588354439,-563.9321839626815,-768.3353708780148,-607.1210348175991,-447.1824101295936,-484.6996256561176,-704.9751189816817,-673.1375199813657,-294.8974854489591,194.5051554028705,277.55280560223633,-297.73936315409526,68.66291719435402,290.3418941827098,202.52711691833915,-425.8902218417632
-583.5042200758984,-324.8322553641886,-362.69135821833095,-440.2691381459945,-474.9408211740597,-874.9567842943125,-182.06737202297865,-116.45742865173216,559.3939034478989,976.970123331282,-158.72780032006222,-336.38112465466406,962.8841277428484,-411.9259861806692,364.5113966713395,693.6331191196726,-361.005528835515,-580.3610194369398,-8.293963205423287,799.6667248166823,677.0041329768825,-59.36893740660484,265.8697135018901,744.6581947746909,-253.9726300888382,-353.55809469451816,130.49155503447207,284.4813506547747,431.7582830866969,158.4071005538556,915.2194611032338,-84.50164150560397,-228.18189139319637,-152.9819350911696,668.3269546655179,105.23781172848022,-168.05534783972428,-565.8409537683277,794.5831739309226,788.3782147394087,726.2472572245355,-36.21854113383464,-206.7717901446874,-463.85874868084295,-128.00199730063252,-321.5226729702158,-667.982425858365,524.0342356758555,79.36144979248355,-435.2884963401585,-268.5540375759469,-493.41277973887946,839.7448360405859,967.3460311095864,110.68303129567322,-36.70825171763259,-199.1300292727394,-599.8345868835731,-603.0902479359283,67.3904432365085,110.9467671372293,239.5835904467953,-395.8405629248752,-606.2585447277581,-596.990965595526,-781.8553561268642,-622.9214332382053,-465.79154677739456,-451.1222411648288,-674.745020908634,-623.8687936132252,-333.5429753397092,149.86088100062668,230.43862438132493,-304.31020677112525,161.12868979528184,383.8230473415288,300.2762274414425,-354.40681882468584
-592.700282248641,-337.94130732574587,-374.508329847101,-442.9379350388652,-494.96787572692347,-888.2732904305784,-200.35400682488896,-149.22347839336135,496.8792514380112,945.9517820143112,-69.14683847302571,-347.30906960142545,945.720388590668,-416.3531148193019,439.2783691034681,653.8911123321413,-367.00098631678645,-582.6787427936645,85.66273401780664,853.2616738882696,703.1895821999789,35.356436949516905,344.24549451035773,720.0006551621992,-169.01831911496822,-365.9684472248418,87.40403620084189,235.2964208079297,394.96573310158766,111.09267923764318,931.3164181657448,-2.744907803290673,-151.0898071468581,-74.33731772194884,737.7960218392067,64.22715598573677,-198.67317887333692,-548.3630428791247,776.6875047497394,810.350464410677,717.0656256173254,-77.60022653361871,-234.80739993476516,-484.3905089327163,-33.95151048130337,-261.6901567186489,-660.8471430161944,584.6912452619882,192.2057975436239,-367.0585217157077,-294.1048616221574,-442.2374276989005,852.7821819511753,948.4956280957698,62.29671815499686,-84.71096697993717,-202.3074170313568,-615.5034238791264,-629.3958293576944,155.90637727396927,50.158320974896085,196.3827026621989,-401.6944601867008,-628.1331584158355,-632.1714663290628,-789.4511155427459,-635.4614483253322,-484.439386822058,-409.38043338146673,-635.9035891147892,-566.4281039712035,-368.92297198323325,107.15508588103616,184.94028955276667,-309.1608567555642,252.686036408612,472.6481194313084,393.8497794143103,-275.66126802625337
-601.8742473177563,-353.1492922125417,-387.2265916251915,-445.9154193712156,-516.6453248169353,-896.5062796100764,-217.0818128198533,-179.12849577058776,434.66282588329005,910.5036684727507,23.7006778473976,-359.8804471437487,922.2168217935904,-418.2487932483599,508.7862861187186,610.8921504344651,-370.88537446081386,-579.8252287524354,181.4946057712753,898.9126708942135,721.3366196845028,129.6760421674131,418.9259921552013,689.6978097927939,-80.09236392088461,-379.6346404430983,46.504197415139686,186.3289267748874,356.96473497385324,64.66992518947862,940.1403799306828,82.2433637787754,-69.240413086105,8.22317367454377,800.416758588589,24.146325646748853,-227.08638397811723,-522.8684279317736,753.3019828610013,823.6732874779127,701.9826832301458,-116.64555587985303,-260.0210960310276,-506.8740135898116,61.12824402582066,-195.067440669692,-646.1010298185696,638.2885910208797,302.3298053316885,-292.5984329758028,-315.6759017440951,-382.6299441526718,859.1066222821546,924.772292702815,15.32712768811158,-130.38583485860076,-207.36333130068803,-629.0289194828104,-656.9190652325188,242.97928468676855,-8.988131893430124,155.35661791097792,-408.7414123852164,-649.1339661973415,-668.7343515483492,-790.1993921948033,-643.8875574583609,-502.665134155771,-359.6934001406214,-588.2827229466207,-501.1942859746493,-400.83996167002994,66.62808397899238,141.35276857965852,-312.72497458946,341.9856715512889,555.5578136542464,481.8321356118696,-190.51706705949795
-611.291342890397,-370.4762512298996,-400.8307553908746,-449.48459087341433,-539.5041041276226,-898.7294662114175,-231.76636633884115,-205.99309506995627,373.3330037268299,871.137540319921,118.48119324219992,-374.05678806866433,892.9295622628041,-418.04249836366006,572.0717767463356,564.9489126708258,-372.9975008793638,-571.2014995563351,277.815920160559,936.4195294084012,731.7056423372935,222.06699868843444,488.9543187512672,654.4257555975248,11.60339416444772,-394.652743279355,8.005820548511123,137.95454080638245,318.0069498532271,19.428220210858225,942.0807093598942,169.18165665782706,16.255864827917677,93.4866082552598,855.6007328022666,-14.893930937636652,-253.3011130471857,-489.0027952009109,724.9460537630422,828.7411261322109,681.6434867160997,-153.11686219161186,-282.4439871086927,-530.9334808182609,155.74412522332665,-122.29221924916536,-623.2944872796143,684.2718669194925,408.1323816154173,-212.82495533816095,-333.3883471236875,-315.063068367785,859.1180504814627,896.7140110780471,-29.88119388313809,-173.4106220170954,-214.5418256167069,-639.6252749593797,-685.1118431945285,327.18079056183296,-66.06408191001253,116.74774243003124,-417.2446601260758,-668.4051547960112,-705.8277013438109,-783.2761139523311,-647.362516512052,-519.9371548483025,-302.49278593461463,-531.9205307994523,-428.745277498404,-429.1492166985876,28.48038315215472,99.9440850031125,-315.44937057569024,427.75674538116346,631.4515052309614,562.9726043626915,-100.01330039338087
-621.2083440588676,-389.8497559620892,-415.26312414909495,-453.905078067108,-562.9645318229783,-894.0740631894819,-243.9156189724056,-229.70026295851235,313.4665387479502,828.3476623875829,213.8202629191332,-389.6958807702119,858.4183921577318,-416.2096693608648,628.3465960144015,516.3783258550473,-373.7150501883829,-556.2780460391298,373.2281476165885,965.7349320841892,734.6711130576051,311.0737141865562,553.5106156542876,614.8449444980555,104.79250918653584,-411.0668288876178,-27.91915943855497,90.5297433333957,278.3099610537598,-24.354651685370275,937.5855280050956,256.7343272028253,104.18663436026044,180.15678304492835,902.9168821880328,-52.7762474670207,-277.3775082193125,-446.5983256086724,692.1415236995758,826.0467153509533,656.6964027852928,-186.79952922511976,-302.14982867000526,-556.0818157423009,248.42216567249372,-44.1777147010689,-592.1294112033677,722.2808576496034,508.1409423086693,-128.79866373801784,-347.45132003956473,-240.2162844304704,853.2686645890612,864.8275955613237,-72.99383827461946,-213.52154279088492,-224.01543851323544,-646.4956006721117,-713.3236105773676,407.1697977069913,-120.64973038848034,80.75099632140594,-427.3952500869833,-685.0294917268468,-742.5021679763515,-767.9890927036996,-645.0951193545209,-535.6598199299083,-238.4154144157017,-467.0729688259917,-349.85758057745096,-453.7636308423354,-7.134209850003134,60.94978025591642,-317.7819178302188,508.8398788312602,699.4131109047671,636.214218632808,-5.340717441528117
-631.869582119554,-411.0979298490705,-430.4181772104558,-459.4060685303084,-586.3443892637744,-881.7601175074058,-253.04319229636164,-250.2050335264988,255.61734644915916,782.6108014304347,308.3439235875158,-406.5501247664784,819.238410847413,-413.2584057215925,677.009085668044,465.50930446559386,-373.4471309623348,-534.6181187603589,466.3620383571587,986.9482847324614,730.6983678536624,395.3496821505484,611.9265682160134,571.5880918918194,198.1618626946587,-428.8600290082041,-61.1445383331983,44.39226306135768,238.06559692446385,-66.4127115282646,927.1396447804576,343.55229911444803,193.27318177823972,266.8939739609691,942.0899008330352,-89.37556346924562,-299.4289173315437,-395.6898784490805,655.4024342160088,816.155287176527,627.7729773878275,-217.50951227587464,-319.2534178211825,-581.7250684889611,337.7498264673171,38.30413002564295,-552.4800387966541,752.1474883392938,601.0476616679051,-41.69444589987897,-358.1608889723221,-158.96511242593627,842.042638140434,829.5857569229088,-113.6935328656532,-250.5182639468229,-235.874991673834,-648.8532111157238,-740.8109990541847,481.7298250420136,-172.34416980095216,47.50635574173121,-439.3003697616985,-698.0526766096568,-777.7297585400102,-743.8085579379755,-636.370869290573,-549.1834015921249,-168.28809689118245,-394.2179049358826,-265.4978091420341,-474.65697181540025,-40.11412699890048,24.56735177768641,-320.1590415031812,584.2145224361186,758.7287745546904,700.714232271967,92.18887469480386
-643.5020942179634,-433.9446695539209,-446.1365606162582,-466.17924002689017,-608.8710496850642,-861.1276610921522,-258.68298265687594,-267.5416792662509,200.30385450635944,734.3876948100842,400.71890149764937,-424.267812265122,775.9348551388051,-409.71472660298974,717.6475939746333,412.6893071458172,-372.6254771430362,-505.9000856969555,555.9177138929709,1000.2665364375372,720.3201562124933,473.694017421946,663.6928673602054,525.2520205176974,290.4007089170432,-447.9459754929751,-91.59241271615218,-0.1392981448432838,197.448466287928,-106.49334038244912,911.2446900961514,428.3136830500601,282.208664699444,352.3566732510365,972.9934536397236,-124.55959232137022,-319.6190263829948,-336.524908402019,615.2276878580645,799.6797317034128,595.4716534837985,-245.10093192707015,-333.9083986067852,-607.1706676897484,422.41519478852126,124.0463752692052,-504.4089976651375,773.8868441947102,685.7378616794284,47.23244364597021,-365.8959700213305,-72.36253653806985,825.9380315352058,791.4274584707258,-151.68792316719495,-284.26704530513246,-250.12094772717856,-645.9448105148629,-766.7511846080354,549.8000829629129,-220.77637266597608,17.092865520011667,-452.9733589260741,-706.5116588704125,-810.4260720925871,-710.3941675164552,-620.5823307516791,-559.8171411133775,-93.10497541165014,-314.05093726254364,-176.80617295551554,-491.8654522986584,-70.41394405093999,-9.049045724897365,-322.99299991921623,653.0196432443464,808.8959399417741,755.855929908183,191.17865163906652
-656.3098634569047,-458.0075347469722,-462.1990157268804,-474.3717569698336,-629.6976213524454,-831.6663928202482,-260.404655850969,-281.8278813423159,147.9954857419333,684.1253655289187,489.68979162868,-442.3975137518697,729.0407958750134,-406.106875164189,750.0363658103423,358.2890393669157,-371.6944024411612,-469.9376987988784,640.7007843504495,1005.9932781387804,704.11402754679,545.0812710169113,708.4597721246669,476.3932476860724,380.23887254078704,-468.16114467328265,-119.23434891386866,-42.766691670306464,156.62415551066027,-144.3600990575562,890.4022406231328,509.76243322899205,369.6969666117699,435.24334889023726,995.6390227359444,-158.19068311324077,-338.15695305774364,-269.5663131639756,572.0963436720994,777.2577600638164,560.3456846040737,-269.4732179990059,-346.30462898511104,-631.6396062466575,501.2414094499399,211.83688428364368,-448.17744150121695,787.6821988574438,761.309781301067,136.68319652711412,-371.1109951915875,18.387042384067232,805.4515515885349,750.7609539758865,-186.71765319166775,-314.701939664165,-266.6566691351637,-637.0749602036402,-790.2589830128151,610.4991558560174,-265.6165021074058,-10.47545702780861,-468.3257829919333,-709.4661042125651,-839.4757133414253,-667.6171552376185,-597.2578170295219,-566.8454732441766,-13.998277430750711,-227.47269795333423,-85.07220126979371,-505.4876217615031,-98.04647082865388,-39.79334509603511,-326.6592009292953,714.567148937534,849.6238915500226,801.2517700620335,290.1866280609556
-670.4671675231762,-482.7987240481146,-478.3208151030395,-484.079418186526,-647.9229143508793,-793.0425030638637,-257.8294974241137,-293.26552207203804,99.09889541225796,632.2596934046045,574.1115542346403,-460.39567399669335,679.0772549837178,-402.9491504840681,774.1247950231159,302.70481989697214,-371.0996290771107,-426.6970926295328,719.6527835950666,1004.507377874162,682.6815099900336,608.6834333346251,746.0313111094038,425.52692552481295,466.4822112797032,-489.25864559073847,-144.09116285136227,-83.21404739798454,115.75660090097875,-179.79662092898104,865.1004497982111,586.7433016693062,454.49031198550944,514.3322130133062,1010.1613765311504,-190.12887694388175,-355.2904481611478,-195.4876815542068,526.4653491528593,749.531889453368,522.8953663208653,-290.57731693815026,-356.6652138106046,-654.2826319204153,573.2148971375296,300.392945656123,-384.2483734830412,793.8652188987104,827.0854889001616,225.35342160038147,-374.3253698465665,111.9604771217288,781.0665265429035,707.968812756047,-218.5642623990541,-341.82405897775794,-285.2838985023019,-621.6310419519426,-810.4075491863478,663.1406046140428,-306.5870235256325,-35.25151470895688,-485.16194154800166,-706.0319156789692,-863.7604814142655,-615.5763676955803,-566.0870194802666,-569.5472308506336,67.79626281517494,-135.56783303207675,8.296514620242633,-515.6826684795013,-123.08295276700952,-67.61147581469399,-331.48382508039924,768.3478780357298,880.8263170624001,836.7382763619132,387.7674637032309
-686.1111203216906,-507.7294835725793,-494.1473825406918,-495.3400757165897,-662.6148712507508,-745.1212231314433,-250.64598191908655,-302.1379273923748,53.944615934342366,579.2177241446925,652.9759937656102,-477.63744045625714,626.5551415223684,-400.72573026683824,790.0212155877132,246.35834464268703,-371.276140411,-376.3093993837217,791.8746089989343,996.242286934532,656.6298180162905,663.8834562829206,776.3539803789603,373.1285865620429,548.043671642191,-510.9039877567732,-166.23140446685886,-121.23057123520164,75.01422683010378,-212.61129551106305,835.8044256676512,658.2316015118314,535.4238532546372,588.5170767056208,1016.8017543297728,-220.23592806335256,-371.29744639974257,-115.16074273993216,478.7693517216951,717.1328229681677,483.5644957704342,-308.4205494429748,-365.24324162643336,-674.2003461585283,637.5063749067324,388.3991305846375,-313.2825522544888,792.8926448197525,882.6131729278496,311.97049941532896,-376.1098926926098,206.95386321301532,753.2442285751541,663.4141765360496,-247.05744585516916,-365.6989939392557,-305.7007503476848,-599.1077758918258,-826.2523972690597,707.2402680752543,-343.4730761430272,-57.35464113646284,-503.17616920115074,-695.415480388906,-882.1897944658623,-554.6071134676727,-526.9422078762121,-567.217471548155,150.97775373320457,-39.57633615584864,101.81132795633174,-522.6672834649448,-145.6514245380166,-92.50418203912668,-337.7320509814144,814.0303936409358,902.6068476325842,862.363443086139,482.5142410128565
-703.3335554139879,-532.1182057594618,-509.251837581964,-508.1274887126948,-672.8369304232325,-687.983743050045,-238.6243458200156,-308.80356076859044,12.774772933758376,525.4192927448067,725.4312830013798,-493.4306532985003,571.9783052696085,-399.874917333523,797.9725865742993,189.69380157476817,-372.6352415150597,-319.0780060421112,856.6421349990869,981.6669742741396,626.5565889296437,710.2800746128327,799.5010336466997,319.6380370857454,623.9685971371282,-532.6733326380241,-185.7686985564404,-156.5937339077083,34.57452486943408,-242.64239349522188,802.9503382093038,723.3566246527985,611.4456723706384,656.8375957029276,1015.8898738596762,-248.38004689049797,-386.4762856388837,-29.635192715675867,429.4221447600692,680.6665477742197,442.7407719975196,-323.06980646175504,-372.3181902726656,-690.4669387084086,693.4839987806347,474.54657308471775,-236.12673317409997,785.3207898503593,927.6614412006592,395.3285910508813,-377.07045839654177,301.92415411949185,722.4184578822133,617.4474759318797,-272.08127164814255,-386.45255016412506,-327.5024674596133,-569.1302364010122,-836.8582875672633,742.5155009522051,-376.1315676613408,-76.9676994191038,-521.9532586053253,-676.9471414803133,-893.7326638564246,-485.28199208976525,-479.8937389882457,-559.1913741060922,234.2204947726784,59.14161238280074,193.94367823937188,-526.7112712363149,-165.9333645656495,-114.5285390040213,-345.59719402366085,851.4531935751071,915.2388407160244,878.3677147297949,573.0982638848068
-722.1724644863264,-555.2023701519844,-523.1352087653809,-522.3458278136955,-677.6766240223668,-621.9373004395295,-221.62940763247548,-313.6863223749291,-24.267470565160465,471.2776439004477,790.7940393050251,-507.032830436631,515.8469596172225,-400.7742080157343,798.3415006123798,133.17249000410163,-375.55105225980753,-255.47969596157796,913.4137028319352,961.269234606333,593.0379041934665,747.6841567449537,815.6536095718806,265.4646810726694,693.4533549695838,-554.0546817402977,-202.85812779665392,-189.112735517366,-5.373159721839093,-269.7632444054261,766.9430069133316,781.417949273152,681.6409731440673,718.5025603702612,1007.82580497706,-274.4411197934256,-401.1349687593228,59.88852699960813,378.8192551250976,640.7052383691815,400.7596691348003,-334.65288917626697,-378.1919033468496,-702.1570873001799,740.7184872305166,557.571769334621,-153.79439823834727,771.7791573861412,962.2065698918898,474.319731712752,-377.8294925409959,395.43242859485,688.9931138980108,570.4128610403684,-293.57901434195503,-404.2650333738585,-350.1851533324506,-531.4742492717007,-841.3283412517884,768.8770040611613,-404.4984994201515,-94.33188650604082,-540.972290655978,-650.112301964779,-897.4503818678044,-408.403183457,-425.21880412932256,-544.869458546883,316.2144584857654,159.1457346602736,283.1684848165489,-528.1320984590743,-184.1588871593612,-133.79801630420556,-355.1910771176331,880.6112712382135,919.1408727520763,885.1598217216289,658.3050814762764
-742.6032713496812,-576.154353363843,-535.2299945890347,-537.8250986789525,-676.2755564434689,-547.5175015028203,-199.63088645709385,-317.2627355648583,-57.146109051787626,417.1988421468851,848.5539166960601,-517.6708832362924,458.6607371473757,-403.726544756444,791.5819278103186,77.26525738193479,-380.34670351191744,-186.1592010261573,961.8297250566324,935.5418861083222,556.6196191934075,776.1072374242004,825.0800008711574,210.9935471484721,755.8567915986096,-574.4523867810542,-217.69185672716588,-218.63201273513636,-44.62677124448668,-293.88706855181454,728.1565268176836,831.8942877003026,745.2496423769829,772.9053246117617,993.062627775463,-298.316162219617,-415.5798702543707,152.09252831726448,327.34117039083856,597.7818360348765,357.9111551663806,-343.35791966624475,-383.1840008256949,-708.3753421350866,778.9804904964084,636.2930381290437,-67.43954497113646,752.9443712054201,986.4138735258124,547.9597027823534,-379.00567298849865,486.0866956508812,653.3423303483103,522.6536701074953,-311.5563438678189,-419.36437278127306,-373.1526449490297,-486.08305934256873,-838.8345535313031,786.4142501892702,-428.594115762613,-109.73949339505418,-559.61408923654,-614.5785637751231,-892.5289410275191,-324.9860536673483,-363.40262326725207,-523.7432035708035,395.7040676389223,258.95878917384726,368.0077803331311,-527.2885557133305,-200.60076718375703,-150.48100379668423,-366.53595246083626,901.6382083472132,914.8495037729202,883.288895507195,737.0651995913295
-764.5302936409881,-594.1009919151329,-544.9076164606367,-554.3178009884048,-667.8597706363862,-465.4822856174849,-172.7105353265463,-320.04640859900536,-85.93754009230626,363.5798726889989,898.371114876176,-524.5631967024821,400.9207118773196,-408.9480809052702,778.2150135621104,22.44318050246737,-387.2805588826527,-111.9170309009513,1001.7051306645023,904.9721422397184,517.8118216170262,795.7432516485757,828.1143465328257,156.5913262808055,810.7044755473329,-593.1952831617592,-230.49419321602443,-245.03455170556407,-82.97265203207104,-314.9710873358217,686.9373453349293,874.4449328239984,801.6767881970488,819.6309615680628,972.090627524253,-319.9247620963206,-430.1042883044167,245.5795209802289,275.3567277718572,552.3879873577364,314.4485010755698,-349.43085890286085,-387.6265814245007,-708.2871084857966,808.2308779511275,709.6429576204556,21.67548969841513,729.5154575031052,1000.6145255034904,615.4077230875662,-381.1925692518128,572.5821380347538,615.812647119577,474.51636941259983,-326.0827036640072,-432.018409101827,-395.7266331092621,-433.079235647366,-828.6486949116794,795.3757639949876,-448.5255845206311,-123.52497828311829,-577.1724255852698,-570.217398334664,-878.3100685760866,-236.23435879793425,-295.1316432162051,-495.4199819648537,471.52356683318607,357.1106808469799,447.0725923058891,-524.5736764218291,-215.5676152792468,-164.79778507507666,-379.55828729706826,914.785134786506,902.9908678840336,873.4143426758851,808.4782764061205
-787.778819465566,-608.1466196740132,-551.4901125685436,-571.4971704439296,-651.7693986034983,-376.7973709310072,-141.06552960516623,-322.5702470465458,-110.8323437836574,310.80543539773254,940.0675936187032,-526.9435985260404,343.1298449689133,-416.55775554728393,758.8060965395958,-30.833008624509368,-396.5328431735423,-33.690826151256886,1033.0157703438304,870.0342221815889,477.0860769876317,806.9447783110841,825.1359316186185,102.61180310034186,857.6861078688123,-609.5486422272346,-241.51627146642628,-268.2447795631369,-120.18854741215306,-333.0195894106621,643.609108540994,908.9042362893872,850.4962901950043,858.4552329508185,945.4235902656636,-339.21426996047114,-444.9772127108305,338.9139705339259,223.2262313800352,504.9748709705438,270.5983416944645,-353.1712531706403,-391.8581022373062,-701.1501519636588,828.604944677951,776.6953710893275,112.21682593419906,702.191333139071,1005.279251143308,675.979404332074,-384.9368846080072,653.7368657768794,576.7266338916952,426.352540841447,-337.2908148568304,-442.52668562287766,-417.16006482600034,-372.770932876667,-810.1724348748954,796.1456670025497,-464.4870335580136,-136.05478570520737,-592.8689822754949,-517.1190370750254,-854.3196474842309,-143.50778224689196,-221.27870180007545,-459.6461235709337,542.6275199524838,452.1814380153401,519.1012385303314,-520.4070179772965,-229.39650768921103,-177.01601104100257,-394.0847137796963,920.3979413381348,884.252541952241,856.2749342737688,871.829979772226
-812.0883004716222,-617.39912407434,-554.2661789966407,-588.9573563332601,-627.4864180657814,-282.6134913990179,-105.0077295874588,-325.3669656675297,-132.13318606862398,259.243524761253,973.6130894063684,-524.0866223920909,285.7914716960425,-426.5689528974735,733.9439176491339,-82.12420871071667,-408.1931242764346,47.469122609781245,1055.880173903677,831.1850661736843,434.87500681497073,810.1952975674375,816.5501217400093,49.4001719495144,896.6468500858961,-622.7300050215345,-251.0305207179672,-288.23083295409924,-156.04833653087837,-348.0857098568396,598.478556233683,935.2698749402316,891.4477917340456,889.3359203400681,913.5875653696436,-356.1644967464023,-460.43262481933976,430.6645281380203,171.30392000031225,455.95632972303054,226.5711212565644,-354.9263807910272,-396.2163759539183,-686.3453942436669,840.3917736080253,836.6859062746888,202.8188086535448,671.6511570175807,1000.990342326522,729.1528454143264,-390.7170180322445,728.5215591616268,536.3873665072824,378.5186632647529,-345.3743451860552,-451.2120649961823,-436.6537696110044,-305.6518505581824,-782.9654096963651,789.2179506304994,-476.7568770427538,-147.71638837895904,-605.8719542092323,-455.599557509148,-820.2922219179669,-48.28299242063583,-142.88055290360285,-416.3268623817891,608.1152686762885,542.8410537691443,582.9924689102289,-515.2263727883302,-242.4453252690064,-187.44478971117505,-409.8404221128084,918.894079355736,859.356964336249,832.6584728487081,926.6010844569574
-837.1072287579083,-620.9983774612197,-552.5113883557285,-606.2158615782951,-594.6593055810707,-184.2362183181609,-64.95865876952615,-328.94851225529794,-150.24858082983053,209.23996489112267,999.107238829974,-515.3333450572438,229.4056294882001,-438.88350469457015,704.2227647814635,-131.02438424035836,-422.2491643989462,130.42916824290836,1070.5381934191528,788.8628526906116,391.5736812784403,806.0790630687123,802.7717559531709,-2.704138094383447,927.5736134680473,-631.9287965956896,-259.325057495457,-305.00604377630094,-190.32822492060103,-360.27177640207407,551.8417582340591,953.6859200436796,924.4279059230832,912.3974576902668,877.1122647308625,-370.79169550675766,-476.6595774365669,519.4457932976109,119.93946978147552,405.7136605682868,182.571086640264,-355.08398858481814,-401.0306965179121,-663.4056567024817,844.0101239546409,889.0253483453823,292.12488459609216,638.538002788593,988.4134016095423,774.5681609921287,-398.9226774954095,796.0817927647543,495.083184632724,331.3736185410716,-350.5838699534823,-458.4124510172906,-453.3761376223905,-232.39451592618587,-746.7699007151259,775.1699020990463,-485.6924618060533,-158.90704000093567,-615.3180195350365,-386.1995113231011,-776.1902699239816,47.89018408344087,-61.108579479144666,-365.5419455330143,667.2485405325081,627.8844266030966,637.8322274195662,-509.4789512884822,-255.08497780484072,-196.4275645185644,-426.4502460787101,910.7401436105164,829.0374361998573,803.3732485774619,972.468790459938
-862.3903120140969,-618.1462098087839,-545.5121203696766,-622.7185175975063,-553.1233907490191,-83.08961013808432,-21.44028678985353,-333.7850714782538,-165.6824242247882,161.11213102244403,1016.7592101836246,-500.1169530319471,174.46321484764485,-453.2882819446178,670.2280533357258,-177.17159166750304,-438.577720313131,214.0050646757608,1077.3280811696843,743.487878599029,347.542291129638,795.2501926133687,784.2115885781623,-53.36635603632836,950.577555492384,-636.3294254385711,-266.698108890704,-318.6295368605609,-222.81405441119375,-369.7281794993369,503.9900449832823,964.4219085937004,949.4766716672392,927.910104622482,836.5250795238654,-383.1516309755812,-493.7932343966951,603.9574997998988,69.47828694844463,354.60139817817844,138.8050745662556,-354.06379859105755,-406.6131797890161,-632.0409597802633,839.9822572461366,933.3056183165388,378.8276305761033,603.4461180589072,968.2701132621248,812.0211165636773,-409.8362738979227,855.7523075854261,453.0922240585151,285.2740376044156,-353.2213175636642,-464.4728265303767,-466.4855441562382,-153.83684798955906,-701.5308031062235,754.6359966166516,-491.7221509921664,-170.02270735326772,-620.3372604691789,-309.67387640232994,-722.2169892498597,143.43555512373572,22.76607710921319,-307.55578952227046,719.4617750291562,706.2599774792109,682.9131901426538,-503.6120720512626,-267.691595458864,-204.3339966744251,-443.44265123255656,896.4312396607058,794.0174635707652,769.222300786289,1009.3006324101854
-887.3985763482273,-608.136907299747,-532.5924390221944,-637.8471883201911,-502.9157818864373,19.32468819460331,24.938045021361678,-340.284360940283,-179.01941488577023,115.14213978498032,1026.8662350427385,-477.9870871314047,121.43813962007364,-469.4546090876576,632.5255902227094,-220.25806947126443,-456.9379163407064,296.9965994395384,1076.6634549131632,695.4652639381312,303.1095866493368,778.4024974612648,761.266124666939,-102.25705196827364,965.8741319081388,-635.1373524570923,-273.4525442214494,-329.205894454824,-253.30932201948576,-376.6508202506223,455.2150851646986,967.8492253635676,966.7604702048804,936.2651009613544,792.347520586336,-393.34157673240486,-511.9069951321958,683.019371644766,20.260429575026453,302.9534574217191,95.48946504660024,-352.3079404900422,-413.2494786059904,-592.1590102799344,828.9070741767476,969.2985111763862,461.7060088807228,566.9118530292257,941.313164379762,841.4518457548994,-423.6168050677544,907.062994673281,410.686310974342,240.56776987929916,-353.63313091140816,-469.7377328227523,-475.1550647006236,-70.96231903524283,-647.4096578728268,728.2834026690464,-495.3350405304159,-181.4476002331158,-620.0804544971791,-226.9735876559798,-658.8215002678519,236.7981998546932,107.41140284280814,-242.8212670271806,764.3651205119432,777.0909347219532,717.7466319000173,-498.063407290904,-280.6386776402141,-211.55109296855787,-460.25678959175576,876.4729176283131,754.9939126640876,730.9812771489292,1037.1417077362134
-911.5029954866612,-590.3870618363488,-513.1428667223813,-650.9303031863244,-444.2838607116272,121.47100907464724,73.49599227951533,-348.7719578580481,-190.90667949615545,71.5698326447761,1029.7923300275684,-448.6319364807699,70.77782537988715,-486.940714365801,591.6545221422207,-260.0389219916584,-476.96782090427206,378.2223857090916,1069.0114153453844,645.1888809977928,258.576626455475,756.2414135736885,734.3109533255107,-149.0545339563148,973.762059262872,-627.6073790014036,-279.89056519356865,-336.8839005013922,-281.643454917392,-381.27727191768895,405.81269010352366,964.4161413074588,976.5526904655007,937.9473436779036,745.0937345282138,-401.5011167241787,-531.0057996441446,755.600167140167,-27.381901492762783,251.08906500049636,52.85482932516386,-350.27043671909644,-421.189096430771,-543.8796179773367,811.4338344515437,996.9477174681024,539.6580934035593,529.4081746173597,908.3042126966318,862.929833767452,-440.286900024525,949.7368342235258,368.1339162430757,197.58589585271545,-352.20239070589486,-474.5442246790802,-478.5988623557322,15.125607716794953,-584.7916977591962,696.7900418157877,-497.0685731674053,-193.5446403689451,-613.7479935082813,-139.21937807692632,-586.6956325548038,326.49076758752494,191.475595187188,-171.9764900600973,801.7404201114397,839.6887329918823,742.0665623054533,-493.2508602112047,-294.28912058298044,-218.47382744804284,-476.25273011770224,851.3662326815926,712.6241754276415,689.3804450927282,1056.1962577138693
-933.9921569317568,-564.4634766417537,-486.6497600428024,-661.2562143664406,-377.6865436581977,221.82387537907468,123.501125938624,-359.47339718371217,-202.03211857201796,30.58591135444352,1025.948325199928,-411.8970213873771,22.89251998355452,-505.1974015099266,548.1237419385134,-296.33900895776253,-498.1848142570013,456.5531001195996,1054.8728288120303,593.045883800149,214.22045460630412,729.4591815427433,703.6974640495561,-193.4487515271154,974.6024638437422,-613.0731695433361,-286.3085795345347,-341.85442694598186,-307.6798679178711,-383.88185136603647,356.0850653878093,954.6228233611646,979.213417048466,933.5071332615298,695.2706222315935,-407.8116596170802,-551.0207061162029,820.8397921256038,-73.12824535097033,199.3179974750084,11.147974090116572,-348.405848726374,-430.63557716967006,-487.5419817553084,788.2375795387338,1016.3549688730512,611.7278011831135,491.34253530046107,869.9955348623366,876.6364523139796,-459.7236330312938,983.6804691622316,325.7019797081565,156.63379917873033,-349.34014284632167,-479.21525437225984,-476.0994627965284,103.23374632552591,-514.285121165735,660.8259138126245,-497.494373592027,-206.6471098734817,-600.6195280493437,-47.66910482162377,-506.7618269043885,411.1363434287306,273.62840000534646,-95.83430678598243,831.5308338781076,893.5584393840921,755.8264310170038,-489.5621851987124,-308.98701362735164,-225.495497150525,-490.7249078503782,821.596275945563,667.5172948082576,645.0911721665404,1066.8048710511289
-954.084325300368,-530.1077707602827,-452.7238066147795,-668.0892630227086,-303.7877871177957,318.9108699906455,174.18953021336074,-372.4987587406459,-213.1001575043589,-7.674390281236,1015.7740909603784,-367.79962899005375,-21.855965578563826,-523.5770873434578,502.4113350281891,-329.05775564091584,-519.9902367889903,530.9415797171545,1034.765502940578,539.421229820191,170.2974087543034,698.7141608686203,669.752645476319,-235.1463963691969,968.7993421929904,-590.9768109298586,-292.99225903263226,-344.3475585869699,-331.3233377823596,-384.7698355906122,306.34137187581155,938.9975374903612,975.1693169187876,923.5324573054514,643.3789968981507,-412.494597835566,-571.8048517119205,878.0637871752831,-116.6749558622413,147.94473767115363,-29.36873512930369,-347.1571949585853,-441.7368883094599,-423.70407081883815,759.9971839778033,1027.761398674974,677.124555224706,453.0577435616822,827.1157074669785,882.8463245705765,-481.6536324365451,1008.9684579656192,283.65651390012727,117.98186855342574,-345.47615442399683,-484.0533818691303,-467.034972905897,192.11285758906556,-436.71214832063424,621.0381547275223,-497.2026756744832,-221.05160325022928,-580.0832849035899,46.31989060808836,-420.1521356074188,489.50600946856633,352.60076149776626,-15.364629474513835,853.8250236164733,938.3965704580175,759.189012398199,-487.3444948196436,-325.04910768867734,-232.998035579497,-502.9187498786174,787.6243071404501,620.2287935854251,598.7169646657464,1069.4187298918732
-970.9440549654456,-487.25633656477055,-411.12605915231904,-670.6883243682886,-223.44217073581385,411.3523216180064,224.7871430287321,-387.8304130130804,-224.80572230744923,-43.136700559936,999.7236011166548,-316.5379566092944,-63.165426847623074,-541.3462941219633,454.9665042141812,-358.17171588337146,-541.6786588293598,600.4484262677987,1009.2106925002772,484.7016398025591,127.04584537893822,664.6148732012248,632.7815188109656,-273.8768265304976,956.782249385021,-560.8970386444169,-300.21176239943753,-344.6290681432303,-352.5262674786866,-384.2710775311021,256.8965911568783,918.075116744204,964.8947332968886,908.6231272818536,589.9151722229298,-415.80805943347735,-593.1309370933869,926.7899464343866,-157.74117102419572,97.27125601747127,-68.42070751783582,-346.943279908386,-454.5763381693035,-353.13368766540793,727.3767350116699,1031.525382954682,735.2352609396053,414.8353889648716,780.3593923512105,881.9086929625602,-505.6528992188464,1025.822529043361,242.2619753334692,81.85641351265669,-341.04929735559926,-489.33468614422753,-450.9051626110646,280.4932086319604,-353.0918130251597,578.0400524269405,-496.7857489044115,-237.0122850009637,-551.6638814371051,141.33156603469405,-328.17880817924123,560.5495687679553,427.2209835164313,68.32986541140332,868.8370484993491,974.0820688354488,752.5103279633424,-486.89382555299,-342.7559148014949,-241.3424900251478,-512.0503273701099,749.8834144438315,571.2587947184517,550.7889439446369,1064.572376833736
-983.7032516350264,-436.054402188179,-361.7899168156908,-668.3274806752808,-137.6728141291508,497.8962196098691,274.53089411292484,-405.3145239199562,-237.807352616746,-75.79157457304268,978.253205526672,-258.4941808194544,-100.80364010841332,-557.7016090818757,406.2133216573792,-383.7348406594918,-562.4519249336063,664.2620818318954,978.7231000612612,429.27852916496494,84.68814550752124,627.7090625757278,593.0716495459043,-309.39841750965803,938.9918789339836,-522.5746558984464,-308.2170898934308,-342.9963490811443,-371.2934814978782,-382.7332758890748,208.0688075101287,892.3785679703379,948.8947754721016,889.3678744745498,535.3723740518352,-418.0422152906763,-614.690406212234,966.7272760497004,-196.07528872391376,47.598216617240965,-105.72687954727483,-348.1456289524978,-469.16437517671295,-276.7912194183306,691.0106954838345,1028.0982227744398,785.6284588139664,376.901312667834,730.3810386159191,874.229777377181,-531.151615668819,1034.587335733078,201.77945021938152,48.43135820852443,-336.4977304545429,-495.3027648735313,-427.35523243450746,367.1204041759432,-264.6148759204696,532.4040117148506,-496.82075594533575,-254.7363389802811,-515.047377388867,235.9331383806173,-232.29746166800385,623.4183207996713,496.4458511436413,154.0437086990371,876.8832748139913,1000.6615372031804,736.3186439855917,-488.4449588365178,-362.34248271675807,-250.85985296379437,-517.3287461002941,708.7774379828732,521.0529172723419,501.7654532078055,1052.8564514106797
-991.4863043156166,-376.8631433288171,-304.8375670167519,-660.3183452660478,-47.64234463993088,577.4470886954705,322.6887444766383,-424.6568134667645,-252.7004153311545,-105.69685606974949,951.813228026218,-194.23090558353744,-134.61726190154116,-571.7890212595244,356.5556178609148,-405.8765146536306,-581.4379110428355,721.712706571018,943.8042956513935,373.54955782769065,43.43193515501039,588.4777537279112,550.8991096253218,-341.50495744904,915.8689209547906,-475.9336580444407,-317.2335304508624,-339.7738941750015,-387.6852836502456,-380.51513480998136,160.17511469893594,862.4044567961184,927.6909433871584,866.3252586470633,480.241424589296,-419.51312444506783,-636.0945155778603,997.767917074898,-231.46150922462823,-0.7754981377446719,-141.00748868194535,-351.0952999538743,-485.4316095049464,-195.80453908543592,651.4930544886183,1017.999040621448,828.0509785312205,339.43258558687154,677.7920954098578,860.2568738486057,-557.4440706701731,1035.7042819542726,162.46374592174803,17.82122928974042,-332.2490241151281,-502.1627516810747,-396.19605022027343,450.7898693484579,-172.61168237945796,484.65824984034464,-497.852486836152,-274.38039632875024,-470.10228356749934,328.7162479534266,-134.0643032891358,677.4792448854732,559.3854953012666,240.50295634919468,878.3576841169117,1018.330057466372,711.289690587905,-492.16172008450167,-383.9889853862648,-261.8424211514299,-517.9808236882385,664.6827338383897,470.0053781257519,452.03532829528126,1034.8917348368043
-993.4386253644728,-310.2590757355608,-240.58961522181352,-646.0334324344144,45.38189789308535,649.0879106287431,368.57783031924015,-445.4229813304376,-269.9913922326731,-132.97800845053146,920.8427680691656,-124.4807451182734,-164.53864961674853,-582.7264147205356,306.382319475391,-424.79751249841627,-597.7137041037823,772.2795802905197,904.939278436515,317.9185743707103,3.470519340636281,547.3340003394192,506.5352285866884,-370.0317417399178,887.8463059444359,-421.0966711888251,-327.45715992905855,-335.30837890557746,-401.8186106848124,-377.9796102910233,113.52642889482316,828.6124540273509,901.809569055804,840.0089653949369,425.0102538769646,-420.55513461921225,-656.8774950984683,1019.9730113421004,-263.7259989969702,-47.55495446492504,-173.99333398643898,-356.05992828698714,-503.22337961928014,-111.43697698707014,609.3704268069133,1001.7901998768592,862.4178290972244,302.56546139188947,623.1611648669101,840.4646837725963,-583.7036614385801,1029.684957261879,124.55951705649376,-9.924117306500506,-328.7103493690025,-510.0753416250268,-357.4196765216501,530.3784634084371,-78.51419930502882,435.2868196146259,-500.3764180602368,-296.04765567676867,-416.8953025959185,418.3354918020768,-35.08925443970358,722.3204262725827,615.3211710400518,326.4022450824086,873.7069666227302,1027.4090410692104,678.2192901687032,-498.1280108777459,-407.8113606807112,-274.5358337968165,-513.2774166591181,617.9522337435619,418.4637201859029,401.9242359572527,1011.305665426786
-988.757665877878,-237.02532725959304,-169.5669497908005,-624.9298452392645,140.0668050935028,712.0945542069974,411.5800549822287,-467.04404875943374,-290.07418642049635,-157.82615879966423,885.7673797778205,-50.12915490154974,-190.59012079410533,-589.6288404627903,256.07258157758025,-440.7640921833364,-610.3326823424117,815.5921370706466,862.5957421857064,262.7938641062602,-35.01741392157131,504.62576484441786,460.2534783505629,-394.8610709871643,855.3446844420148,-358.3935269161364,-339.0503483406074,-329.9633768756825,-413.8662168302103,-375.4873829164931,68.42153771165782,791.4191616743851,871.7731140087608,810.8777831106439,370.161937192268,-421.5119077356025,-676.5019923499725,1033.5537538738035,-292.74226900022086,-92.45293813613296,-204.4358889732237,-363.2314416592832,-522.2961636732277,-25.0497085338016,565.1388385889832,980.0544216975056,888.7963900482098,266.4038063187937,567.0164188998262,815.3441085803032,-609.0027593500474,1017.0855966258558,88.2965910199528,-34.82267817323909,-326.258836326613,-519.150884093119,-311.2091210047893,604.8718941614679,16.186181540466777,384.73240818651504,-504.8225374982212,-319.7853720910079,-355.70071667032,503.54274739579176,63.01290849402907,757.7480162273345,663.7155354706704,410.4428108263521,863.4067131226819,1028.3225634648738,637.9945624852305,-506.339870564051,-433.8522972050597,-289.1319090901037,-502.560568887507,568.921173727802,366.7346131926611,351.70338319865243,982.7122580921164
-976.7252329103222,-158.13480898628526,-92.48429772415004,-596.5724435058245,235.054643847734,765.9425541408676,451.1546430448281,-488.826766036659,-313.20932927105946,-180.49369826771436,846.9991406978297,27.808983495700424,-212.8853253802594,-591.636013420251,206.00012176844413,-454.1004874704682,-618.3547507384204,851.4251030858435,817.2254833646683,208.5847382048416,-71.86871487432002,460.6421803484955,412.3358821959079,-415.9269065056161,818.7707780249852,-288.3621165563904,-352.1372355669515,-324.11370481523466,-424.05391624978,-373.3906264372886,25.14074015840594,751.1960780226608,838.0941491887506,779.3302744421669,316.17112081641545,-422.72621054152125,-694.3669618974592,1038.849036738753,-318.4354345225146,-135.19514640219853,-232.11758079892644,-372.7149388637441,-542.3161125575649,61.939740016703006,519.2437478772376,953.3745801418924,907.3862064218832,231.02756393333487,509.8495573506032,785.3935165267665,-632.3370562713743,998.4837796820508,53.884694736942585,-56.96115240566919,-325.2321964528494,-529.4436657232573,-257.94148484604807,673.3868699656539,109.9832212247092,333.4012493597155,-511.5403601612633,-345.5823996403557,-287.002560878597,583.2160518515954,158.67114265101074,783.7754275020262,704.2154278477632,491.3696620628505,847.9398772420184,1021.5735430522584,591.5648009531458,-516.6989095126719,-462.07291615615054,-305.76235478905005,-485.27047499380353,517.91382238343,315.0902210499074,301.59983418229046,949.6960948692056
-956.7397387363508,-74.72574205776934,-10.235402059656778,-560.6555655077703,329.00426036142545,810.3064505304214,486.84735888447614,-509.96908608714585,-339.50687739075823,-201.28740371946267,804.9385123825627,108.21812320610796,-231.62757947831247,-587.941295544561,156.53625222649254,-465.1800844184447,-620.878779423688,879.6885201616286,769.2673061036189,155.69661281298153,-106.93717635261788,415.62232551710025,363.0784193781271,-433.2184861032048,778.5180782434743,-211.74107508927648,-366.7991423638952,-318.1393721624188,-432.6559868111551,-372.0270668026141,-16.060564988910432,708.2713246339348,801.271672247761,745.7039028023713,263.49886266689043,-424.52869195150265,-709.8181103649845,1036.3011445799325,-340.7851194844634,-175.52652963425504,-256.861557932373,-384.5192508129391,-562.8599595645492,148.10091665113512,472.0827095108848,922.3169172127276,918.4958300694576,196.5008786652092,452.1205952713209,751.1123027647288,-652.6538432555128,974.4583249127268,21.5078232145148,-76.49334810826552,-325.9196984509502,-540.9465565579536,-198.18393887502776,735.1872514509696,201.40078657163176,281.669419586008,-520.7855346829746,-373.36653334886006,-211.48902259552443,656.3821935324968,250.40419937654056,800.6058094104344,736.6475454899498,568.0061995666567,827.7784823332495,1007.7209533713976,539.9130054399405,-529.00749805714,-492.3455133602518,-324.49337743034266,-460.9711093326287,465.2505361424348,263.7746884985019,251.8076421761022,912.8007662268112
-928.3468751140186,11.929585162827598,76.12973795292773,-517.0223154980004,420.6301911104218,845.0522502288965,518.2962857255396,-529.5805582140621,-368.9136746575243,-220.55917703554877,759.9773392437414,189.9149008779582,-247.10518206537444,-577.8212412977637,108.05122033086457,-474.4155676687568,-617.0761111456159,900.4136843627161,719.1507348706798,104.5248152934334,-140.09525320413857,369.7655964414779,312.79500302204326,-446.7827495684787,734.9692744851659,-129.45430262735974,-383.0699001262884,-312.4190987102328,-439.9888976101328,-371.71425632268193,-54.95800110886447,662.9345605804331,761.7892943841464,710.2781517758608,212.5860630458213,-427.22595038097785,-722.1609379554721,1026.4309201451858,-359.8268694011557,-213.21843608911072,-278.540337249486,-398.5496891095345,-583.4185401172693,232.0337326042624,424.01001495312994,887.4181505290587,922.5181934643946,162.8795651858425,394.2628259225606,712.9964303189776,-668.88351890776,945.5730381423743,-8.681470976821604,-93.6361722738607,-328.55358806969133,-553.5862279487402,-132.6823464156185,789.6938252792448,289.0361418516772,229.8897643941644,-532.7084069273365,-403.0015092525928,-130.03887866756796,722.2325744488954,336.8620375506524,808.6091064797181,761.0077504527684,639.284789133942,803.3693070436593,987.359032330436,484.0289293118594,-542.9661205769695,-524.4477284123553,-345.3211670371642,-429.37328346806447,411.2545032901518,213.01036249207397,202.49901783484904,872.5218527883549
-891.2671414547651,100.46158185340356,165.4346153903576,-465.6804050831502,508.7376964043368,870.2238816912823,545.2342482309352,-546.7073286501317,-401.2055249479849,-238.69462377769065,712.5023295444284,271.6835379140292,-259.683890544304,-560.6646108858359,60.91360473696843,-482.2483004585957,-606.2238557306705,913.7361956354564,667.2998480808419,55.447415480638576,-171.23591421518358,323.2427791654215,261.81972771446704,-456.7254679229622,688.499759664422,-42.58780304413069,-400.9311123472588,-307.32336584881966,-446.4035638172229,-372.74393371687233,-91.36373556764656,615.444364375825,720.1147590702788,673.2809931186563,163.84578450441376,-431.0882630666042,-730.6763314477348,1009.8136935552848,-375.65202891506885,-248.07615413229797,-297.0828412477538,-414.6034403242921,-603.4031302850475,312.4095796982102,375.3426198429772,849.176665011699,919.9059550108356,130.21766163417885,336.6873992129307,671.5355599301225,-679.9734809058375,912.3646666998488,-36.5675552047444,-108.66336748235432,-333.3010479571712,-567.2191727118741,-62.34273781206153,836.4876916740343,371.5996364944597,178.39872250080458,-547.3448665255413,-434.2836755383929,-43.700206908204464,780.1322840646412,416.86074699804,808.2951708653728,777.4450132282142,704.272097022051,775.1240137140529,961.09919746733,424.8843666336937,-558.1733021374728,-558.0585010176378,-368.1682048045324,-390.35388011676673,356.2576048228983,163.00342622351087,153.8348122278793,829.3042624999778
-845.418676534948,189.44408257517657,256.4115449062667,-406.81356398423264,592.2520628147507,886.0247665086267,567.4881296738762,-560.361245126165,-435.9846813619816,-256.0997979578862,662.898408339868,352.3120909429302,-269.7968544701656,-535.9996165421048,15.487665968088436,-489.13716422855634,-587.7365826578489,919.8773911032646,614.1365983050035,8.817415599259013,-200.2744417861838,276.2070038478157,210.5072028023374,-463.2110121205293,639.4815857833811,47.640230388500974,-420.30740626322415,-303.2069824423477,-452.27635471372,-375.3763130944872,-125.13113281583227,566.0372790642931,676.7002391031091,634.8979250233953,117.6548531966362,-436.3373940138973,-734.6385644130436,987.0570781537484,-388.40611313275537,-279.94640622819946,-312.4794869468799,-432.3679903711147,-622.1547785694418,388.0084141705551,326.36670746937654,808.0477051118036,911.148126137969,98.5728380480042,279.78706564339376,627.2113471225758,-684.9234215333212,875.335115426306,-62.07662912630632,-121.89728106907314,-340.2568067609219,-581.6287712429283,11.79374884010956,875.307610322547,447.9490599090884,127.52237563966273,-564.6097585052281,-466.9385230542864,46.337939564707554,829.622667477768,489.4095394851452,800.2844682662576,786.2411878989005,762.1883560158673,743.4138979939386,929.555110804017,363.4112746157349,-574.1284795045715,-592.7561647705465,-392.880342756564,-343.9700827410712,300.6049104557995,113.94868429417922,105.97368832508796,783.5434964041044
-790.9339560386722,277.4372469776257,347.7407978372347,-340.78763134902897,670.2409712094915,892.7958060335733,584.9754707610482,-569.552354158224,-472.6829098379145,-273.18651699761,611.5514190267664,430.6278042449827,-277.93239328579944,-503.5180794760331,-27.87128919736799,-495.5470387641407,-561.1949663626503,919.1254179546214,560.0830880595462,-35.04534972938651,-227.15000832697865,228.80388658753344,159.23089924237783,-466.460735018483,588.2873044258018,139.91475378710774,-441.06179624056966,-300.40117335121084,-457.9990845495576,-379.8341501158432,-156.158320064313,514.9376902869586,631.9828924721662,595.2827213177325,74.34519434563083,-443.134912861416,-733.3354464868503,958.7814970090076,-398.2857564835381,-308.7243326202768,-324.7851457746168,-451.42287180921073,-638.9567525359112,457.7502410400267,277.3443100891226,764.4422352406638,896.7490927420852,68.01045155809747,223.93874979349877,580.4964978004762,-682.8209297773767,834.9477184503786,-85.18073967181661,-133.69904986989692,-349.4365309092764,-596.5236563729488,88.5814574636622,906.041962764589,517.117256245241,77.58114807462742,-584.2930998139426,-500.6174347117234,138.77976579295796,870.4179599935825,553.7288562642864,785.2778937421156,787.7879139551851,812.420109842279,708.569152359079,893.331077019697,300.48319524563914,-590.2381201579848,-628.0190159106475,-419.2246430163625,-290.46758344600653,244.6574345689851,66.03329524516919,59.079478429753465,735.5902199139978
-728.1691251853517,363.0307070489863,438.091529990549,-268.1506130745657,741.9292460855398,890.9911690541829,597.6988298954353,-573.3238633270701,-510.570230657234,-290.3567020559071,558.8497668808654,505.5298929132596,-284.6200535885181,-463.0951620482457,-68.82331335836557,-501.93706172346776,-526.3699439520494,911.8170971426428,505.56241780907055,-75.86224528375186,-251.82689144112155,181.1803239103796,108.37953754830424,-466.7499776047842,535.2932128213567,232.8629863804451,-462.9913585314662,-299.2052348318852,-463.9682056975432,-386.2964735426102,-184.39050385821807,462.3677352525027,586.3852329072193,554.5690069651961,34.19538093241485,-451.57144709369567,-726.0902329520661,925.6040388785544,-405.534363070247,-334.3595154667046,-334.1199360230698,-471.2449260313333,-653.0501402330519,520.7198204287145,228.51950510158608,718.7289315855223,877.2108929909249,38.60606350347124,169.5047288807303,531.8542193810648,-672.8762049004974,791.6271430267176,-105.90059136489704,-144.4576499714087,-360.7711717283249,-611.5376371952765,166.8049867484767,928.716244511142,578.3319981099434,28.892705664594864,-606.0593027576675,-534.8951566655157,232.2613624860693,902.3967876153292,609.2591820513132,764.0271075074297,782.5619594699883,854.5263545614625,670.8822679834744,853.0137205836918,236.90030467790308,-605.825299051894,-663.2286745485818,-446.8880383846333,-230.2820045140266,188.7928940163573,19.43930391176968,13.32636614681492,685.7573725344803
-657.7050346669681,444.88502051740016,526.1624002090828,-189.6262425153624,806.7058374836182,881.1532643083216,605.7384287005373,-570.7884335529857,-548.7692840843775,-307.9862313898126,505.18473095353136,576.0182700578966,-290.4153991675531,-414.8034211801729,-107.05163898839292,-508.7487756027531,-483.2410246681758,898.3215486345582,450.9978979075975,-113.40344171377237,-274.2952419900326,133.4915778998252,58.35163175787633,-464.4037513566145,480.88162117096095,325.0954306699675,-485.8235025387939,-299.87784523429536,-470.57340848428913,-394.89194224510464,-209.82093998634048,408.5565143843675,540.3149760450968,512.8818063657023,-2.577131112910783,-461.6572651130572,-712.2847596434862,888.125972619045,-410.4366126782078,-356.86064000857584,-340.6679214204717,-491.2171673393594,-663.6525289091066,576.1838586245326,180.12380509851403,671.2386231414044,853.0193297541354,10.446281559018333,116.83230090184684,481.7377709673215,-654.4546173339136,745.7623328459839,-124.30689675148932,-154.57829379144025,-374.1024954084922,-626.231447882741,245.21652538095356,943.4771809372932,631.0275749811665,-18.22724538886262,-629.449575712839,-569.2685915216254,325.3919279204256,925.5894949186784,655.6607006838395,737.3066270306791,771.1002715707546,888.2383333203063,630.6149636667997,809.1666870539684,173.37827708424427,-620.1428314523188,-697.6765215319194,-475.4769747051887,-164.03309825869596,133.4043326719903,-25.65511645673896,-31.098319513578392,634.3289597908938
-580.3394315589652,521.7695913085497,610.7198434455047,-106.10089815362812,864.1233934461467,863.8881958035269,609.2436055115254,-561.1644866378741,-586.2751112380902,-326.40881621357653,450.9493070840752,641.2170088502139,-295.8839801248227,-358.9201181797214,-142.2714514798727,-516.3942578144784,-432.0075570934956,879.0263113563509,396.8105939242085,-147.4947482502517,-294.57138319749566,85.90645483468342,9.548382582412406,-459.7911956905446,425.441855992984,415.2468343510787,-509.2132043766201,-302.62817051852784,-478.1858213210958,-405.69188471398047,-232.49053036447236,353.74798737700075,494.1641453127627,470.3482949749202,-35.82264288615741,-473.31455954882136,-691.3831132631559,846.9239923832228,-413.311997896554,-376.29846733801554,-344.6738660057982,-510.6412276900026,-669.9795289237453,623.6004016266684,132.3804603323981,622.2704217856849,824.6342001437926,-16.372126848889845,66.25193464377763,430.5898902520073,-627.1058204457185,697.7117788455876,-140.52008897153877,-164.4706570123255,-389.1800882021847,-640.0965899740522,322.5739561999735,950.5746556901674,674.8480211454234,-63.4663927815232,-653.8876452639903,-603.1575534909551,416.7956263239469,940.1623557587416,692.8044348428278,705.8886904324887,753.9758970956533,913.4535297021912,588.0078370759694,762.3279638882176,110.54100362075206,-632.389935576957,-730.5734389903125,-504.5183005322918,-92.51167512532498,78.8966015628512,-69.07574129109808,-73.99376078103761,581.5696380273771
-497.070210399296,592.5954292760035,690.6321718073608,-18.604089473455804,913.8912217388496,839.8428405291028,608.423563711532,-543.8110763659126,-621.9799913618831,-345.9004233094134,396.53557497521047,700.3916797229823,-301.5849041972795,-295.927017632196,-174.2390852926822,-525.2443397662336,-373.0920215618144,854.3264210103904,343.4153309805603,-178.02334189984822,-312.6976825177324,38.61051979230287,-37.6348134976471,-453.3189594360989,369.36981832033,502.0151680830257,-532.7416299930162,-307.6069597839396,-487.1460038097323,-418.7031908106405,-252.48609578640853,298.2070698777993,448.3073521410094,427.1071113715036,-65.46434915924686,-486.37177588066254,-662.9549968956837,802.5450339742592,-414.5075793390324,-392.8068962350948,-346.4382402761581,-528.7532476587467,-671.2687239066483,662.6205800381076,85.50748503835388,572.0987712660433,792.4836373945224,-41.74479176106348,18.073999491568717,378.8419451438653,-590.5881298311516,647.8103367068038,-154.70831380967314,-174.5373874922492,-405.6601909391634,-652.5615320527073,397.6778863015381,950.342644222936,709.6423541413525,-106.5194437552824,-678.688918483941,-635.9081017071552,505.1521056960014,946.3997461571556,720.7559450825124,670.5216581861994,731.7757900163749,930.2246367070215,543.2917887876487,713.0093230190505,48.91706459140451,-641.7322602567347,-761.0630024629648,-533.4617596767652,-16.659623719779496,25.680803783819627,-110.65365475123772,-115.14767878214016,527.7342263480397
-409.0701295657725,656.4414242063909,764.898007678046,71.71690741052183,955.862786458986,809.6844717656957,603.5378435673662,-518.2597884645269,-654.7028313513738,-366.6647748495344,342.330699391938,752.9600974290169,-308.05440288339,-226.50229696337087,-202.7610877011791,-535.6170527964414,-307.1347697323784,824.616634978759,291.2154022780249,-204.94209555279065,-328.7420872102126,-8.192604135296543,-82.81790015622003,-445.4236999113148,313.06602693960144,584.1968650668637,-555.9166055972639,-314.8978825330169,-497.75193588344223,-433.8613428570216,-269.937445171546,242.22359307578915,403.0992907937164,383.31573985827646,-91.5016730590659,-500.5603113537286,-626.6978226163118,755.5043027888579,-414.39014708798766,-406.58200637049936,-346.31069446096734,-544.7429590996435,-666.8054206656745,693.0832328653715,39.719305066572986,520.9806974469262,756.9623006330094,-65.56378900079835,-27.415726574637564,326.91271702322865,-544.8869542123889,596.3767934400556,-167.08372037191737,-185.16328965222624,-423.106757557663,-663.000511402704,469.4058437403677,943.1802617592538,735.4525892528525,-147.09373149112668,-703.0731685901521,-666.7989815960246,589.2338127730262,944.6853137699674,739.7529963350016,631.9124640464208,705.0813414337803,938.7444493913656,496.70018014624793,661.6973486726689,-11.06027616423766,-647.3249571449402,-788.2381656151307,-561.6844990739864,62.45620370824809,-25.83307450046528,-150.227789018021,-154.34052441159292,473.0763582287915
-317.6539104043021,712.5731828449968,832.6679716842881,163.6273305817335,990.019120861336,774.083594374401,594.886875923392,-484.2421159474095,-683.2224596869011,-388.8204483091074,288.7117735276984,798.4964215132983,-315.7897559267013,-151.50463599107923,-227.70260540682617,-547.7664867989128,-234.98006521777987,790.2867421125358,240.59630554319648,-228.27225619150215,-342.7974394886957,-54.28173026428464,-125.64633226849271,-436.5639231073107,256.93219369300067,660.7168567631811,-578.1753861025338,-324.509413121439,-510.2472276558116,-451.02398289141473,-285.0134205223773,186.1139345134497,358.8715940652009,339.15563539799643,-114.01159345154376,-515.5138895801305,-582.45647694742,706.2859924725641,-413.3379681001257,-417.879087622673,-344.68222031491763,-557.775578003677,-655.9493620094719,715.0032469737065,-4.772995260626611,469.1626464487656,718.43293205734,-87.72289003954982,-69.96148054002269,275.2067675114679,-490.2261919748861,543.7214206819389,-177.89716534528526,-196.7054935544151,-440.9951352256284,-670.7451357225518,536.7420901120532,929.5338762923096,752.4956166234165,-184.9164405931945,-726.1807668798019,-695.0515621439442,667.9384736542617,935.4830736131148,750.1788194955972,590.7133761037977,674.4522614680811,939.3277372045555,448.4806593437947,608.8555196262133,-69.04989264617595,-648.3383023963034,-811.1613449073124,-588.4980154380507,143.67509567277318,-75.24502630909129,-187.6484734463337,-191.35151689116705,417.8556117073935
-224.2391193024721,760.4538987290429,893.259015942856,255.8388894782705,1016.4496564427566,733.7003806415335,582.8029008594323,-441.7108138404503,-706.3140321553881,-412.3900724582948,236.03978603065468,836.7289469112891,-325.2339165067701,-71.95002101475768,-248.99458980387004,-561.872302322813,-157.65375937674517,751.7196854907772,191.9188712200589,-248.10429016485028,-354.9806837943426,-99.420228822589,-165.80140791099174,-427.2113963835936,201.3664930056023,730.6523145065531,-598.8901261652703,-336.3676159290076,-524.8098061614204,-469.9655021992335,-297.9171354391247,130.2202674176697,315.9292695030999,294.83491906583595,-133.14785714508062,-530.7708919874392,-530.2396779527718,655.3460578698867,-411.7322837361478,-427.00775932662793,-341.9762196332882,-567.0159956541888,-638.1613741646069,728.5546817815482,-47.76277376393544,416.8864381450597,677.2306386693496,-108.1236418768744,-109.3434998218255,224.11237270272665,-427.0717061062033,490.1528353240826,-187.4315260557953,-209.4848120747224,-458.7187187674047,-675.0988963888994,598.8018102516677,909.8810236673748,761.1402598363416,-219.74296787423376,-747.0923877195723,-719.84347044013,740.3154298238834,919.3192122112364,752.532698848092,547.5130950259788,640.4142200378078,932.3911959244576,398.9056322103615,554.9268509671597,-124.79685093907418,-643.985183247222,-828.8876533700779,-613.1579220654506,225.77713165648424,-122.17497595721407,-222.78176501695333,-225.96612945171248,362.3426201405849
-130.30264060220554,799.7471659408421,946.1612679449372,347.04592044494154,1035.3319737188674,689.1748166275049,567.6414584145356,-390.8538838164535,-722.7876106055522,-437.29206685463816,184.65303890193144,867.5322705467684,-336.7611670531533,11.017760472039578,-266.6393786203776,-578.0301882773721,-76.3334273995996,709.292067993871,145.51215410036866,-264.59679182237727,-365.4320487540876,-143.35957932859196,-203.01023997762277,-417.84234729504783,146.75779220107228,793.2494305564242,-617.3763749937726,-350.3102245627839,-541.5413720228735,-490.3731968424896,-308.8806428473257,74.90750525436333,274.5469721862825,250.58861420591296,-149.13805935381325,-545.7798922204066,-470.23188704894216,603.1163422164772,-409.94870171392176,-434.32536267685566,-338.6386896068132,-571.6546299443238,-613.028768964264,734.0499048846686,-89.05015606330066,364.3940205596545,633.6691496752497,-126.68186078309816,-145.38413851665567,173.99903033947348,-356.12626137048244,435.9836092016698,-195.99387710779848,-223.7783703628756,-475.5988379516716,-675.3545712733688,654.8488259633277,884.7166220838707,761.88097099352,-251.36584887733096,-764.85198131725,-740.3259078403129,805.5849031437257,896.7652122534581,747.3996082272268,502.8320070672961,603.4504264928586,918.4325603148732,348.2804663578929,500.33665138153145,-178.12416045225703,-633.5495724473808,-840.4908551351375,-634.8768196802729,307.51973272372265,-166.27335436741245,-255.51428299632468,-257.984558723711,306.8218495553834
-37.33483737570423,830.3120806504469,991.0376927148762,435.9621122062028,1046.9118809369254,641.1204095247298,549.7735842176286,-332.10008350863376,-731.5278310237097,-463.3353038807997,134.86036211001368,890.9147999268531,-350.66412652084585,96.16157627002627,-280.71428794333417,-596.243595230233,7.687748052461515,663.3765063298706,101.66644414921034,-277.9734378842618,-374.3142364665888,-185.84414563673064,-237.0548291162617,-408.9286195605361,93.4791951455838,847.9330028088242,-632.9048003145703,-366.082436428952,-560.4579532417815,-511.84555106863365,-318.15926863199326,20.55813566820504,234.96537424878804,206.6765159916218,-162.27865503111775,-559.9085866510103,-402.7998589327963,550.0093493015412,-408.3486053563281,-440.228866748827,-335.1277242797813,-570.9341856649991,-580.2882277124393,731.9160459895741,-128.44540335958175,311.93086450957674,588.0482491003828,-143.33411803479748,-177.953646596117,125.21455910697074,-278.31565010196846,381.53421550686585,-203.9068223323233,-239.81347288401057,-490.8979987135976,-670.8143180977714,704.3064064495817,854.5417482246991,755.309658220759,-279.6236370493846,-778.4926511025287,-755.6443999640368,863.1496844129417,868.422735251486,735.4205111191351,457.1212318394653,563.9971081470027,898.0098827529005,296.9486949909627,445.495007029245,-228.9226990132248,-616.4149360490359,-845.0914237498894,-652.8404055744504,387.6743802630177,-207.23178932047,-285.75823575187053,-287.23067282080206,251.5919161697896
53.20636612045658,852.1913700087542,1027.717257676163,521.3561246250572,1051.4850331417872,590.1210840276327,529.5787728610778,-266.1151972747903,-731.5334388653334,-490.2169890891348,86.93446715293531,907.0027619182612,-367.1424154481568,182.188705332365,-291.37293632929595,-616.4170928383487,93.0416637413334,614.345246983281,60.62672076045119,-288.51805410020035,-381.81159331408514,-226.61695657602843,-267.7797236016598,-400.92889562670206,41.88131218648217,894.3089890551245,-644.716205943211,-383.3348552116905,-581.4819069907008,-533.8931849591249,-326.0258370644072,-32.43476217375104,197.3878726719728,163.37888806156923,-172.92803110997616,-572.4562363127594,-328.49310676641016,496.4229936330632,-407.2706824610173,-445.1455638481306,-331.9025202367611,-564.1764789070477,-539.8448742689916,722.6700872947117,-165.77309016460526,259.7479671439368,540.6615827109888,-158.04382385827515,-206.97513881302328,78.08181852523828,-194.7661394806897,327.135056954945,-211.4992878970512,-257.76257208064914,-503.8364303786981,-660.8120514102212,746.7611787338494,819.8550298181234,742.0870944680095,-304.4091255662333,-787.0649029385629,-764.9625010813651,912.5991748156544,834.9105334125762,717.264747596806,410.7649657291586,522.4426456797983,871.7218591114396,245.2937185800182,390.7986587074325,-277.13976881416664,-592.0913780108151,-841.8858981832072,-666.2267625018899,465.0618022101354,-244.79338459088905,-313.45630798701904,-313.5609145044966,196.96349407733712
139.93927647089893,865.5936207860158,1056.182573679304,602.0844864821673,1049.3810283146863,536.7307228375588,507.4387094869073,-193.78873511107608,-721.9553467124065,-517.5239640334253,41.10576337884787,916.0219640187046,-386.2932577485967,267.79005887562107,-298.84412254235474,-638.3516996325327,178.3285801689756,562.574451203982,22.58683294532173,-296.567934423573,-388.1291826880099,-265.42627281807904,-295.0978208312159,-394.2800254615616,-7.714304382409791,932.1605445949164,-652.0397479930715,-401.6240013480538,-604.4357297429768,-555.9429323161737,-332.7649934134727,-83.67594738753779,161.97784391871997,120.9902600767791,-181.4978283167011,-582.6696275176963,-248.0378179374014,442.744746911474,-407.02265899642873,-449.5228450833488,-329.41206658283096,-550.8084086377681,-491.78631260056807,706.8938534618229,-200.8768233412534,208.10252456449268,491.8040845817648,-170.80656859626555,-232.4283109089116,32.89508747894918,-106.77382652413282,273.1264776866323,-219.09707474011543,-277.73913515667726,-513.611705464516,-644.7374756609545,781.9605431950879,781.1465399620711,722.9152333260496,-325.67635100312503,-789.6665653094185,-767.4877565428881,953.7061319078824,796.8535112463895,693.6056719767927,364.0855257271078,479.1299474208735,840.1899220576374,193.73677091002517,336.6319984695573,-322.7666944341065,-560.2402385398165,-830.1765544249407,-674.228546838209,538.5840684045583,-278.76207024602576,-338.5860739369094,-336.8726451874752,143.25501945256687
221.5980800991469,870.8709291260219,1076.5531766452652,677.1203285684758,1040.9505846136506,481.47469015668577,483.7317190789597,-116.21122456510632,-702.1317751610674,-544.7375428732004,-2.443065245043107,918.2785556219736,-408.104255573916,351.6789767362216,-303.42819060848,-661.7425194313823,262.1608724440467,508.448584971528,-12.31536078218339,-302.5056098027679,-393.49164069402485,-302.03272203135776,-318.99397577930944,-389.3884372528139,-55.02113564825285,961.4383376007486,-654.1140809258245,-420.4157679927992,-629.038031480973,-577.3454021729618,-338.66779814609464,-132.77747726851052,128.8566118564389,79.81166170791118,-188.44275115638132,-589.7624183940621,-162.32406449108367,389.3547145595298,-407.87331168457285,-453.8173448830839,-328.08369680393184,-530.3861090808773,-436.390566691396,685.2100509872522,-233.62421005410948,157.25738602038254,441.7783554129571,-181.6544472585973,-254.3515305277948,-10.083845458553144,-15.766958848401364,219.8568066479567,-227.0134413647844,-299.79418214467137,-519.4210115261624,-622.0609336597913,809.8043432099967,738.893947145665,698.5115732836488,-343.44590640469534,-785.4735237199288,-762.4990375658322,986.416851488274,754.8739258765045,665.1003999115616,317.3504461456818,434.3615010067113,804.0426358100764,142.73119822099753,283.366980202428,-365.82581420644414,-520.6948504482277,-809.400264083619,-676.0775612954461,607.2522722096596,-309.01054297499377,-361.1636190632761,-357.1114571606409,90.7865294744404
297.0666438791846,868.4934431154091,1089.0657095790154,745.5767744536815,1026.556057226374,424.8526207998543,458.8278466801068,-34.64279597180123,-671.6189895503355,-571.2419048844971,-43.58145462888662,914.1399411813604,-432.44851948886026,432.6277821403648,-305.4909354150163,-686.1789966944323,343.2051105694935,452.3644013695436,-44.00171083859934,-306.74930106746035,-398.1416737227604,-336.2167847326966,-339.52622220471545,-386.62156277058847,-99.79271646364953,982.2461432898724,-650.2109791671813,-439.092124603845,-654.9020124797298,-597.3862296240919,-344.02672413899154,-179.36875843888532,98.10224667856744,40.14167394920786,-194.24914237725216,-592.937570109231,-72.38649548031809,336.62730734527526,-410.0448300880488,-458.4837262931589,-328.3116831384889,-502.6162933135514,-374.1271166173588,658.2603447343222,-263.9117708337465,107.479424656644,390.8994447295874,-190.6591654839292,-272.8420377342494,-50.62980183792814,76.73726925876679,167.67860481195385,-235.539946079088,-323.9132919216917,-520.4854781260432,-592.3580435176349,830.3318010868644,693.5605787146009,669.5864835911866,-357.8082085691196,-773.7702765073218,-749.3742126129986,1010.8358242231938,709.5846042540371,632.3741957971874,270.7809682957947,388.4064354052971,763.9027283101266,92.75337143179924,231.36181856405275,-406.3571577814665,-473.47623255120266,-779.1553110475976,-671.0709683217327,670.2087800494323,-335.4863811625216,-381.2460924237967,-374.27705437384304,39.87207829157239
365.4051613592494,859.0223147116444,1094.0522770857954,806.7241526176953,1006.5652472660064,367.3417629885149,433.0844621891374,49.52570799076977,-630.2161619416316,-596.335980856775,-82.23408939252612,904.0168281667658,-459.0822792991629,509.50046913788617,-305.45521796824266,-711.1480750490123,420.2204782909115,394.734067375559,-72.45622047798591,-309.7423085393652,-402.33804768704255,-367.78640647217736,-356.824564077522,-386.2992014088189,-141.82642656886836,994.822847265793,-639.6607869862383,-456.9612648308086,-681.5367521501761,-615.3010488542637,-349.1311329070491,-223.10674877933465,69.7492601619046,2.266709734539957,-199.42261983472292,-591.4123732651329,20.620941024667733,284.9313070490495,-413.70560332372673,-463.9633498995359,-330.44606060271235,-467.3738084357499,-305.650560187663,626.686260259018,-291.6694971967244,59.03696599834908,339.497634914786,-197.93379379822775,-288.05412701556725,-88.55842957102185,169.17954955636586,116.94338448363898,-244.9377284078702,-350.0139369169924,-516.0758055323644,-555.3329561676891,843.70490055808,645.5949937200461,636.8241515954281,-368.92449988494616,-753.979208462796,-727.6170183212915,1027.206119436477,661.5839652843183,596.0097056546174,224.5612826138465,341.5088639059545,720.3768997094993,44.29078769077155,180.95844183742747,-444.40506207421305,-418.80266550957714,-739.2248962504322,-658.598192105564,726.7433759768599,-358.2160125967208,-398.9329745301941,-388.4273990316168,-9.18875485138647
425.8687878051653,843.0825202346119,1091.918191405132,860.0005837868733,981.348222303877,309.4002281807683,406.84228011343055,134.81739000279842,-577.9829883437847,-619.2486902793648,-118.38256274530426,888.3471747018828,-487.64505179456495,581.280184583147,-303.79055836874426,-736.0405059414566,492.0918215576615,335.987060717446,-97.72612366638656,-311.9415919188454,-406.3529163397084,-396.5844946040861,-371.0874367013899,-388.6847801768407,-180.96588897759744,999.5220390981432,-621.8788557313743,-473.2712655556784,-708.3515779477831,-630.2940322996824,-354.26323949684576,-263.68588223736094,43.78921160783243,-33.54904552214008,-204.47507774809168,-584.445383505976,115.4553410284724,234.62825145120036,-418.9635184909957,-470.673031594664,-334.7818756047666,-424.7144744463651,-231.7868219198652,591.1134774728332,-316.8647763614611,12.19641625359278,287.91898796976824,-203.6330973896827,-300.195334859454,-123.73035872301558,260.00674878145657,67.99513274997426,-255.4293615353224,-377.9430974584931,-505.5383111127362,-510.8389868965322,850.1894647584099,595.4316353903279,600.8675525062947,-377.0255064301994,-725.6873985435285,-696.8819453919153,1035.886858735681,611.45256330039,556.5409393464091,178.84792453060228,293.896762920618,674.0483622018091,-2.171901440226245,132.4787642364545,-480.0049669483119,-357.0923466569383,-689.5960857290285,-638.1673833257348,776.3029859854674,-377.3063259914577,-414.3659266378428,-399.6809304178159,-56.11971241197735
477.9178724562092,821.3368625699551,1083.120226413788,905.01590305661,951.2767092872128,251.46961733417928,380.42169442269824,219.71763742474664,-515.2488904629776,-639.157305168961,-152.06540063622313,867.5825612083102,-517.6624090925599,647.0905243541123,-301.0010475260735,-760.1605009810011,557.8560040424519,276.5705451712073,-119.92153679530684,-313.8057809499892,-410.4683359468282,-422.4960314361977,-382.5760524305805,-393.97654176415534,-217.1019290049884,996.7903516748248,-596.3919448081747,-487.2271749139168,-734.6637253304169,-641.5596415023972,-359.69450294997006,-300.84731198919,20.17219485968396,-67.07359609092885,-209.9113422113468,-571.3643885142868,210.8190210279685,186.06917709170327,-425.8598775382427,-478.9940535902063,-341.5490614841685,-374.88238086285486,-153.51225348498855,552.1398477023056,-339.5054524880823,-32.78176614473221,236.52358520295743,-207.9524171354388,-309.52081029117085,-156.0550951279273,347.7193508515405,21.163004425406545,-267.1913690407697,-407.4752047146555,-488.3204079985454,-458.8953737497097,850.1351533726989,543.4921446549447,562.3075954590797,-382.4078052490672,-688.6697371542585,-656.9959601367635,1037.3291533511583,559.7508152560956,514.4516456338793,133.7787821474704,245.79067258031017,625.4719064474576,-46.168085289726726,86.21994742840981,-513.1706557145418,-288.9586408966001,-630.4730493267214,-609.4301934215571,818.4950112283086,-392.94383798282496,-427.7271774885031,-408.2167706876237,-100.67650674333692
521.219847678567,794.4622535482129,1068.1463563473342,941.5492599250326,916.725516045673,193.97664222032813,354.11934673523155,302.72381925213807,-442.6129358459368,-655.2086325160766,-183.37632416816476,842.1772711533649,-548.5513787335553,706.2100637789773,-297.6119642935564,-782.7388437549376,616.7206988654491,216.94802479591863,-139.21364659279044,-315.7828353660312,-414.9718153386361,-445.4545065692628,-391.60692599173854,-402.2987986053886,-250.1721593801776,987.1456084630478,-562.8634086174462,-498.0112825170252,-759.7094232736326,-648.307034115704,-365.6823081499596,-334.3871014172012,-1.1908565842129275,-98.11657040970832,-216.21574627162423,-551.5943556888612,305.3960339547784,139.58985761665343,-434.3640674626778,-489.2615563867055,-350.90314867266073,-318.31097338833456,-71.92639481051015,510.3272353017232,-359.64186177805544,-75.64760998520474,185.68155491269883,-211.12511331880745,-316.3261905789578,-185.49441000384743,430.9157861696681,-23.24644253488733,-280.3474749951346,-438.3105513774569,-463.9944616984888,-399.6990040055007,843.9554967155897,490.186959505861,521.6763769503613,-385.4280584871105,-642.9071398686044,-607.9759358129105,1032.0518052967957,507.0175406658432,470.1775137632884,89.48124233457736,197.41157808291229,575.1711636239168,-87.26472294564137,42.448921876185096,-543.8822606532478,-215.19781489999184,-562.2835951997592,-572.2035370181954,853.0846120039754,-405.3914395624396,-439.2364906115044,-414.2729289179864,-142.65475159722155
555.6432482070585,763.1291144274786,1047.49778844381,969.5410663806636,878.0753696365817,137.3335212068482,328.20486840942846,382.3939417747412,-360.93401383258,-666.5426191755103,-212.46067302059072,812.5801470228264,-579.6285115362949,758.079957226059,-294.15550754440005,-802.9494680259783,668.0752227170286,157.59617817803158,-155.831413448982,-318.2975491911288,-420.1507587030667,-465.4473494289116,-398.5429186896942,-413.6935080774377,-280.15935528250753,971.1556948530468,-521.1158879164617,-504.8061490848367,-782.6584428103231,-649.7863768661088,-372.4667453522919,-364.1630383884251,-20.425132268364784,-126.53772069703562,-223.83885975024813,-524.684173328519,397.8893624912658,95.5047627179777,-444.36915477040367,-501.7544142879443,-362.9170193321326,-255.6174809364728,11.780436164861978,466.1970681444009,-377.3677568728022,-116.16653577733192,135.76713504031795,-213.418607419286,-320.9394307085646,-212.06495493446496,508.3315854329008,-64.95710801050662,-294.9626485484525,-470.0743836327772,-432.2789392965863,-333.6301291287805,832.1089168571327,435.9168888413113,479.4442810314936,-386.4953406465468,-588.5987225862248,-550.0407657919753,1020.6179315150214,453.7689371915429,424.1114796021629,46.07908223151794,148.98743508763343,523.6376469757081,-125.0773424317167,1.3965251724073389,-572.075430369291,-136.7695397929143,-485.67822905768384,-526.4870270073274,879.9865540191214,-414.9828376882829,-449.14682922678713,-418.1425930597205,-181.89672510918044
581.2446914203241,727.9844499158384,1021.6739105078464,989.0802109351926,835.7165234099899,81.93708191289056,302.91776145301304,457.391958193099,-271.3112859008535,-672.3178916852692,-239.50997476063128,779.2291018103388,-610.1206674227192,802.304843379632,-291.1560587996866,-819.9293677070656,711.4934856867068,98.99988164684656,-170.0567860313139,-321.73907896230884,-426.28568247160575,-482.52003812479086,-403.7831535068468,-428.11253011428187,-307.08886020668524,949.4188912876195,-471.1501908605937,-506.819792637356,-802.6320314602739,-645.3161376284578,-380.2672551968178,-390.0998077886733,-37.68827694709814,-152.25412026299838,-233.184583358142,-490.33091721357385,487.05706841679824,54.10003806077993,-455.6886149585048,-516.6856890993342,-377.5739159799289,-187.590510944896,96.3632164640963,420.2292875088406,-392.8201093996853,-154.12448542507917,87.15114914612944,-215.12907204424465,-323.7121241471449,-235.83982033098584,578.871644396925,-103.7309705894842,-311.03801059572766,-502.31694685497945,-393.05578068661055,-261.2513522461711,815.0814793913044,381.0744185928199,436.02050833516114,-386.0618181022813,-526.1669594088008,-483.6172744053291,1003.613479802503,400.4976402661776,376.61131266443016,3.697805256588796,100.75792586420437,471.33111691636935,-159.2837278041589,-36.74832550303651,-597.6321386879897,-54.77085014647672,-401.5212585646893,-472.4748614136136,899.2524492387125,-422.1148734573559,-457.73889094997895,-420.1686575837562,-218.29660128697992
598.2499368839915,689.638870644162,991.1605712656392,1000.387615587951,790.0524852197851,28.166634250147176,278.4644086363088,526.5276771014054,-175.05545325925547,-671.7386514282135,-264.7547237223814,742.5480203102121,-639.1785807984261,838.6476530082475,-289.11538489933025,-832.8015353850202,746.7295583837587,41.64554419838693,-182.2184473850566,-326.448675588504,-433.6421366313937,-496.778579595754,-407.752139805439,-445.4110058562177,-331.0253130522256,922.5462158110374,-413.15909943166326,-503.312255043554,-818.7240290316904,-634.310283435835,-389.2788970226932,-412.1923300441574,-53.166206295699446,-175.2457451583097,-244.59780620806836,-448.4003652259668,571.7457275444847,15.62586795750576,-468.0544451321982,-534.1937682449354,-394.761913354379,-115.17097198987447,180.56019559937693,372.8642229732696,-406.1778352782367,-189.3331505399679,40.19237548364653,-216.57482823250768,-325.0108791382086,-256.9487672626913,641.6343438748313,-139.37516253349833,-328.50668619464125,-534.5148051300916,-346.38299174781645,-183.2995082512728,793.3718977149337,326.0445691379001,391.7564959677871,-384.6120454876767,-456.2550838641345,-409.339237534573,981.628383543427,347.67157059332425,328.0086114788616,-37.53177798721463,52.97716628230532,418.6808181695765,-189.6356331723649,-71.84398642141124,-620.3736847640129,29.59537119567289,-310.873820878875,-410.5611348837903,911.054391389918,-427.2379385507031,-465.3147191281693,-420.7366722626516,-251.8038902510838
607.0303479646992,648.65758154302,956.4218994191948,1003.797283795796,741.5032644432437,-23.61922133960904,255.01522957866635,588.7895914020731,-73.65190905367182,-664.082253383528,-288.455525305804,702.9456798363851,-665.8932608627875,867.019210111509,-288.49817356357835,-840.7004418580274,773.7067244770836,-13.987008740270436,-192.68415254441777,-332.70781781112504,-442.4613392724762,-508.3901002247404,-410.8884121620029,-465.3423355315047,-352.0690053643699,891.1461404192085,-347.534975858711,-493.6226185642795,-830.0248241192977,-616.3042068605955,-399.6680212733304,-430.5071561046646,-67.06853106331884,-195.5591912117562,-258.3528362663488,-398.9425535946829,650.9196329732351,-19.711373762246225,-481.1169372204884,-554.3343226713724,-414.2700652609845,-39.42685114448109,263.130889497232,324.5067859436912,-417.65951826604186,-221.6351894937814,-4.771649507700871,-218.08851799987556,-325.209265257504,-275.5769016221444,695.9267914245357,-171.74822386256542,-347.2307067786895,-566.0737928788146,-292.50159482849364,-100.67044823732142,767.4790954605431,271.2051691524495,346.9516107312864,-382.65113207426464,-379.716314405254,-328.0390810025999,955.2408679623378,295.7323515050606,278.6183380173594,-77.47181840444331,5.914222607789097,366.0871778894707,-215.96801255097168,-103.80054317948594,-640.0564701592184,115.05598134557816,-214.9691235681224,-341.3378412087613,915.6660952722904,-430.8447309439909,-472.1906117061927,-420.2664133485595,-282.42493953967585
608.0761927514155,605.5551344663425,917.8956548554274,999.7359781250752,690.5076271313501,-73.08661494498719,232.7020270473287,643.369415661527,31.282677606477897,-648.7267021813759,-310.89285589582244,660.8162548973565,-689.3152434062916,887.4637269692714,-289.7182672583163,-842.7993831205715,792.5011745630452,-67.43376284691642,-201.85177597836343,-340.7269786676281,-452.94963860249294,-517.581352163919,-413.6329381351161,-487.55523477008967,-370.3521660241334,855.8118830537148,-274.8702694394139,-477.19541955925104,-835.6476680287352,-590.9781514309373,-411.5671828582384,-445.1818949468538,-79.62372339205608,-213.3093461179977,-274.6428413373528,-342.2013191970116,723.6844940713437,-51.75675649022755,-494.4464071263308,-577.0732601183272,-435.7864445396141,38.47724782998249,342.892209818383,275.532280823417,-427.5202116358587,-250.90933491723467,-47.43383632077232,-220.0081337314213,-324.68072614266134,-291.9616277261157,741.2709922203649,-200.7652893789624,-366.9990866442746,-596.3339805543023,-231.8362777906929,-14.397162325422071,737.8924375988971,216.92644272321357,301.86046065063897,-380.6920112515581,-297.59487704169584,-240.73214231707829,925.0051911391782,245.09316827580844,228.74807568366523,-115.9775389544948,-40.14856150747924,313.9236158401271,-238.2054207268493,-132.58300265565734,-656.3711233036363,200.3055864740331,-115.18063166154924,-265.5852142921213,913.4426934045674,-433.457594853836,-478.6895427142407,-419.20227126751007,-310.22246561353006
601.9682458099624,560.7935713021403,875.9919026069791,988.702589386298,637.523977404108,-119.93097670686484,211.61559658494576,689.6776349750871,138.0484045246667,-625.1771999917864,-332.3557697132227,616.5409414719627,-708.4766274102543,900.1414106368463,-293.1259230846557,-838.338847207786,803.3216952120003,-118.25643869878368,-210.13925933302104,-350.6352997427824,-465.2670408521862,-524.6350211358401,-416.4174917508766,-511.5933154101483,-386.0354322476764,817.111343455829,-195.95033180425935,-453.60532690048194,-834.7567145413549,-558.1769177681189,-425.0692174528104,-456.42272894979794,-91.07416520404804,-228.67890071603597,-293.57057251230776,-278.61699677585085,789.3046825938593,-80.41378073344562,-507.5371783069042,-602.2808923392186,-458.8983041388541,117.31454553940245,418.7509934176116,226.2930813470981,-436.047378536281,-277.07529050053233,-87.52622911812962,-222.66700959571355,-323.7926875885721,-306.3878118216384,777.4012745663074,-226.40199265028627,-387.5272158413501,-624.5770349731861,-164.98935695466216,74.37790682802829,705.084576655945,163.56983057412828,256.701172235752,-379.2420235568912,-211.09924248605105,-148.59375113117622,891.4428908641484,196.13603174475244,178.70629340058863,-152.89908583525852,-84.9192886216437,262.53818607496703,-256.36540846420826,-158.21293991398989,-668.9454662732853,284.04517435360015,-12.9843705459041,-184.25449705582224,904.8003201936492,-435.6146861610727,-485.133287569162,-418.0026228678996,-335.3131992900747
589.349095038037,514.7834621200951,831.0946166513068,971.248131576101,583.0296303694364,-163.88184733074996,191.80370239833167,727.3498905949149,244.91259078799848,-593.0907794327451,-353.1299384085468,570.4902397894459,-722.4156973135977,905.3094249368268,-298.9963813107454,-826.6549035800738,806.4868097925846,-166.0526594252396,-217.97372558093912,-362.4714951061221,-479.5151739057868,-529.883807813222,-419.6531335276317,-536.8975771377741,-399.3047031827789,775.5796483421284,-111.73832987999322,-422.5789247312435,-826.5960007159156,-517.9247145283605,-440.22050997845975,-464.50013726232135,-101.67122177826135,-241.91563721293036,-315.1406680555207,-208.8217295604335,847.2134638706755,-105.6503140318248,-519.8141014027727,-629.7275743588744,-483.0945980200215,195.8329570640054,489.7314655350864,177.1254160295229,-443.5559953699944,-300.0982930118461,-124.82771688391831,-226.3829158567815,-322.90190006043406,-319.18119370277617,804.2537550146587,-248.6969087629014,-408.4577250515904,-650.0363160300401,-92.7279991449977,164.4351356187527,669.5067319840033,111.4859920268524,211.664017306401,-378.7890037591366,-121.5684613111846,-52.92978324365164,855.0374201126249,149.20848924353373,128.80902822962236,-188.08493772481637,-128.10201452252383,212.2548334384532,-270.5588902749259,-180.76842289211115,-677.3516848221633,365.0195483850501,90.0830960458219,-98.44369308649937,890.196524886599,-437.8552026447816,-491.8344051473656,-417.1283228625548,-357.86382989463186
570.8954354150425,467.8872715033856,783.5656651047489,947.9571367354145,527.5183858763982,-204.707610758066,173.26955101924187,756.2445188936767,350.16029981694624,-552.2979624256859,-373.4854303203933,523.0264652818067,-730.2037551809929,903.302396216092,-307.519976563832,-807.2065027549348,802.400835649363,-210.46590922231027,-225.78009237357327,-376.17634968600953,-495.7251818220759,-533.7023397282289,-423.7188955111006,-562.8121187105723,-410.36848807539786,731.7141953020639,-23.35248514559076,-384.0124696887237,-810.5184304316512,-470.4341757320526,-457.01360621535247,-469.7429923192396,-111.67048274426328,-253.32747483087505,-339.25384067471606,-133.6271971335016,897.0160754255922,-127.50310698964286,-530.6418475885762,-659.0811064537916,-507.7711062161957,272.7926513009233,554.9965341699816,128.3555513460329,-450.382800941696,-319.9931749311239,-159.17041138995185,-231.44644390263883,-322.35086468966347,-330.70019215780815,821.9490026199039,-267.75240592980055,-429.3629873384577,-671.9099657042766,-15.965010941759498,254.51306531802723,631.5861272853791,61.011969349378965,166.91983550314484,-379.78705120886383,-30.432927653504294,44.85826241201894,816.2318925015805,104.61989194597552,79.38454575694153,-221.3866221530743,-169.40366501083352,163.37410447217485,-280.9875931986855,-200.38214919249685,-681.117878847069,442.0518402062417,192.4691530286696,-9.367299648298626,870.1124077851472,-440.7039270706303,-499.0881834374121,-417.0304237825138,-378.0855093966207
547.292463354808,420.42446197331645,733.7505088606059,919.4310463614536,471.4964360025109,-242.21983527280443,155.970918035387,776.4319899156628,452.1426246395787,-502.82032367014574,-393.6646253960168,474.5061099466281,-730.9735809787936,894.5135237153522,-318.79397716440525,-779.6005027914177,791.5302420270339,-251.19485669814537,-233.9695624984451,-391.5872062433974,-513.8461510164304,-536.4970497138544,-428.9507496922385,-588.5932891571795,-419.4557612916796,685.9720261065913,67.96366213204826,-337.9845861909011,-786.0136799018952,-416.1087956265747,-475.3794477286936,-472.5312188859626,-121.32730487481814,-263.27529232946256,-365.7032277516864,-54.00495222347572,938.4859452873994,-146.08057309801563,-539.3371364545045,-689.9062125062779,-532.238399594811,347.0024975911172,613.8622373805049,80.30474928006285,-456.87964179543576,-336.82771595462566,-190.44445054571588,-238.1089246783328,-322.46502509763945,-341.32634438943506,830.7693354649222,-283.7338320745485,-449.74942694346566,-689.3771090201886,64.2661301110736,343.34513406891847,591.7252522317682,12.467543451134349,122.62777839979282,-382.6421652524064,60.82871439315289,143.31226441559377,775.4295271858631,62.6373797698348,30.775688829636508,-252.66443226516745,-208.5419143728587,116.17320404963128,-287.9387949122347,-217.2378401898963,-679.7439483078227,514.0735924607061,292.6500480239703,81.67860189914023,845.0371831163902,-444.6553547707239,-507.1646102719005,-418.1372299171716,-396.2272248537031
519.2112885390468,372.67775910031736,681.9848698368552,886.2740124171962,415.47673270510126,-276.27693465162344,139.82009863533742,788.177338351381,549.3206293785543,-444.8828322025896,-413.8706273788775,425.28174338719566,-723.948724865205,879.3771706584002,-332.81629332879453,-743.6132207517584,774.3815369203269,-288.00166094851147,-242.92838141342853,-408.4348431285045,-533.7347423009747,-538.694228485541,-435.6309436786824,-613.4224036124659,-426.81423376277365,638.7693071009467,160.87680273879494,-284.763021511367,-752.733830261846,-355.53832515073816,-495.1796404246553,-473.2872112224278,-130.892772348504,-272.1635917655516,-394.1731332037321,28.94003130260028,971.5547413194944,-161.5635755113217,-545.1839469596415,-721.666418164299,-555.732847177551,417.353671802173,665.8051132248477,33.292499874787914,-463.4058547278543,-350.7250327511008,-218.6011031012221,-246.57018156240628,-323.5502847937447,-351.4536922237268,831.1323490371192,-296.8670210161602,-469.0638046983329,-701.6171052994388,146.8409866559181,429.6960454323821,550.3025836895998,-33.84913242196322,78.94199052110048,-387.6979469548366,150.73452956804127,240.95888820049197,732.9962839109477,23.48178677132913,-16.66022730255446,-281.7937933330375,-245.253541911304,70.90534193465857,-291.7776283129219,-231.56504168842724,-672.721520621057,580.1492158573608,389.1741590217785,173.35424724911837,815.4556550827284,-450.15771372657474,-516.3003954631931,-420.84081703658296,-412.56836761496487
487.2900664032037,324.90004608739986,628.6015992961982,849.0813387962462,359.97200460827025,-306.78690912409434,124.68485699200995,791.9169313230587,640.303183267849,-378.9199230119469,-434.2564891429234,375.7032157337524,-708.472635650303,858.3535904372557,-349.48115904212403,-699.2073499845986,751.4816938987814,-320.71893060208384,-253.00722378762563,-426.3431265642864,-555.1467348184439,-540.7265226450305,-443.9778170777089,-636.4220448345783,-432.7088598857328,590.4826381680721,254.00365018537968,-224.80480265711432,-710.515466587119,-289.4870168632664,-516.1992890616361,-472.4661967403726,-140.61015706615748,-280.4291259705473,-424.2403209934612,114.0015893085028,996.2972765063088,-174.20403049457806,-547.4516135445713,-753.7286446202916,-577.430805309445,482.84889475316953,710.4626977143384,-12.362317988956727,-470.31964878904654,-361.86473853630935,-243.6541546000472,-256.96647529416015,-325.8903462659924,-361.477473245068,823.5623361375863,-307.4341590769187,-486.7016388668146,-707.831575107188,230.57730911279708,512.3960736378278,507.674394288199,-77.66647184387902,36.01693498550198,-395.2216061847072,237.84398474852335,336.3515690315985,689.2651171512393,-12.676294770293865,-62.55397819759094,-308.67189657996147,-279.3027854794785,27.79837192617554,-292.93727016137615,-243.63257099824875,-659.5573614125459,639.4940098351522,480.7016525844517,264.3152771946,781.8388705705563,-457.5972272627283,-526.6910533601283,-425.4832095326362,-427.4108263236399
452.1193326789728,277.321411037836,573.9370054361912,808.430619766906,305.4866509146825,-333.70899562947886,110.39054025886654,788.2310705951885,723.8773664262229,-305.5744320442542,-454.9155207925555,326.1179954627603,-684.0364657930634,831.916207837821,-368.57687129205937,-646.5431953919028,723.361867977806,-349.2550609346663,-264.5115048633079,-444.831774645298,-577.7311741052393,-543.0182049928875,-454.1362600738522,-656.6758563482647,-437.4203340042197,541.4518513369204,345.95308151381306,-158.74941361599392,-659.3969842020637,-218.8749786998229,-538.1410303719892,-470.5457179800222,-150.71191259343294,-288.52768595512464,-455.3779493125722,199.9089917929898,1012.9125363674152,-184.32121233317756,-545.4155346605811,-785.3708039365148,-596.466030112169,542.6260803861767,747.6277471526355,-56.3425216063008,-477.9685003561126,-370.4826141285806,-265.67963482803503,-269.3590475675262,-329.743369693954,-371.7824891901606,808.6612177180532,-315.7681025622594,-502.0178944533279,-707.2687010351054,314.27009476493754,590.3717587787161,464.1772836772562,-118.7447581468976,-5.988837289383921,-405.3905707441155,320.80026435171897,428.1111802923261,644.5412555713092,-45.72002522360962,-106.52933441992656,-333.2241994723994,-310.48924469025764,-12.947208483198184,-291.9073482575097,-253.74092095907383,-639.799444120805,691.4853610499126,566.0388138184239,353.25117696349685,744.6379984700874,-467.28300876694266,-538.483060347763,-432.342496947482,-441.0709113120392
414.231798885185,230.1559258427557,518.3359822710917,764.8754728929989,252.5077681121309,-357.0541420605843,96.7234983772786,777.8139853100082,799.0306205603403,-225.68881738163256,-475.8729101653525,276.8705382686584,-650.3042842637473,800.5416509707721,-389.7856684381341,-585.9833633590721,690.5448605071092,-373.5977292483069,-277.6928213396967,-463.3224976552452,-601.0277598115985,-545.9695920557148,-466.1690331096732,-673.2516010284264,-441.2432996437462,491.9839037449724,435.36853731401146,-87.40493645057246,-599.6299266121862,-144.75327614363798,-560.6209597501725,-468.01438241682513,-161.41717205229455,-296.9193307953475,-486.9621744369561,285.3662642963283,1021.7022289223952,-192.29572763221643,-538.3800295230559,-815.7926243884917,-611.9502225743955,595.9755480118031,777.237101154324,-98.33594802044726,-486.6786476830426,-376.86857031236303,-284.8140005081625,-283.72370704611006,-335.33751466468493,-382.73150587546536,787.0804745523074,-322.24527515498903,-514.3400288036577,-699.249075079453,396.72690403883854,662.6716893056823,420.1310850511862,-156.88155172522562,-46.91058800504386,-418.2800722384969,398.3682658578461,514.9635598371177,599.1079283790849,-75.58912140587148,-148.21008347531162,-355.4103886686584,-338.65494391132853,-51.160760733426805,-289.2209011288642,-262.2139772050432,-613.0646005603107,735.6671603502231,644.1656806736971,438.9213147394935,704.2812913767473,-479.4330073547316,-551.7661318973711,-441.61928204671295,-453.871382185821
374.09664993661374,183.60778787085027,462.155411278771,718.941628964852,201.49559176843013,-376.88430995158416,83.43591033024337,761.4427433910134,864.9643153334445,-140.28847470950726,-497.0788552929193,228.3006367737389,-607.1343896531976,764.7025318538797,-412.68584666982827,-518.090300620264,653.5364975169704,-393.8153860666517,-292.74162987135367,-481.1486858415993,-624.4680166394807,-549.9410257322832,-480.0492233715794,-685.2271041167709,-444.4839987712701,442.3574315293699,520.9685408036306,-11.727462060352842,-531.6833536958737,-68.2737789643855,-583.1671567797407,-465.36000611972776,-172.9296487583209,-306.05243403749296,-518.2814093604532,369.0922968551533,1023.0482834370226,-198.56121356161168,-525.7026868820432,-844.1298450629779,-622.9964526114876,642.3503657781686,799.3563324390617,-138.04083339276312,-496.74385393164926,-381.3627422530963,-301.2509160536396,-299.9419261175363,-342.8650491243317,-394.6539918832684,759.4953671034998,-327.2772984623128,-522.9834116041382,-683.192155989596,476.80175558542805,728.4863857236895,375.8418226829814,-191.91690671927432,-86.5769920324457,-433.8521778895503,469.4666323003637,595.7722409867418,553.2320085192924,-102.28167480368404,-187.2288533455217,-375.2294174084132,-363.69024196688247,-86.70430665175641,-285.4402135314839,-269.3904236135329,-579.0664527652187,771.747868627387,714.2560351820856,520.1870145228023,661.1738164491946,-494.1614384719648,-566.5657171610777,-453.4239648663147,-466.1338013264854
332.1181764671286,137.8765072227268,405.7654690595529,671.1250389150034,152.87366532424238,-393.3106911181618,70.25206119635041,739.9465067791501,921.0988638098368,-50.55740851591996,-518.4033901377445,180.74074680575737,-554.5954575305915,724.8628102792111,-436.75624384620056,-443.6164000226677,612.820806229226,-410.0566436915533,-309.7811866017085,-497.5687071296109,-647.3806726473373,-555.2368742587925,-495.6541618978504,-691.7185190225666,-447.4571213944865,392.8275245795784,601.583305879358,67.2055413504518,-456.2405058745466,9.344945390633209,-605.2214662655679,-463.05725928445867,-185.4357691699876,-316.34700782877104,-548.548192636683,449.8597484185586,1017.3906502784108,-203.59389807335552,-506.81937302414894,-869.4717967852122,-628.7450206171302,681.3698054273674,814.1614593609551,-175.1729089083028,-508.4136893838799,-384.3496320070991,-315.2367850855788,-317.7939310893662,-352.47487406675214,-407.8354361578916,726.5824742320083,-331.30151829367577,-527.2690365844014,-658.6422218385153,553.4260105759238,787.161665296738,331.6044234303702,-223.73808485055557,-124.81139361569784,-451.94683676193125,533.1925716999044,669.565014472003,507.16911612016384,-125.85473250363646,-223.2373367209353,-392.72326729837215,-385.53836753138256,-119.47537260899186,-281.14183800887866,-275.6152027318386,-537.6421572750173,799.5929835827017,775.6892518224059,596.0383756847713,615.699503097371,-511.46813194931127,-582.8358816967057,-467.7654600441607,-478.1713790528391
288.63838022350984,93.16087718286886,349.54865184409744,621.8915929172658,107.01907868741222,-406.49098591091655,56.876043180752696,714.1773910843054,967.0709226843315,42.19299590754752,-539.6330786623907,134.5123280887661,-492.9763824316899,681.4754480773373,-461.3832521493297,-363.4867653245773,568.8586306750457,-422.5475367189358,-328.86270826765696,-511.7827569008634,-669.0015263332547,-562.0900438758011,-512.7611597226063,-691.9101504566814,-450.481668136291,343.6303126947884,676.1856723158604,148.22683866112706,-374.18738345548655,86.85415880971149,-626.1450844581271,-461.55491733152354,-199.10281420088089,-328.17783972330534,-576.9136025839377,526.5308227542557,1005.2065964247043,-207.90023524102045,-481.268918295153,-890.8822342959711,-628.3911120201867,712.8162719104165,821.9190278832841,-209.47374693310377,-521.8816571251484,-386.2502964364956,-327.0651818544817,-336.9542750391362,-364.26350710589566,-422.5074118004445,689.0012898944292,-334.77058594780976,-526.5433046266205,-625.2925745447303,625.634854609072,838.2052579311855,287.7049163742301,-252.28345809760324,-161.4346080629696,-472.2755935927248,588.8386641553968,735.5533161393821,461.1678153452929,-146.42343973522654,-255.91743633474468,-407.9791478733373,-404.1984580873345,-149.40959265924863,-276.90110387636463,-281.2313652099733,-488.7763971955289,819.2128941113882,828.0539431980169,665.6148981159506,568.2249513197265,-531.230212935582,-600.4528338004176,-484.5419984419946,-490.28241651364425
243.9430180304305,49.6615258163634,293.896507946715,571.6780204128758,64.25314672887065,-416.6259300126839,43.0007699496632,684.9839782598029,1002.7235425903594,136.5608837462635,-560.4697556469932,89.92127902120012,-422.7888843365338,634.9819681996205,-485.87053984175736,-278.77512729276526,522.0891346416297,-431.58670803232906,-349.9616775612622,-522.953070589951,-688.4879181246713,-570.6475259245012,-531.0454398555584,-685.0848533425334,-453.8757015666234,294.9870170255596,743.9150108374843,230.1146193608803,-286.5932832886743,163.01222999463118,-645.2283402005255,-461.2628378377416,-214.07681952652368,-341.8580291460105,-602.4841341445068,598.088210694819,986.9924710587496,-212.00289322029505,-448.7163927167493,-907.4231091713748,-621.2133961233948,736.6264030375486,822.9658114267576,-240.7198016886897,-537.2735483412642,-387.5126586869494,-337.07031926436025,-356.99037993534785,-378.2647798797663,-438.8384906919054,647.3803098311606,-338.1412419705047,-520.1994834925129,-583.0066928396586,692.5882788331357,881.2868324484349,244.4218912626668,-277.5453191024596,-196.2691015104124,-494.4186711138013,635.9013298453293,793.1438633657322,415.47263581189947,-164.15861505304443,-284.9927825966527,-421.1299338963351,-419.7270736580926,-176.48279300959314,-273.2764130852167,-286.5725879448533,-432.621053380416,830.7472508008027,871.143750235026,728.2193608646966,519.1043819802146,-553.1965025401487,-619.2094375158784,-503.5346649780395,-502.7443928431648
198.27040638012824,7.581913696007856,239.2042433470552,520.8935472183639,24.83291564572442,-423.9552730678241,28.31810193156955,653.1882854783653,1028.0903868250607,231.09489799123884,-580.5315017196178,47.25258836014621,-344.7622367714811,585.8134739735384,-509.45165175227686,-190.67379859656427,472.9335072385823,-437.53864967690623,-372.9752036505871,-530.2271670020534,-704.9377325033819,-580.9575311844845,-550.0806415660111,-670.6538167471393,-457.9499313073701,247.10720430057165,804.0932400947281,311.6296161048742,-194.68379837394488,236.62096109745585,-661.7048562178503,-462.5388240733217,-230.47999589965775,-357.6235335502127,-624.3409292940507,663.6598405424782,963.2486579428236,-216.4254253070757,-408.9738206223757,-918.1807840756898,-606.6025325064031,752.8772963091343,817.6892451711777,-268.7315424193106,-554.6364621208894,-388.6000979607181,-345.6196725128569,-377.3645165948458,-394.438717736884,-456.92607392971,602.3077362199352,-341.8624366358276,-507.7002473181964,-531.8350523048493,753.5858283751601,916.2319543062936,202.02703017025303,-299.57136848446373,-229.1443303057573,-517.8261121894305,674.081092805557,841.9424135688798,370.3257494320436,-179.28271756814894,-310.2400226985432,-432.3527417572699,-432.2382330023556,-200.7123224282901,-270.79362606379914,-291.95656794725954,-369.5090903341045,834.4470338999889,904.945981757848,783.3248041390876,468.6850935184966,-576.9849901085325,-638.8111339952316,-524.4042679050897,-515.8086839960597
151.82220219047807,-32.8722822288256,185.86352505783304,469.9219196464322,-11.056112077220634,-428.7534065756531,12.529787786485496,619.5667278781233,1043.3753120640415,324.33726996882086,-599.3560509006943,6.764370785880131,-259.8298303596424,534.3926571212107,-531.3056036314447,-100.4589127262054,421.8001160093916,-440.825190294416,-397.7203643133402,-532.76363641586,-717.4126462442593,-592.9587784155406,-569.3422511209304,-648.1843660670436,-463.0001517603546,200.1910711768286,856.2326373335926,391.5523498351197,-99.8072505798756,306.55934000214904,-674.7700380719674,-465.67559765165765,-248.40747784538735,-375.61932378425416,-641.5612031743107,722.53651416978,934.4681586554796,-221.6759970306519,-362.0171797095039,-922.2939989495133,-584.0883949303645,761.7689996557135,806.5095238045187,-293.38207535111445,-573.9289597180599,-389.97854315858746,-353.105858671582,-397.4396470229914,-412.66026557928,-476.78919315499576,554.3266452938514,-346.36291753872484,-488.60048861723936,-472.02644178457393,808.0747971393008,943.0108070054122,160.78457971066746,-318.46471778742995,-259.90297545515125,-541.8235926950438,703.2751980183318,881.7499527066532,325.96722985977266,-192.06426159725532,-331.4992542567915,-441.8656501729035,-441.9020731505816,-222.1574666931181,-269.93084677385724,-297.67941121847696,-299.96141732066457,830.6554736614922,929.6241067682032,830.5748500776257,417.3128171393296,-602.0836908907809,-658.8737501431261,-546.6920253019753,-529.6958413501839
104.77531211045071,-71.49537585741982,134.25394067069726,419.1234576816352,-43.30566105601682,-431.3248114588398,-4.641158852356963,584.8353408647765,1048.9287002592605,414.8669367451995,-616.4068371329612,-31.31850244533793,-169.10769755147862,481.13632713511794,-550.5754790060275,-9.452482093642049,369.09034200653866,-441.91546282573495,-423.9334988332223,-529.7598254710927,-724.9651134891761,-606.4725004405556,-588.2142651457126,-617.4243049452264,-469.2986295723318,154.43067291064503,900.0356492857499,468.7186855146977,-3.3959471607594445,371.8132756396021,-683.6035809372011,-470.8881788902707,-267.9232874101614,-395.8877044948283,-653.2416253276964,774.1819843247446,901.1289803163328,-228.23057704230703,-307.9985892692658,-918.9827224342416,-553.3647215516834,763.6044953604622,789.8640675128786,-314.60468992022913,-595.0128437906474,-392.10236167356106,-359.9378584073374,-416.48947214583,-432.70867949068713,-498.3623583034746,503.9342163282459,-352.0384311227191,-462.5694027987212,-404.0328029328359,855.6519692477116,961.722751154842,120.94969489402104,-334.3823285775517,-288.407766830209,-565.6233615649935,723.5635000180177,912.552007731012,282.63391089836165,-202.81082703963,-348.68298404799066,-449.9226647757192,-448.94226152302446,-240.918877584244,-271.1039231001564,-304.01103771817424,-224.6858324112163,819.7888843499308,945.4953348462376,869.777939135659,365.3364254552815,-627.8551608588784,-678.9236983221654,-569.8244051729388,-544.5912998043727
57.29406787659497,-108.0853603896328,84.73366815378783,368.83686216910985,-71.88844464895422,-431.99945002561975,-23.439101887709647,549.639264348373,1045.221945899175,501.3405858312059,-631.0818837142685,-66.81092278480604,-73.86556919920118,426.4580265179485,-566.3898807583463,81.01699276091577,315.2043718484844,-441.3146078847862,-451.2704858717509,-520.4806062648362,-726.6683520246837,-621.1977028503528,-605.9993154993781,-578.3213016707566,-477.0846196796877,110.010091990754,935.3873735181148,542.0520033594178,93.07601478603873,431.5001412595609,-687.3954210122151,-478.30205500151175,-289.0554967904817,-418.3592851587073,-658.5232942401622,818.2355047512116,863.6902453555575,-236.5160310653999,-247.25272259104852,-907.5768705723536,-514.3098679453185,758.7684170221336,768.1948195861304,-332.398836421753,-617.647057509561,-395.39939661427326,-366.53166177033467,-433.7129001319429,-454.2585029766352,-521.4905741437683,451.5844211609824,-359.2387273351424,-429.4106974932714,-328.5068963449625,896.0594019773791,972.5779540607776,82.76566045327667,-347.5318935707496,-314.54855818775445,-588.3405440300636,735.1888219572637,934.50209141728,240.55693955328735,-211.86089435296725,-361.7830396909431,-456.8071031846528,-453.6322954000531,-257.1370410978243,-274.65298585096434,-311.1915223024692,-144.56761080759765,802.3183254266357,953.004677751594,900.896333532281,313.11153481257384,-653.5448915089075,-698.4010548857426,-593.1222831549442,-560.6413350919925
9.54184043263482,-142.44888243029305,37.62995823082337,319.38056774594884,-96.8597458877727,-431.1281669207544,-44.06495485428549,514.5462535976969,1032.8214410159644,582.5296814480605,-642.725713043402,-99.5739161458246,24.508517394215275,370.7703499713565,-577.8868965018462,169.65354510657738,260.5462993774974,-439.5514740222246,-479.3081183875743,-504.2872592476778,-721.6483827040715,-636.7101543942769,-621.9323751876296,-531.0359262246864,-486.5542707162042,67.10461876438231,962.3417505554316,610.5905369869981,188.13645833250015,484.8872792467406,-685.3743023802542,-487.9425931206457,-311.7906758244721,-442.847001796802,-656.6177896374152,854.5073227201916,822.5917092627824,-246.8935895698137,-180.29668455741827,-887.5437617827213,-467.0023909856877,747.70568014925,741.9385983440199,-346.83413558686806,-641.4841838006544,-400.2555641521336,-373.30042758193457,-448.2529731211361,-476.87308097653465,-545.925714246732,397.6934281771716,-368.2546222195778,-389.0797003222085,-246.2924417995553,929.1750777940774,975.87739101203,46.46007813889642,-358.1672457924726,-338.2492907218047,-609.0147747024458,738.5331733372868,947.9005170758207,199.95818747304173,-219.5747950432005,-370.8749530484354,-462.82363361335314,-456.29081111922176,-270.98988828784246,-280.8303553236628,-319.42819868795607,-60.65182357871586,778.7528158343486,952.6969608040234,924.0309326388668,261.00263786734416,-678.2937468652717,-716.6659427216939,-615.8144026061121,-577.9490644646913
-38.308652771678176,-174.40722787485052,-6.769970565770159,271.0534978401206,-118.35665644237687,-429.078094670123,-66.66642571357953,480.04378608085153,1012.3632728751992,657.3518160007277,-650.6443887753162,-129.52053122139577,124.5486196028354,314.4866511807582,-584.2400266022044,255.23060954368583,205.52798935778424,-437.16557145755337,-507.5467670389667,-480.665361645846,-709.1169905882803,-652.4655037088673,-635.1980234389806,-475.94717315605646,-497.8502564497052,25.879085612104724,981.1027635616996,673.5087774627067,280.35833608888515,531.4039814143853,-676.8378957761474,-499.7262171742711,-336.0678072347656,-469.04349976598553,-646.8336153834408,882.9679554228396,778.2561737641674,-259.6431904312724,-107.82287846112072,-858.5131130005477,-411.7303370919555,730.9010918708196,711.5205014239976,-358.05212582455243,-666.0699877957028,-406.9994749819248,-380.64426267071406,-459.2200666403416,-500.0015323141831,-571.3245178858036,342.64688718083875,-379.3054522950528,-341.69614886561766,-158.4067741339855,954.9994960999784,971.992496372095,12.24019219077132,-366.5824492214634,-359.47447403459887,-626.6368299085333,734.0913085182661,953.1699580987176,161.045740469612,-226.32510918452547,-376.1194675992433,-468.2892361815445,-457.2760015263298,-282.68970270007884,-289.7901444911416,-328.8932827551233,25.88197993224835,749.6246174006889,945.1882434382002,939.4030527490672,209.3835039269456,-701.154525125144,-733.0085316436518,-637.0549477152458,-596.5703022417185
-86.0669733179497,-203.8029800563673,-48.227072807958926,224.13513590768844,-136.5949285376143,-426.2279886560647,-91.32988152489168,446.5391939281135,984.5296720598856,724.8951217431191,-654.1236886034347,-156.62087938743335,224.7545056140496,258.0218884985834,-584.6853173445344,336.62409499191926,150.5712683526816,-434.6935256610195,-535.4145936217318,-449.2504717247037,-688.4043331919364,-667.8068053521431,-644.9510793677326,-413.6496560439842,-511.0515311761575,-13.514445799730405,992.0020781790112,730.1322559225703,368.4004793888181,570.6468239368994,-661.1832091904421,-513.4539061993981,-361.77193976363566,-496.52210099993016,-628.6021763920049,903.7323760611504,731.0941244370963,-274.94922255174606,-30.684740878232237,-820.2983746089583,-348.9933480670579,708.8608468696192,677.3501638875351,-366.2655652361431,-690.8463829284415,-415.8875853048032,-388.9397477355501,-465.7189170848146,-522.9800025919405,-597.2485519234995,286.8082324189882,-392.5273335980753,-287.5515609323324,-66.01647545381783,973.6394130152466,961.3456351181176,-19.71239903757975,-373.1047744148103,-378.2348217775837,-640.1796252810202,722.4431105038452,950.8291727100952,124.00872822697612,-232.48686022451423,-377.7609900576293,-473.5233736009831,-456.9792110953281,-292.4794949693742,-301.57987866069794,-339.72173493010234,113.75157751409822,715.4768909207852,931.138019761532,947.3343489530664,158.63568762666455,-721.1126188703385,-746.6628138921901,-655.944877637975,-616.5091499894455
-133.5189992385567,-230.50696280599277,-86.5571882207747,178.8848760247074,-151.86351577524988,-422.96335332246497,-118.07434898240156,414.3621740776245,950.0280373076896,784.4349319978712,-652.4502433978936,-180.90594838194068,323.6364368265091,201.7924243354972,-578.5487591176366,412.8402675909485,96.1081313860423,-432.6552662737018,-562.2736258772266,-409.8503511614188,-658.9898245726869,-681.9766020847503,-650.3402268590784,-344.9421106190966,-526.1636460592624,-50.93940302439948,995.474577308214,779.9454571425298,451.0441009255436,602.3785849891284,-637.9358882269024,-528.8075815994333,-388.7279267503418,-524.7414964824109,-601.5022865311688,917.0404184972996,681.5098088734815,-292.8882078864026,50.12436593792697,-772.9132556896325,-279.4970206167697,682.0966258103985,639.8205120316475,-371.7552211277301,-715.1581122623126,-427.09040825024965,-398.52935768394735,-466.8787560166301,-545.0378575611398,-623.1665423573859,230.5271660723495,-407.96270383487297,-227.1103089677493,29.59314150671748,985.2899685849494,944.3923877341394,-49.24733741899768,-378.0867934537232,-394.5917038447968,-648.6326559290103,704.2262054451911,941.4662732777576,89.01178348849443,-238.42785549941385,-376.1229952961051,-478.8376594739569,-455.8177492798768,-300.62899976494555,-316.1344326766918,-352.00908588892923,201.6087877595653,676.8538315481022,911.223412945853,948.2260101139868,109.14509122956004,-737.1106031203817,-756.8241207522681,-671.5565206469436,-637.7133110766966
-180.42368894972205,-254.4250569208293,-121.63597449517312,135.5406575820548,-164.516989736129,-419.6711777360953,-146.84809360167495,383.7690108507486,909.5731306155994,835.4423593842773,-644.9352772578941,-202.46982261709212,419.7589440073494,146.21465119611918,-565.272868383137,483.03737146395656,42.57878801340022,-431.5401803141349,-587.4280220815234,-362.4624869655888,-620.5298786296224,-694.133554333909,-650.5340604952111,-270.8073612709201,-543.1100775722666,-86.27756385445713,992.0331730912344,822.5930418102836,527.2235359588589,626.5212880073136,-606.7769312309832,-545.3499287302116,-416.6946660295608,-553.0542250394751,-565.2820994302002,923.2347877154732,629.907908628257,-313.418950274363,133.49837835239938,-716.5824083158878,-204.13934178265117,651.1127992722102,599.3085386748215,-374.8641978291851,-738.2633232698915,-440.680323074086,-409.7109463463967,-461.8855576847412,-565.3092580636805,-648.459512312102,174.1475549426011,-425.5516673012272,-161.00385157646582,127.05344601643412,990.216376917024,921.6064132712214,-76.2510582970612,-381.8978404043295,-408.6601146097674,-651.0387004434115,680.1100669824568,925.7128042068618,56.18943163193681,-244.49950053329405,-371.6005864985431,-484.52530225597184,-454.2269395253556,-307.43041197700126,-333.2725607935146,-365.808996050997,288.0792095819455,634.2932217547484,886.116365162586,942.5382543049984,61.29663234578708,-748.0763992358511,-762.6701361912081,-682.9607915561501,-660.0692493703561
-226.5127143149368,-275.50448331073704,-153.4018430784575,94.31692818813586,-174.96610815766763,-416.7340849557579,-177.5280996769119,354.94787818142385,863.8727923030134,877.5849235741133,-630.9403602538746,-221.46998352702948,511.7814527511316,91.70237223049416,-544.4412867144669,546.5402921983111,-9.572484291722764,-431.7934601432757,-610.1348269334374,-307.2857700308752,-572.8811076830717,-703.3734361278039,-644.7487965503445,-192.38444370255183,-561.7250116154971,-119.43179661950953,982.2441359424664,857.8749308167833,596.0500570300192,643.1441774022405,-567.5653510039265,-562.5281407346066,-445.3603151038997,-580.7189185928605,-519.8773052475427,922.7380458434268,576.6999483728194,-336.3756444071699,218.25072713470664,-651.7454215693348,-123.98944759947624,616.3970148056968,556.1775575857183,-375.9899685111136,-759.3480797206602,-456.62150608578736,-422.7274896572155,-450.0151614593876,-582.8502920424388,-672.4291476524035,118.01407767185027,-445.12567196789576,-90.01798230285175,224.95123183869796,988.7362173000996,893.4673998039104,-100.65193927550278,-384.9150777811685,-420.6099050005404,-646.5313987554805,650.7726718060294,904.2197204533048,25.640709151584925,-251.02837832846552,-364.6505897817212,-490.8505867288577,-452.6514089194413,-313.1939313597368,-352.6962623842496,-381.13040180423934,371.8029570953855,588.3212081747326,856.4645731070153,930.7710082398396,15.467176819105712,-752.954452906871,-763.3849514203247,-689.25627118403,-683.3974375695819
-271.492936286022,-293.73918134938583,-181.8568195246229,55.402021286435335,-183.66687033909855,-414.52372100470586,-209.92260201645723,328.0246546912689,813.6172818845483,910.7197813739556,-609.9043612014887,-238.12543639533976,598.4938015433105,38.66291900460617,-515.8002091971707,602.8479676791108,-59.90356553058879,-433.802886771592,-629.6174433221764,-244.7253643161247,-516.117652982091,-708.7541326861209,-632.2767269244663,-110.9340829926314,-581.7480043127533,-150.3284407937973,966.7039928013564,885.7361043228476,656.8280016830241,652.4476313692542,-520.3554074785065,-579.6819754327257,-474.3389984231476,-606.9162060687744,-465.42445649120646,916.029846945503,522.3096305603981,-361.4643757464089,303.15000398649266,-579.0535224176828,-40.25938926371118,578.4142183776538,510.780376737993,-375.57437806566446,-777.5447032659766,-474.7624743827959,-437.7573066057106,-430.6658361184153,-596.661541184309,-694.309735336212,62.477086815727866,-466.404023093837,-15.07340372390954,321.86900125940457,981.2031792631328,860.4523502430326,-122.4246888585194,-387.51438853707,-430.6650853720898,-634.372153574212,616.8805344078161,877.6361501324626,-2.57570431843827,-258.308833100509,-355.7796997213252,-498.03863784825313,-451.5356252413547,-318.24314066533634,-373.9931864094932,-397.9342086486486,451.4743684970864,539.4490171903191,822.8766473003622,913.446485345091,-27.982995821883584,-750.739141272102,-758.1855036001604,-689.5992707730493,-707.4480434362199
-315.0515404510965,-309.1739717487839,-207.06538252666596,18.95508215526288,-191.1084228648347,-413.393262754097,-243.77659940850444,303.0687676669957,759.4721194394464,934.8804633713818,-581.3705808301022,-252.71251115484785,678.8450353870676,-12.507953092691189,-479.2755014974952,651.633642328567,-107.98254624469486,-437.88630550108354,-645.0819187081354,-175.39005899657906,-450.54148288954497,-709.3240809123334,-612.5143587773981,-27.799152608484636,-602.8209103167285,-178.91913724951996,946.018834699156,906.2521776111556,709.0628833352116,654.7441378837573,-465.4072158912173,-596.0563760368585,-503.1695426443621,-630.7680685262837,-402.2683863371299,903.6255365020976,467.1763843480397,-388.2633565160498,386.95734690585607,-499.3586870880405,45.72999042133419,537.6039452756529,463.4628598460232,-374.0919607702384,-791.9536763126649,-494.8316812822701,-454.9050012515097,-403.388727179207,-605.715647044769,-713.2838803624767,7.895287798415312,-488.99367777908486,62.79961792018415,416.42489425952897,967.992906273277,823.0302023665773,-141.59365148961564,-390.0612796850566,-439.1010769133841,-613.9847006691069,579.0726942114617,846.5915973024081,-28.445578121959525,-266.5967325134713,-345.5312655452995,-506.2656965258586,-451.313706365356,-322.91020856307426,-396.6422256789028,-416.1296075540568,525.8788150013137,488.1712736668512,785.9117024440266,891.0941954971348,-68.71982406977725,-740.5094068774252,-746.3495592214048,-683.233897796752,-731.8974733908547
-356.8635148974997,-321.9072686729238,-229.1514488199637,-14.897275188222103,-197.80017295047423,-413.6690011960553,-278.7800182683737,280.09867082043,702.0740967271812,950.2582898122446,-545.0128731866256,-265.5583021775723,751.9643231115496,-61.43228753940174,-434.984478987436,692.7384184016025,-153.3972388852452,-444.2800703785077,-655.7359776939417,-100.081730527271,-376.6847398718885,-704.1533945528486,-584.9890884024956,55.63795099321232,-624.4874370728334,-205.181985419478,920.7866530958216,919.611932784594,752.461582246213,650.4375020951936,-403.18980050104574,-610.8187239839914,-531.3167612522416,-651.3603257216997,-330.9628715335601,886.0570295215657,411.7565720107081,-416.2271420769281,468.46367192877096,-413.6952231219534,132.5876017029382,494.3805195913605,414.5674142635584,-372.036961559872,-801.6686749409185,-516.436531814836,-474.1933907466104,-367.91458630639687,-608.9891322577083,-728.5020135476941,-45.36402389876941,-512.3926727382104,142.49135749311066,507.3103881796822,949.4913703841512,781.6595581426403,-158.23476061948304,-392.901940951938,-446.2398702978742,-584.985654267268,537.9489648624743,811.6820069582875,-52.0022112906596,-276.10450469453167,-334.4713080477874,-515.6501233434462,-452.3985628251716,-327.5308847424864,-420.0223874490925,-435.5701999675453,593.9249932643405,434.9655733305983,746.0733336759558,864.2387346233255,-106.4457331022468,-721.4634254023457,-727.2442402845797,-669.5210503720349,-756.3462334046603
-396.6010434420783,-332.092183494849,-248.2937578353328,-46.06435310953639,-204.25843069860167,-415.641047804939,-314.57792465656473,259.08665313147384,642.0299591393537,957.1798185526516,-500.6594412221984,-277.0318319766672,817.1733922913722,-107.75709086510416,-383.2414985184379,726.1588657020862,-195.76568646169667,-453.1287530231232,-660.8105360644367,-19.77694128743591,-295.3035500419044,-692.3667189752944,-549.3832123393663,137.99891339929457,-646.1956506576593,-229.12198451788063,891.5831059471158,926.0980168649306,786.9251105135716,640.001420949797,-334.376008102894,-623.0805733044544,-558.1757547854195,-667.7678123312037,-252.26396902070687,863.8566492528944,356.5219969089841,-444.6949632953945,546.5248979381686,-323.25427293339953,218.8933269385018,449.1356356030367,364.4360355602482,-369.9094634051239,-805.8041435515028,-539.066100940371,-495.5567028315446,-324.1752339414205,-605.4974433331095,-739.1054707063641,-96.92728858338252,-535.9974186264466,222.8460118379656,593.3240485218884,926.0860069078486,736.7891074069491,-172.47594362174053,-396.354554393723,-452.4431370413441,-547.2093753473139,494.06249575694943,773.4598812682004,-73.32829371534356,-286.9974586674406,-323.17429678456074,-526.2443347520732,-455.1704873670557,-332.43923607349603,-443.424951563769,-456.05020814424864,654.6714242287259,380.29297149963,703.8077104203837,833.3905211095449,-140.9100135605969,-692.9519689565669,-700.3539532843124,-647.9652100485406,-780.3185817426028
-433.9443040670548,-339.93593441252534,-264.7199697946213,-74.49453689098107,-210.9928441980825,-419.5533093366512,-350.7819654435792,239.9627759767682,579.9171387194759,956.0817696328612,-448.3129382079308,-287.5331342843695,873.99044605248,-151.16218272090103,-324.55674872701064,752.0297011484089,-234.74714665639272,-464.4764263289488,-659.583220864417,64.3988526495437,-207.36312030762684,-673.1766785699971,-505.554087874351,217.9519582330865,-667.3037230009844,-250.7707987689749,858.9509044787229,926.0669734069808,812.5347916849773,623.9584658310458,-259.8291060310477,-631.9234718922606,-583.0795944613427,-679.0816761443616,-167.11581060035036,837.5443606109078,301.95558819942505,-472.9031976278505,620.0934634068075,-229.35209142127687,303.24000665605826,402.2426700583935,313.4126371693195,-368.2010117453682,-803.5246760622492,-562.0977410248479,-518.8353392039489,-272.3183598048945,-594.3319273985524,-744.2526711703132,-146.4195554310976,-559.11395544598,302.69666353644953,673.3998895764333,898.1596524894223,688.8601794152435,-184.4958635411188,-400.7009062167917,-458.1034255426912,-500.725648216062,447.9164525839843,732.4284110848726,-92.55636689229232,-299.3913051569622,-312.20912074761185,-538.0278695508267,-459.96537162851126,-337.96205658709795,-466.0688428273348,-477.30111617300025,707.3462772129706,324.599074770237,659.505331151552,799.0394729100174,-171.91874886079023,-654.5090414759031,-665.3064775769551,-618.2378926210373,-803.2644403632622
-468.59310462585296,-345.69753960923646,-278.6998254521098,-100.17796566772611,-218.4928271693611,-425.5929750698864,-386.982123952213,222.61784717576123,516.2858535351955,947.4848764328244,-388.165536798238,-297.4805454689629,922.126065197892,-191.36839808920016,-259.62791265990705,770.6027384436471,-270.05300027890314,-478.2598415879239,-651.4032115044912,151.20355018011085,-114.0144180318302,-645.9166274191077,-453.5493243522001,294.2511427189704,-687.0891642122808,-270.18596231031154,823.3928141156064,919.9296677918236,829.5329750373618,602.8603731437044,-180.58134557967213,-636.4282203838641,-605.3106168462613,-684.4381063394062,-76.62905311859849,807.6185819288594,248.5443766636895,-500.00188463055485,688.2447007057589,-133.39333170651437,384.2742578803088,354.0620028562773,261.8444826484561,-367.38010008027913,-794.0753319265434,-584.807662590788,-543.772504825866,-212.71452218054063,-574.6972492906234,-743.1476647579352,-193.47174718202916,-580.9731121113708,380.9000546393665,746.6292788918621,866.0871661022633,638.3107459880093,-194.5209654170619,-406.17832065249473,-463.6336541859515,-445.8488950548074,399.9644086773969,689.0393783006533,-109.86773377891024,-313.3507095589651,-302.12557718637163,-550.9017849129497,-467.062802221591,-344.412871791349,-487.1190506127563,-498.989132220559,751.3600637193234,268.31544457488906,613.5058323499569,761.6514585955249,-199.34373072902343,-605.8783455066119,-621.8959171314572,-580.1966642404577,-824.5640013554947
-500.2787562203969,-349.6838273808354,-290.53772455862423,-123.1484363687476,-227.2141243368453,-433.8798555991712,-422.7579329625516,206.9054623776003,451.6618843869842,931.9680379559018,-320.6077546629669,-307.2965656368154,961.4720604938934,-228.14574138094503,-189.32470866299053,782.2234318454229,-301.45703294065714,-494.30381806353125,-635.7165236705154,239.31573979043893,-16.56322312988653,-610.0713078132629,-393.6160210849238,365.77072499580345,-704.7617153617044,-287.4496974193896,785.3680814418129,908.1330085514402,838.2996028655448,577.2703735169179,-97.80524396117887,-635.7066703339344,-624.1153811881727,-683.0476803177038,17.94737702980836,774.550518214856,196.77009891072436,-525.0750682596963,750.1969901559593,-36.83089503245396,460.7342942653173,304.94661165257,210.08261027891507,-367.877848900932,-776.8118872899028,-606.3854652010266,-570.012995026846,-145.95555849689455,-545.9476093501682,-735.0700667125485,-237.73001710753877,-600.7493557312481,456.369447284463,812.2757553865179,830.234472103828,585.5801359039525,-202.8208738539037,-412.9719277067155,-469.4551835483183,-383.1380109261891,350.6138616405704,643.6944020481932,-125.48970593816642,-328.88864411129254,-293.4415985146176,-564.6845921994177,-476.6743574768012,-352.0854550269653,-505.70782570719206,-520.7138831624334,786.3111706253818,211.8610354898423,566.1051366461619,721.6672122187065,-223.1298391403988,-547.0341949982675,-570.1012352904428,-533.8987382801272,-843.5354081783098
-528.775581309792,-352.24384551042715,-300.56506140536175,-143.48429990066705,-237.5656285324116,-444.4559988712173,-457.6884702424782,192.64326831390736,386.5493932435995,910.144000847361,-246.23005328900987,-317.3927017013239,992.0845895448092,-261.321046987221,-114.66667724883322,787.3063908680375,-328.8045651045937,-512.3191566806128,-612.0906955702524,327.3753868363275,83.56718270280803,-565.3039799384499,-326.2032693285299,431.53318308834594,-719.479972604222,-302.6675509136273,745.2919376484624,891.1436742228008,839.3260580195694,547.7481059754455,-12.778788717746638,-628.9349370541598,-638.7231389994264,-674.2244031719586,115.26017531118164,738.7817415263955,147.09795144967558,-547.1646164775585,805.3250347002877,58.87587782496106,531.4831369973327,255.24725154684808,158.48119442944343,-370.0741803098391,-751.2299038054506,-625.9524839166947,-597.104411564526,-72.84404957725654,-507.6200470184996,-719.4051795347801,-278.86675322348964,-617.5829580739384,528.1040134427245,869.7825850999374,790.9596486944382,531.1137062195231,-209.70225941018344,-421.2072970616288,-475.98480575851664,-313.3863525296929,300.2321565104976,596.748953728214,-139.6911263064007,-345.9662743576638,-286.6313460883625,-579.1099604081988,-488.9324835390556,-361.2467879353754,-520.9582735068236,-542.0087471722422,811.9845946224207,155.64339811793354,517.5641619286016,679.5032814409471,-243.30043021651656,-478.1956202151148,-510.0991894646148,-479.6083341236952,-859.4458033595096
-553.9114807522305,-353.76179416828336,-309.13260855653573,-161.3081645620086,-249.89656152091263,-457.2760808957096,-491.3607069981141,179.61371556143584,321.43324692348403,882.6375976955648,-165.8165495136768,-328.15373812551024,1014.1630703323611,-290.7846833559774,-36.79495179718444,786.3112193211707,-352.01995519307366,-531.9033720000214,-580.237718743223,414.0258926577897,184.87802134883816,-511.4786270950632,-251.9574020594017,490.7298893225871,-730.371663425368,-315.9670530942377,703.5376929239994,869.4343451083125,833.1877387428606,514.8374723657734,73.15384269644385,-615.3867159913278,-648.3674499591351,-657.4134080963285,213.88973943507068,700.7245615310462,99.96414612572129,-565.2970288013967,853.1660461274346,152.3028036873218,595.5359156044796,205.31662404639528,107.39583091673792,-374.28476612515976,-716.9913985395918,-642.5837008376665,-624.5010462108007,5.626037089005354,-459.4631216371486,-695.672932129565,-316.5926436732505,-630.6049524032927,595.2134570834079,918.7733105200384,748.6155956327434,475.3667540695012,-215.5013506659748,-430.94351759873086,-483.621029944888,-237.60193718900456,249.15401282791524,548.5184594994115,-152.7761682724959,-364.4931219813121,-282.11422940806364,-593.8264337755478,-503.88036776819297,-372.1294352816504,-532.009846082175,-562.3431979032465,828.3445694270831,100.05938371917752,468.1182976567766,635.5544867044742,-259.9603679939235,-399.8326210151427,-442.2706678009909,-417.7971965603031,-871.5259098483582
-575.5770418849702,-354.64864077034014,-316.603166339722,-176.78529819493525,-264.4841542635758,-472.199117825612,-523.3760311154449,167.56465542212243,256.780436231162,850.0673261543815,-80.33058568492481,-339.92190387908227,1028.026504444712,-316.4958514937164,43.06089606505459,779.7199315422763,-371.112069299695,-552.5445050902631,-540.0339961253313,497.95544069342856,285.83976342519884,-448.6759752402663,-171.70979842993486,542.7339106319498,-736.5573007187603,-327.49657069894056,660.4408318166553,843.4727276480874,820.5167465426231,479.05759621910767,158.62416736966748,-594.4652608984292,-652.3103621483168,-632.2162001323549,312.3907071132897,660.764591594287,55.76298917248654,-578.5125984952664,893.4190799918447,242.10041071646225,652.0803313840855,155.51206610352455,57.18077333647629,-380.7490091457872,-673.9478333692102,-655.3328486403972,-651.570626676494,88.29689409119023,-401.4593587832626,-663.5541717121889,-350.6690947958429,-638.9642068468512,656.936906933786,959.045924583714,703.553754025661,418.8070387719988,-220.57531388234332,-442.1668689394568,-492.7300677819946,-156.97846455734253,197.6898230739962,499.2857497919149,-165.07648548294526,-384.3272901852936,-280.2448662598341,-608.3994238042114,-521.4632447336753,-384.92336758764617,-538.0451152408989,-581.1274791341197,835.5220242628217,45.49510588365095,417.98688830602754,590.1973120343282,-273.2964463259469,-312.66381283800547,-367.1997002632456,-349.1379367118016,-878.988150950071
-593.7327550521119,-355.3326004703726,-323.3446026321545,-190.1207090203748,-281.52200310890265,-488.9820657100354,-553.3549892208989,156.21018287639325,193.04031623820157,813.0307872868018,9.107625220520458,-352.9814227437549,1034.0887774667417,-338.4860759869876,123.61953771216892,768.0170263352987,-386.17739380552376,-573.6282310959803,-491.5361192567885,577.9355955405781,384.93751938864006,-377.2022935889361,-86.45741808046498,587.1048784550818,-737.1767130209485,-337.4244617485424,616.3044533190094,813.7134577186416,801.9759425530681,440.8968670340639,242.28184799600297,-565.7325210869036,-649.8683700645267,-598.4122782541566,409.3330517096835,619.2648292202405,14.834223196695374,-585.8961541143565,925.938161701562,327.0297654146935,700.4897646680639,106.19643766392016,8.185191919197369,-389.6193067623042,-622.1581306736698,-663.2601989820263,-677.6040648704173,173.8814855790463,-333.8400423886027,-622.9128382915943,-380.9202113678819,-641.8558038879358,712.6555017041213,990.5615936313334,656.128320307682,361.9154104244926,-225.2927519890416,-454.78530859723776,-503.6319319530696,-72.85831546451153,146.1339165468954,449.309107677245,-176.9418690914277,-405.2756110594105,-281.3039868784138,-622.3157387907022,-541.521565938764,-399.7673468431011,-538.3170870737182,-597.7198567599542,833.7979684855295,-7.675046293802584,367.38204552229473,543.7936303506588,-283.57506671977256,-217.6450698341509,-285.66476063971686,-274.49015345456576,-881.0481171866546
-608.4140108144012,-356.24868270363527,-329.7233067802476,-201.5549745142959,-301.10932803133426,-507.2758597970936,-580.9404669023065,145.23212692589692,130.6435231378959,772.0942258878258,101.2505590867814,-367.5439507434595,1032.8343543650335,-356.8605664898189,203.58646310971048,751.673065295794,-397.4005588109434,-594.4484079323378,-434.9913431820247,652.8553211177309,480.7149987266981,-297.5902517623446,2.663362859605564,623.5863172636895,-731.4177102581107,-345.9385500584802,571.4053772316392,780.5927878486609,778.2354420983654,400.80988425307663,322.83566380642634,-528.9339544551455,-640.4391818597977,-555.9759823173976,503.3417932859798,576.5705370676609,-22.548654325445085,-586.6084714145915,950.7201780814428,405.9931239486306,740.3289218837133,57.7370448441594,-39.25142183730712,-400.95184457555104,-561.9004839226034,-665.4623788757089,-701.8282803817082,261.0036520413451,-257.0912182076078,-573.8126445539729,-407.24352864319576,-638.5497939029416,761.8984933051082,1013.4290509907958,606.7003976839381,305.1841974978857,-230.02358979085935,-468.6240754594784,-516.5870534381476,13.310834066220956,94.77206341595723,398.8302131462648,-188.72965310372064,-427.0936658868752,-285.4903014471137,-634.9908986523349,-563.7864429930972,-416.7400795871626,-532.1762005732288,-611.4366098435456,823.5839654158432,-59.09048198915835,316.51623279674885,496.6941917373679,-291.13715681998406,-115.9491889288899,-198.6223734421008,-194.8796167436401,-876.9489655062782
-619.7336630024881,-357.8275146433614,-336.09798789585165,-211.35896817953213,-323.2414121873577,-526.6243958446564,-605.7996489622061,134.28254110002118,69.99953831416255,727.7861449055982,194.7589293746285,-383.73541660897257,1024.79556468696,-371.79723380610034,281.6926851121277,731.1323213578795,-405.0521386152116,-614.2211262018747,-370.84180789202696,721.7489134909101,571.815115109217,-210.5914748446941,94.40864195661251,652.0962086561724,-718.5459166624752,-353.2458294205222,526.0002637460291,744.5258113336549,749.9523893415951,359.21697224810936,399.0910896891105,-484.0176393313592,-623.5281784652994,-505.0874975950586,593.1334636756729,533.0142313852192,-56.18844143240505,-579.9173278882929,967.8887446713686,478.0582605664768,771.3523119276434,10.50259556356446,-84.80452816277842,-414.6991756375057,-493.6768841905188,-661.1033940696536,-723.4220899771136,348.24177856984386,-171.95014612733115,-516.527078021352,-429.6187373807367,-628.4192906114649,804.3430869441743,1027.8858823475866,555.641562931378,249.11318230433685,-235.12861415126787,-483.4227758662524,-531.7838035912645,100.0237553260843,43.88761985604751,348.08137512092685,-200.79318264232208,-449.48572805740594,-292.9133874753637,-645.7794414879295,-587.8777404692928,-435.8514271883868,-519.0960473549286,-621.5648247338414,805.4008471590531,-108.40761244693252,265.60821445271324,449.24137328797576,-296.390424310648,-8.937056803430632,-107.18346370514544,-111.4711272984412,-865.9880989472643
-627.8820517821913,-360.48365944915344,-342.81367466414065,-219.82769851138312,-347.8015554240134,-546.4668731768372,-627.6251721677357,122.987460423888,11.492966883419294,680.5947168350772,288.2415744120692,-401.5847834936487,1010.53240915743,-383.543264845836,356.7317894277513,706.8047551211531,-409.4837005184649,-632.1022142139803,-299.72181085319613,783.8167702700038,657.0155796996787,-117.1608334123847,187.46326477756827,672.7118749278765,-697.9346075228286,-359.5721976355711,480.3311652351784,705.9058607953388,717.7545977404477,316.50582408501566,469.9828311299551,-431.1465027127218,-598.7733423357877,-446.1371184721329,677.5476653205448,488.920155067617,-85.97208356465484,-565.2270764673405,977.6753887644314,542.4756789868765,793.4961896906332,-35.14166626628856,-128.17026808054666,-430.70485718825336,-418.20953761712246,-649.4458697520715,-741.5350534073324,434.1738649600522,-79.39188535308602,-451.5418312719307,-448.1137572850337,-610.966805676376,839.808591974851,1034.277933000052,503.3363950683811,194.2031795868552,-240.94892823443968,-498.83435967259487,-549.3272786464521,185.7674674097665,-6.234126668085877,297.2915762774582,-213.4697121068423,-472.1047747035543,-303.5877008631954,-653.988353636403,-613.3051520484102,-457.0340386006872,-498.69676906968704,-627.3779445612844,779.8567435635892,-155.30411241978422,214.88711570070635,401.7708003491149,-299.79913717475364,101.87872985576604,-12.583309043568596,-25.535995010920363,-847.5452391516584
-633.124477226951,-364.6036531409218,-350.1957297949341,-227.2735180353884,-374.5549254388576,-566.1438076163141,-646.1359059735847,110.95208315326816,-44.52132382870124,630.9685049098276,380.2977060959144,-421.0152373858284,990.6155433812492,-392.4092807422915,427.59364665802417,679.0622655672539,-411.1201832446002,-647.2080247268165,-222.44776971490808,838.4384009534311,735.2581602876376,-18.432909777353345,280.4798410324517,685.6504758836111,-669.0932433742744,-365.1619288016221,434.6300417687021,665.1056429605937,682.2283730777085,273.0347525410388,534.6010151228483,-370.7027608118845,-565.9673832745815,-379.7221248725653,755.5723745139614,444.6077261456316,-111.87587314860676,-542.1055524316187,980.3994117127638,598.6882970356412,806.8648884626964,-78.84037332466136,-169.0713987989885,-448.70043762427423,-336.42870499505267,-629.8813623271088,-755.3090442159091,517.4217596746089,19.393801134428436,-379.5491333176511,-462.88767133231227,-585.8476858325424,868.24575026867,1033.0379992279354,450.1836113360373,140.94741901722486,-247.79556034581128,-514.4263987967967,-569.2296725239812,269.07066894786755,-55.3036793395614,246.69100897886256,-227.0681223353307,-494.5528000192041,-317.4278609647574,-658.8936430788806,-639.4725410912112,-480.1358334235819,-470.7650495964317,-628.1538998976351,747.6253668066051,-199.4840479375853,164.59448541442862,354.61159037751884,-301.87170138176634,214.8763977496153,83.85365698029482,61.5846169270265,-821.1107890446291
-635.7961942880391,-370.5339900308216,-358.5436810565708,-234.0189794372175,-403.1447354971596,-584.9068895806977,-661.0777780943577,97.76742258226568,-97.72399591278284,579.3198511990955,469.5593626719081,-441.8382762284729,965.612822233472,-398.7612116372516,493.2933080867079,648.2388747284302,-410.4497948347114,-658.6391826184954,-140.0009093188438,885.1775762812939,805.6706555600394,84.30851946104417,372.118665642469,691.2465185358838,-631.6933205634261,-370.2765368355799,389.1219139767069,622.4796340123246,643.9105723794767,229.13698535912997,592.210148097704,-303.28402018553805,-525.0758045234115,-306.6359543032137,826.3620403521934,400.39359829172895,-133.96768054504653,-510.30710967809495,976.4477187952258,646.3335857333875,811.7126690440629,-120.25561742944096,-207.26317750879304,-468.3051051511035,-249.45194058716848,-601.9584723112752,-763.9021711991293,596.6924086755682,123.03450555287708,-301.4338756310412,-474.1902131136591,-552.8895268301519,889.722320919555,1024.664838925669,396.5955756784024,89.82110594336946,-255.9394448818739,-529.6850436631986,-591.4025325446195,348.55040293434723,-103.02721692396888,196.5139323854218,-241.8568374938942,-516.3817347343798,-334.24539785812993,-659.7599279760823,-665.6857611856296,-504.9138113405892,-435.2696357990845,-623.1955063883094,709.4253245824983,-240.68357745373515,114.9843767574324,308.08512515930494,-303.1463712625566,328.37191179354363,180.7526118038062,148.5189761542165,-786.3132081913715
-636.2950652004447,-378.56929349626085,-368.1246926793972,-240.38960859396985,-433.0912098019175,-601.9327180354915,-672.2250077703576,83.01836890678723,-147.83769480678086,526.0301959611179,554.7318940005816,-463.7511221342946,936.0795274273088,-403.0101144261698,552.9939008948759,614.6342655662017,-408.0117171054271,-665.5068099779197,-53.50313271661387,923.7799771529328,867.581016595177,189.66676583634109,461.08664213892905,689.9277845571788,-585.5901628375843,-375.1926748331563,344.02648481774565,578.3672562634888,603.2847129726773,185.1254383396672,642.2603872096382,-229.69089928133135,-476.24974538406417,-227.84974550049017,889.2479920930631,356.5921311569014,-152.406055564833,-469.7906200358418,966.2557443253112,685.2385168587742,808.4223353037163,-159.07525095700123,-242.53894657541176,-489.0283170611957,-158.5552175506359,-565.4074189840941,-766.514515008956,670.8142119522897,230.01495763189996,-218.2518711866157,-482.3576856756104,-512.106504820852,904.4061185942596,1009.7033698732648,342.99607247071305,41.26968499268917,-265.60197047508603,-544.0219540340693,-615.651164813498,422.9537425651683,-149.1085819922486,146.99981350340315,-258.0522905193122,-537.0953274981478,-353.74717656015764,-655.8627337615112,-691.1640900883426,-531.0296953932564,-392.3714047113532,-611.8526656295119,666.0010467711993,-278.6768665381183,66.321558730196,262.50240615515133,-304.17547771967526,440.6682166083472,276.7288633384524,233.90500139865856,-742.9440072548671
-635.0720565817284,-388.9409178614718,-379.16655330581534,-246.70683174989497,-463.793805559214,-616.3402926287401,-679.3820257241531,66.29301230553834,-194.6338421049015,471.4565642023328,634.630460429027,-486.3378075803556,902.5521564295012,-405.6002340728733,606.0227000077904,578.5199139738954,-404.3819811267904,-666.9605751960005,35.813044095116275,954.1641018102318,920.5234289553224,296.1727232496185,546.1733759142218,682.1909974901639,-530.8393704154971,-380.19875469646377,299.558221086622,533.0963805445853,560.7807459735445,141.29743042118963,684.3911000071694,-150.90648036419424,-419.8326155798201,-144.48676220768098,943.7411545599664,313.51422566326363,-167.43620274915847,-420.73137072584495,950.2903731197192,715.408007836572,797.4819048714074,-195.02141018396944,-274.7351998018604,-510.27571453380966,-65.13696365812565,-520.1597418928147,-762.4149726720882,738.7669454795018,338.7228198943588,-131.20102796985904,-487.8053702353909,-463.7076996695653,912.5467235025096,988.7267365731228,289.8163611201254,-4.303553696964133,-276.94627201936925,-556.7843849478709,-641.6714331191154,491.1926144414656,-193.25318051753604,98.3928198030208,-275.808242501876,-556.1523706330646,-375.5357304480058,-646.5129922523511,-715.0553103902456,-558.0479263749827,-342.4271523832936,-593.5457528771007,618.1057193207765,-313.28183249804795,18.87804663025316,218.16017583210535,-305.5085972158984,550.1045883746553,370.4281822028928,316.42964096400107,-690.9789271285939
-632.6198068820867,-401.8062404645591,-391.85013455564894,-253.2812394793383,-494.5371328501994,-627.2119984864058,-682.3862518759626,47.19301226170904,-237.9393913557068,415.9384857658864,708.2108309903479,-509.07419632224486,865.545432305415,-406.9956649560094,651.8799565824546,540.1469465819923,-400.1579319885348,-662.2177449079252,126.63923489656304,976.4065021329948,964.2365431145216,402.3277618473845,626.2828025057048,668.5784003657458,-467.7068199015749,-385.5900518771608,255.9250316340501,486.9867420300309,516.7779550219993,97.93886242254636,718.4270832603584,-68.06836249230895,-356.3598022819865,-57.79064204177919,989.527544316693,271.46461640409893,-179.38299500125453,-363.5259650047556,929.0354921476642,737.0078362040348,779.4605869045595,-227.8587484244396,-303.73594672200835,-531.3585818194732,29.323459675935705,-466.36188867779737,-750.9683324201086,799.704155621661,447.498412278308,-41.58663538801383,-491.0166442381534,-408.0986948778407,914.4570094238558,962.3207341803404,237.4896360726573,-46.54981618398789,-290.0694300297813,-567.268463981197,-669.049176703641,552.3703196042078,-235.17349236534116,50.93980844705016,-295.20621982075033,-572.9716515632599,-399.11174849406507,-631.0830256403289,-736.4543528608373,-585.4365078697838,-285.9865107520683,-567.7894276832266,566.4864393900817,-344.36535357329313,-27.071802788255265,175.3360853674933,-307.6751120489005,655.10385716843,460.56502066822907,394.8656635824139,-630.5939162978812
-629.4595176903089,-417.2389220050856,-406.301371012884,-260.4062976268415,-524.5009428634546,-633.6176723783784,-681.1117771177093,25.34475882223861,-277.64312689425645,359.8046914924472,774.5931923984465,-531.3370923334046,825.552011979404,-407.6660066855026,690.2404774654026,499.7548163862075,-395.9417324305916,-650.5922619038126,217.62903747886983,990.7226338818132,998.6544004375488,506.6470562569875,700.4590214547286,649.6562173416161,-396.6713638468568,-391.6621673241612,213.32579797450467,440.35291317421775,471.6103357325705,55.32745924208889,744.3681545702372,17.565477900081305,-286.5510726726961,30.911186346068117,1026.457438919477,230.7378204638473,-188.6413374708877,-298.78956967282033,902.9805259085616,750.3432188301952,754.9852172585769,-257.40188539539696,-329.4762332665506,-551.5070228401768,123.31088317813948,-404.38164265904913,-731.66154830353,852.9674253082757,554.6860390272614,49.21767502310643,-492.5291602970223,-345.8760261927368,910.4954879430484,931.0708908879502,186.4441067609908,-85.18636558034977,-304.99573369302715,-574.7355346653873,-697.2624559666452,605.7988379266307,-274.5958052746173,4.887012249675522,-316.24730377528954,-586.9389801438097,-423.8789684346103,-609.03309114176,-754.4252845694772,-612.5711498485807,-223.78169771870503,-534.2159706869858,511.8716501182814,-371.847630069636,-71.2573405594212,134.28325265227755,-311.1666308503848,754.2153822522899,545.956844676699,468.1042659048901,-562.1746656829741
-626.1264433861395,-435.2204371999633,-422.5829212772831,-268.35253125964687,-552.7744422189306,-634.641196451498,-675.4738632168584,0.4110595578295779,-313.7010572234846,303.3790314047329,833.0781816992045,-552.4174667449255,783.0442345909854,-408.0714290945488,720.9483467562002,457.57991362519147,-392.3233670150853,-631.5227391250123,307.43722555774133,997.444717061298,1023.890930505824,607.7013578265701,767.9053912156851,625.9957519930164,-318.41970218945266,-398.70283819444666,171.94709293758964,393.5065404567332,425.5737537697617,13.734769739007245,762.3731060297528,104.65544040828676,-211.2956904753636,120.24725617023208,1054.5294439866284,191.61301660686044,-195.6643132144093,-227.34515716851837,872.6120409186407,755.8344048740116,724.7181478937913,-283.5216323681791,-351.94471592179235,-569.8869018542189,215.3208375093749,-334.80663640313327,-704.1280674750487,898.0924064351408,658.6844923738952,139.81145760478196,-492.9185360139171,-277.8144050442407,901.050265507398,895.5523331694975,137.094982532946,-120.00660187376096,-321.6711650221864,-578.4312772504859,-725.6868173676836,651.0065658645054,-311.26771986083094,-39.5243393176125,-338.84549538113674,-597.4165797386938,-449.1517253274157,-579.9373768711465,-768.0262734189499,-638.7430681969958,-156.71015787473573,-492.5971418855244,454.9607917464803,-395.70545938369895,-113.41849540652916,95.22458638398884,-316.4197478201905,846.1519251846922,625.5530833003146,535.1821540988723,-486.31870532687753
-623.1542720213012,-455.6332032498413,-440.685784395853,-277.36212272652034,-578.3750410940838,-629.4089283359393,-665.434045982693,-27.896906167586916,-346.14044872920687,246.98517262197717,883.1548795906263,-571.537694581048,738.4771703984894,-408.6475644383166,744.005534328503,413.8633128650288,-389.8636052750461,-604.5981621729628,394.7584174271826,996.9980141521388,1040.219171549769,704.1553322324277,827.9963713858681,598.1576484485444,-233.83327539163852,-406.982210803128,131.9594601973132,346.7576179343365,378.9341686654314,-26.57327433114777,772.7392073421506,191.82181848866207,-131.6306824424392,208.84312007184243,1073.870905170173,154.3481740768725,-200.9496202342378,-150.2047526320669,838.4082667566945,753.99070690201,689.337396532157,-306.14963654345803,-371.1852169011993,-585.6204358932094,303.9051326600386,-258.4345743303716,-668.1690015347559,934.806975100771,757.9943570577165,228.80947630530355,-492.78007194340125,-204.8470400756187,886.5251824920482,856.3223941612207,89.83570111699325,-150.8880310926669,-339.9592722156696,-577.6071653354699,-753.6037439101232,687.7366960276003,-344.965933923885,-82.06320045367617,-362.8228807411572,-603.7550348502099,-474.16538240810667,-543.5081976368642,-776.3369945839233,-663.1706670468753,-85.81053459643678,-442.8634835593288,396.416022920723,-415.9742674064457,-153.31312167794093,58.347258196063976,-323.7996197309934,929.8189460566234,698.457576715358,595.30208971371,-403.8294034745689
-621.0587109536973,-478.2556550513013,-460.5212594292406,-287.6437947338545,-600.2714617600215,-617.1191464342562,-651.0055118124311,-59.80761473825654,-375.062067945654,190.94974201779385,924.5010000661166,-587.872540100169,692.29221008812,-409.7906350221224,759.5554250541265,368.85699197557096,-389.07736720305377,-569.580045758527,478.363404102492,989.8768554857636,1048.046568668144,794.8008252195701,880.2820387121021,566.6796244025659,-143.96744325133315,-416.7418094274533,93.51362564735332,300.4146380775278,331.9362425440796,-65.33732352557345,775.8785605242775,277.6870886971002,-48.71309443728534,295.3617801693915,1084.7162133233855,119.17377323049176,-205.0248401441269,-68.54310387704761,800.8361841969667,745.3843843180703,649.5196493288594,-325.2811940361588,-387.2972066321888,-597.8101483672688,387.7143022605168,-176.2552204723433,-623.7699426928178,963.022266401006,851.2599347413657,314.8822160606685,-492.709058276445,-128.03978484374366,867.328475419331,813.915777637039,45.028778588416856,-177.79760181981013,-359.63861978488904,-571.5436826798497,-780.2124186345117,715.9369562590418,-375.5038071376621,-122.51441267223022,-387.9068335688741,-605.3078597283802,-498.0898178842418,-499.6170620464779,-778.4877673966042,-685.0151654694721,-12.232800275379343,-385.1199638684553,336.8558190752838,-432.7488107543712,-190.7244783729684,23.797691096780703,-333.5848315952775,1004.3353124877164,763.9438418485901,647.8462744118935,-315.7016169987615
-620.3206188531753,-502.75962681211456,-481.91373829796566,-299.3678097037885,-617.4109278166898,-597.0715692725856,-632.2583263996005,-95.47746659456044,-400.6402529443132,135.60367714209215,956.9759490958478,-600.5734623012758,644.9204757635523,-411.84320895483336,767.8625100547163,322.82803680295507,-390.4179098544111,-526.4198109732894,557.1314885100722,976.6215880435028,1047.8878211378176,878.5837683277675,924.4856174278716,532.0677873648774,-50.02364177036442,-428.1825500744488,56.73697832911001,254.7835293893262,284.8117182428057,-102.3070648947644,772.2926410021354,360.9169738844181,36.21256951026663,378.5416327889895,1087.3845313430218,86.2864677874269,-208.43206864167425,16.335379431179273,760.3506819141252,730.625695013619,605.9264871458804,-340.97609750754754,-400.4351679749428,-605.5657079611753,465.53498170297786,-89.42466203784352,-571.1123162092036,982.8176615893128,937.3039400170738,396.7930036758283,-493.2802588466228,-48.560210884215984,843.8640936667675,768.8419638278939,2.99668471903664,-200.7940291067096,-380.4020279779388,-559.5746101912903,-804.6448689545527,735.7418514782421,-402.7382368428137,-160.68465054882864,-413.72950329136233,-601.4485917021992,-520.0460491374598,-448.3112875015249,-773.6895331323462,-703.400039745313,62.79627067947249,-319.6568820030441,276.8502356095102,-446.182520086564,-225.468501607845,-8.322598327967942,-345.9540071436384,1069.044919188016,821.4629326738735,692.3823542450524,-223.09919704857552
-621.3690642082921,-528.7103932999438,-504.5949006208264,-312.6609182111893,-628.7499291314839,-568.6959021931315,-609.3240355343698,-134.97958979164645,-423.12051478161726,81.28164095690117,980.6077762610648,-608.7956349337641,596.7854328416216,-415.0809637681659,769.2895993952627,276.0605540940673,-394.2622210112896,-475.2702569706198,630.0774617873518,957.7974166971464,1040.3367763901365,954.6238597132736,960.4947225834948,494.79147269028414,46.68437467897657,-441.4522540764056,21.730601770488,210.1653636804541,237.78703605352888,-137.2450145254684,762.5463200530651,440.25841145746966,121.85025949202854,457.230270089084,1082.2583400815556,55.84303404700512,-211.71240071961904,103.03515530962952,717.3951878840912,710.3402502390834,559.1939861804423,-353.35750096495565,-410.8067989898975,-608.0329922429734,536.3206920902421,0.7671981092886117,-510.5783363757237,994.4210178553644,1015.153571733962,473.4301211447906,-495.0271813468424,32.35699663380947,816.5256220268551,721.5844446142876,-35.98684174293741,-220.0268989747668,-401.85783877930015,-541.1115970053701,-825.9844744321438,747.4488720705278,-426.5754416288746,-196.4083380995878,-439.8298420239184,-591.5901228891806,-539.125942560521,-389.8249413363649,-761.2636187195772,-717.4339478950883,138.01080258609753,-246.95504059251505,216.9176241096373,-456.485494996435,-257.400555492033,-37.96001483058228,-360.974602026969,1123.5192281118173,870.6441118408278,728.6622221002361,-127.32502692044694
-624.564737046925,-555.5696953461124,-528.1999209211633,-327.601134323633,-633.2878204652751,-531.578281026294,-582.3991381709731,-178.2935212425081,-442.81447384415947,28.319447523756818,995.5752931954936,-611.7268976470776,548.3042239207864,-419.7008322726613,764.2739450953544,228.855234598672,-400.8979666006088,-416.4902033352064,696.3721955076996,933.9758679374536,1026.0388082040424,1022.2266122906904,988.3472967411304,455.2813956879989,144.76873014788987,-456.63320532349866,-11.432936284116105,166.85289650424366,191.089749855493,-169.93139199410052,747.2425653140729,514.5728003526941,206.89000749116624,530.4127774328941,1069.763976134757,27.95493678358547,-215.3907101083816,190.1119205209575,672.40314340747,685.1495585572532,509.9256364100646,-362.6088915337809,-418.67001456386544,-604.4245341914459,599.2149755322309,92.9345654795558,-442.74889161192,998.185544159908,1084.0571031892946,543.8326580744014,-498.42175963243153,113.4467282541196,785.692616167049,672.6013089313225,-71.70463006990073,-235.7325425823723,-423.533461463516,-515.6681500020763,-843.287705857208,751.490340135141,-446.9753448351629,-229.5532880830565,-465.65841468623256,-575.205770450457,-554.4147880876318,-324.58309337791843,-740.6700955091334,-726.2365947869334,212.14499707253617,-167.68434821886893,157.52260721989012,-463.9211904467112,-286.42138350225144,-65.1105341975647,-378.59429712785686,1167.5512208149876,911.2889424535324,756.6141608416937,-29.784729709999684
-630.184187615764,-582.7020208246249,-552.2662937091222,-344.21229772360164,-630.1022721196648,-485.48443250523474,-551.7469537933868,-225.2961472780002,-460.092057320037,-22.95045603487862,1002.1867741344504,-608.6176898631157,499.8874135203538,-425.8109058564634,753.3036109672448,181.52671355745505,-410.5122965979866,-350.6416782627756,755.3562293540698,905.7193568058834,1005.6649800114768,1080.8878116673225,1008.2134162722144,413.9307896003574,242.80829985757032,-473.7303602222003,-42.71090831365744,125.12609185486215,144.9533950174855,-200.1697319134875,726.9988734679998,582.8632313390814,290.04557194822473,597.2335262497337,1050.3550411039537,2.683815488577221,-219.9610979075712,276.116919546814,625.7997055122831,655.6553494837995,458.6883374756361,-368.96934787024674,-424.3287177052096,-594.050334743673,653.5663170738951,185.6374060708189,-368.3940169460071,994.5647400817628,1143.4907180012185,607.2092782338735,-503.8550874003123,193.4505537609064,751.7290511647584,622.3266677782807,-104.00268448767166,-248.2268720681173,-444.88144626496455,-482.8821126274661,-855.6088166756637,748.4026619688127,-463.95436423675534,-260.0258523007772,-490.5852081450769,-551.8513609177543,-565.0163236057382,-253.1986770735741,-711.5334536935725,-728.9667945176294,283.97198811617614,-82.69525912074376,99.07515425322796,-468.8018579848293,-312.48203449844544,-89.81984972777036,-398.63538377341575,1201.141677752843,943.359731059519,776.3291794240786,68.05440436585354
-638.4054033468421,-609.3843339645141,-576.235826924681,-362.45848827309067,-618.3853615871345,-430.3783698057933,-517.6974681435346,-275.75430227543205,-475.3710157722821,-72.20529663115425,1000.8566882138716,-598.8108804533149,451.937007694662,-433.4224698114882,736.8953011176438,134.39904356507108,-423.1827743302405,-278.47940915356503,806.5461522943397,873.5690957669196,979.8890939377844,1130.290835235245,1020.3742534775776,371.09910263069503,339.39032077423906,-492.6608556993033,-72.09081746859677,85.24687154672053,99.6205514042977,-227.7928259737976,702.426313955531,644.2947964704721,370.0904378595157,657.0108579105569,1024.499231155973,-19.96184085287542,-225.87331189352653,359.64113264334105,578.0031315279962,622.4279522804318,406.0110823848384,-372.7273297681007,-428.12733144650514,-576.3478628687844,698.9347525328343,277.4248992823141,-288.45600382478665,984.0867429404173,1193.1558942729423,662.9495269356936,-511.6198474130798,271.15260264514814,714.9835128500099,571.1724149662662,-132.7952236929326,-257.8955583059374,-465.2883006276412,-442.5356589692928,-862.0270302044526,738.7947505877797,-477.5865344328877,-287.7754124282441,-513.9106034862151,-521.1873889034551,-570.079590565679,-176.46165794551695,-673.6642879610527,-724.8518031797332,352.34058448272305,6.997203338200834,41.9306577358902,-471.4828247067002,-335.5876005279449,-112.18197533239824,-420.7924967226755,1224.4790412671816,966.963487328776,788.0426352283295,164.707396145535
-649.2952549189464,-634.8193436679754,-599.4602519166634,-382.2384721950994,-597.4788938676342,-366.4355031640425,-480.6448402462768,-329.3194178454223,-489.10395098750206,-119.1397977581291,992.0818502357262,-581.7703064840956,404.8427801889695,-442.4445335339221,715.5746733416322,87.79970946149953,-438.8706598013526,-200.9328080407452,849.6339832836054,838.0363638981365,949.3684775319166,1170.2976263211262,1025.1995109555126,327.11774336668367,433.1507593983314,-513.2454639647829,-99.5898759663287,47.45341018472895,55.34393734450702,-252.66856270775813,674.1118644146441,698.2074953932234,445.8906380200215,709.2444582617212,992.6688011887776,-40.02860732976742,-233.52035926499929,439.3572702223655,529.425408000541,585.9986982667049,352.3858330029926,-374.2132789981531,-430.4441106210779,-550.9099309301457,735.0904723302001,366.8786451435807,-204.02562200727576,967.3292936137104,1232.9681604461089,710.6277426133664,-521.8950694156049,345.4127101072865,675.7907245611566,519.5298665855404,-158.0678810148795,-265.1820812213751,-484.0861938444463,-394.5718105641137,-861.6755663625977,723.3172873056411,-488.0030005943361,-312.79807863720595,-534.8795972072583,-483.000131434096,-568.8268044456714,-95.32066828119376,-627.0757418388336,-713.2168408611159,416.2082394839446,100.23666769243351,-13.609012791837904,-472.3557101036305,-355.799667366489,-132.33636853545693,-444.6339998688451,1237.9143615817763,982.3327006448912,792.1123983486594,258.7163836443437
-662.7993389631317,-658.1522773240108,-621.2107562222354,-403.3804663652129,-566.9073854717341,-294.04918025412303,-441.04238505802425,-385.5245900589333,-501.763175417439,-163.47512381042745,976.418233776735,-557.1067823227378,358.9770873854513,-452.6811891534823,689.8599302354182,42.05267238464061,-457.41674929579136,-119.08109401725442,884.4801294393275,799.5969679155447,914.7290800226732,1200.9343774874956,1023.1246040380906,282.29728695133025,522.8115528046278,-535.2026113871565,-125.25364899995392,11.95435423400346,12.38546670743897,-274.7052474072293,642.6045060316154,744.1216790683436,516.4330678832002,753.6156097762141,955.334570465662,-57.618457644686025,-243.22745887523408,514.0576294153984,480.4718213306343,546.8560440591048,298.2700298242676,-373.7913181484301,-431.6832854594746,-517.5090472299512,762.0050754944589,452.6535946057646,-116.31235063560838,944.896357859668,1263.0384758858177,750.0000266554025,-534.7338165208532,415.19551089088736,634.4739936577568,467.7709067752416,-179.8788788417253,-270.57427747852444,-500.5675924607506,-339.10650594744686,-853.7716464709039,702.6343181332011,-495.390011425671,-335.13948863607646,-552.6992504872538,-437.22048346776165,-560.5812489961851,-10.857743243184109,-571.9935963340753,-693.5136070054892,474.6688197744373,195.7552297080205,-67.29342138505795,-471.8406948831073,-373.2374302998021,-150.46373483706728,-469.60726105279696,1241.932957328,989.8042676544588,788.9948933005231,348.6941189573383
-678.734719274127,-678.4909837678281,-640.6915734571894,-425.6375989533863,-526.4070638477945,-213.82988272909077,-399.3950038329841,-443.78439318716175,-513.8238372932631,-204.9684437655716,954.459489937503,-524.6003430612647,314.6884804704345,-463.83208338518006,660.2492140629297,-2.5290635027046595,-478.5399491640332,-34.122612643788806,911.100813193299,758.6885819050744,876.5551560465382,1222.3731467877155,1014.6287648221256,236.9354811971413,607.2130670503776,-558.1455133531559,-149.1539815096118,-21.076634403680465,-28.98669815368544,-293.8560400591437,608.4053281803637,781.7363678864273,580.8482431039024,789.9808563869266,912.9631189620812,-72.8874195668336,-255.24241331702845,582.6861221997003,431.5393141529824,505.44490279772486,244.0901574591844,-371.8503167753917,-432.2661223169845,-476.1168322578746,779.8364019844961,533.5148226188611,-26.609895217242336,917.3972473285576,1283.6488048083786,780.9950485756439,-550.0543410207525,479.5944059207249,591.3481778817197,416.2483807854701,-198.3580923534883,-274.5900396733895,-514.0027338709414,-276.4353350816654,-837.6464254190075,677.3984407233677,-499.98559434774455,-354.8966089009792,-566.5592116210437,-383.9392496311519,-544.7940675724562,75.74275919254642,-508.8591159256015,-665.3465266409241,526.9740563944558,292.20873056758705,-118.92031252218864,-470.3779652258016,-388.0774575400412,-166.78075676369295,-495.0479653871452,1237.1244447178622,989.7978474306084,779.2203518007665,433.36410435012107
-696.7860236191376,-694.9290331721892,-657.0575721794555,-448.684514837075,-475.9492392916527,-126.59659258267804,-356.24920945817684,-503.39772019933577,-525.7458382926337,-243.42252744605776,926.8179786927,-484.2175493051159,272.2945178831292,-475.4962192616935,627.2120469190714,-45.65090157768709,-501.8387382805503,52.66024440377935,929.651096156828,715.7105537422515,835.3835238987997,1234.910709216124,1000.2150852287558,191.32532977219165,685.3404556678144,-581.582880789702,-171.3863521690774,-51.50563022330075,-68.50296178502482,-310.1222356927814,571.9616755683785,810.9211288029409,638.4267801474721,818.359906837946,866.0166294124658,-86.04252951177241,-269.72743357176745,644.3631345079817,383.013614910438,462.1685356927662,190.2457983226889,-368.7945594165998,-432.6210192097493,-426.91716154592257,788.9080767890125,608.3685396753257,63.74143446237981,885.4288840188738,1295.223642172409,803.6997066189126,-567.6351670603765,537.8496075751877,546.7228062084355,365.2956043273581,-213.70402487425287,-277.7627885132801,-523.6596855945336,-207.0342091990576,-812.7736487628001,648.2305432900753,-502.0751142568001,-372.21843514897546,-575.6549989559728,-323.41769414314814,-521.0687422606698,163.2295953821683,-438.3240762517304,-628.4954540492117,572.5479265491648,388.21593907213344,-168.33102699661185,-468.41846038206256,-400.55209069492446,-181.5340479387417,-520.1935108304552,1224.152715414764,982.7947879747488,763.3685317803224,511.5955324836872
-716.5052927327521,-706.5713199500082,-669.4355821515087,-472.115617322595,-415.7565162834415,-33.360199310414195,-312.18107407708254,-563.5538797277896,-537.9551385281312,-278.6947389924346,894.1088654377236,-436.12280933937416,232.07423844501173,-487.17921685105296,591.1847734742953,-87.0437222648705,-526.79564719069,139.9388780777798,940.4047726373695,671.0257112437554,791.7021119978389,1238.9459389141518,980.3933141598828,145.76249593494055,756.3430177385632,-604.9235326941558,-192.06681862792624,-79.24217251664088,-105.89874221452536,-323.5552141605746,533.6651675221385,831.7024782907698,688.6292449404892,838.9188219048519,814.95470544295,-97.33714962732316,-286.7524226832884,698.4022938512396,335.265256136375,417.3922995281487,137.11364267317074,-365.034207106623,-433.1727855953652,-370.3118816682276,789.6850382901893,676.2861178895945,153.39372490442298,849.5616482728183,1298.299312994554,818.3408225131013,-587.1144531083223,589.3597806031349,500.9050360856476,315.2249850087895,-226.17881718112108,-280.6272558439136,-528.8265618488603,-131.55347996193686,-778.7957365924918,615.704722847937,-501.98590488010433,-387.3054771429165,-579.2135555622211,-256.0923172138526,-489.1820325886192,250.3226997226106,-361.23777911092174,-582.9336132397352,610.9936098218432,482.3997561077261,-215.40442603284475,-466.4140523800503,-410.9464627064896,-194.9936594276306,-544.2004055455756,1203.7272922053614,969.3185771227612,742.0460105968516,582.4315200780293
-737.3159035905005,-712.5615147714753,-676.9489916014436,-495.4454474968541,-346.31053427671867,64.70076550309885,-267.7825949281503,-623.3421328816967,-550.8250845166664,-310.7047870826547,856.9375771616266,-380.6828740524599,194.26077420279327,-498.3040554608898,552.569699870093,-126.47025344760436,-552.7848479091848,226.3773176444236,943.7324544560548,624.963684563101,745.9522641076727,1234.9569378974948,955.6659849733136,100.55128618189836,819.5461100678114,-627.4851089528615,-211.32873397278348,-104.24174556811695,-140.9222170565483,-334.2569883380912,493.8532371151223,844.2459820777146,731.0893848161387,851.9496698458491,760.2374417779707,-107.06479458734472,-306.2897213904532,744.3186850314207,288.6447005477101,371.448559136631,85.05097952118352,-360.9757034853974,-434.331287855616,-306.91824284968374,782.7463972472914,736.5203631481329,241.03002261269404,810.3290465383024,1293.4928096804726,825.2641238776428,-607.993866845449,633.6871265731357,454.20218239653536,266.3258631414251,-236.10149485270372,-283.705996188312,-528.835287825686,-50.80534700455261,-735.5459699201353,580.3386538548002,-500.0811299784275,-400.4079015238574,-576.5203990701826,-182.57308500617813,-449.1001976597149,335.7520022791417,-278.62628994633803,-528.8396791453581,642.0930652098212,573.4283765528829,-260.0492204356331,-464.80728635974606,-419.59409975889935,-207.4464599609143,-566.1654456884594,1176.5772828461224,949.9175423532312,715.865957061616,645.109530742054
-758.5208002513201,-712.1105615686547,-678.7449518688115,-518.1116733701417,-268.35026219044954,166.2713278787053,-223.6471124192309,-681.7648102301911,-564.6584088390947,-339.44063232449747,815.8906651489715,-318.4639314874059,159.03456604949125,-508.2251971557782,511.7373993934437,-163.73051517760925,-579.0829025460744,310.6702866619348,940.0791251863188,577.8252751268107,698.5340735059156,1223.478990104949,926.5181889907998,56.0085550366355,874.4556204338223,-648.5069247524497,-229.3194249353146,-126.50689923570916,-173.34295426498508,-342.37936649559845,452.8136842297307,848.8353408381153,765.6111036008996,857.8478906097055,702.3290327271376,-115.55168808073115,-328.21033841500514,781.8285360692869,243.4768679235557,324.6421433610907,34.39826842077562,-357.0122470584664,-436.4796742248367,-237.55759582860816,768.7569815861613,788.5137578484155,325.4007216979332,768.2212355711941,1281.4717712766196,824.9117629323866,-629.6470739472255,670.556095155049,406.9236072089891,218.8617651252144,-243.83971503112932,-287.496903540847,-523.0861279724984,34.25521711737613,-683.0655067638237,542.5893221993229,-496.75299202946576,-411.8222029653565,-566.9475001328135,-103.63467756871964,-400.9894520480437,418.2951225013237,-191.6645814112203,-466.6031049607213,665.7996614815296,660.054317413576,-302.19470680170366,-464.0208117083644,-426.8710653951972,-219.1896733929542,-585.1502993288725,1143.4289008683154,925.1502787668038,685.4310451598441,699.073344413842
-779.3151598849502,-704.5252834082346,-674.0233440143646,-539.4810904006496,-182.8603038088434,269.9370145745523,-180.35450408238663,-737.7540979546453,-579.6705373189212,-364.9620372838061,771.5298996574065,-250.22106741607257,126.51760243237702,-516.24585958139,469.0314891664152,-198.66620683075084,-604.8826585650652,391.5788312593896,929.9423192020948,529.8874358888647,649.813871267398,1205.0842430078244,893.4110491042014,12.46502493376534,920.7554246327962,-667.1668467121013,-246.1970210903268,-146.0870143665391,-202.9609456296678,-348.12180698075616,410.791616048964,845.8497831007182,792.1598293224775,857.0885888931236,641.70126842864,-123.14832362988892,-352.2817298570606,810.8408719544677,200.0553992414874,277.2558310844827,-14.519515386007464,-353.5144366817603,-439.9624252748084,-163.23539168184087,748.4388679554529,831.8988861458248,405.3562245065592,723.6822501165365,1262.9269672768908,817.7995446859795,-651.3328041707771,699.846226423057,359.3818082017492,173.06731818970636,-249.8003049110544,-292.4618665602569,-511.0720422177248,122.55537336271482,-621.6140867211546,502.8537101859166,-492.4153671995824,-421.8862851829568,-549.9808442880473,-20.2007144074744,-345.21980578097424,496.81218174338017,-101.64269813096516,-396.822078692451,682.2246371944716,741.1493511762413,-341.7800543893584,-464.4466408074061,-433.1886095884696,-230.52478864761332,-600.2089630106913,1104.987239982874,895.5740426147332,651.3199134858789,743.9764182730015
-798.8034952421701,-689.2360549426348,-662.0665027951566,-558.8589253220915,-91.04918165889968,374.22494114065074,-138.45690699265626,-790.1925061403865,-595.9748075763017,-387.40136926793656,724.3892396905774,-176.88025262136284,96.76904005884654,-521.6380741870013,424.7750801409347,-231.1639922500507,-629.3102026151294,467.9620331615118,913.8518981492996,481.4084738752195,600.1329138583408,1180.3638196024442,856.7787073267561,-29.73627050581298,958.2986049542368,-682.6019052019548,-262.1276030504765,-163.0768198028981,-229.6155169018743,-351.7280789363995,367.9980649116969,835.7410418828914,810.8491394569149,850.2028925139088,578.8363694267075,-130.22033805545036,-378.16725100090383,831.4420701598419,158.6370111571534,229.55548015269463,-61.39296413815069,-350.82119688207945,-445.0735091146644,-85.11306530053392,722.5440897240024,866.4916932640983,479.8745952570193,677.1106069581285,1238.548354305742,804.4949060164639,-672.2123167024686,721.5799130941133,311.8925837690132,129.1451013760891,-254.41888988197363,-299.01656865989645,-492.4018188619088,212.93409608166303,-551.6734938818854,461.4737421084214,-487.4959126656214,-430.97286410067136,-525.2464815630957,66.67865671145324,-282.3617070271659,570.2761997819717,-9.92743360210762,-320.29383639089843,691.6184452060963,815.7336567944579,-378.7424494343666,-466.4353849920906,-438.9843065988954,-241.7519658149128,-610.4173968090826,1061.9226882947169,861.7361255392607,614.0773202773195,779.6769636712606
-816.0210451796688,-665.8224247564667,-642.2685649446992,-575.5015929224617,5.681875586351564,477.6471323888107,-98.46568609918876,-837.9369187019146,-613.5701627948625,-406.9614217195549,674.9741856835279,-99.51344194901228,69.7824913420504,-523.665041063634,379.2780653197123,-261.1577058817036,-651.4446946689038,538.8035992692003,892.3521763473756,432.63313758920486,549.8163044624397,1149.9128546554296,817.0284389258699,-70.2444562263392,987.0934851709372,-693.9321899399763,-277.282791011852,-177.61384480131815,-253.193574963422,-353.48185513685576,324.6195308309497,819.0110850041953,821.9236453913043,837.7553819391061,514.2287332852427,-137.13901895690273,-405.42747113647255,843.87461514688,119.43628886609412,181.7945350713548,-105.92983492432391,-349.2310984480372,-452.0449540192873,-4.472926834545293,691.8295518041259,892.2785887656645,548.0832492170127,628.8628055374514,1209.0054536215628,785.5965156854946,-691.3709457086037,735.9060987618656,264.77418477623644,87.26270832256466,-258.148892582991,-307.5213473227124,-466.8208691021689,304.1752319487469,-473.9431352599273,418.7445955986725,-482.4276694718537,-439.4811577645253,-492.5337649037075,155.8549969369109,-213.17523357090576,637.7978399005841,82.0787068210958,-237.9974503668745,694.3482343086141,882.9978933922885,-413.0045720932703,-470.2856340323041,-444.7117048885584,-253.1649578311091,-614.9044859054031,1014.8620639858074,824.1680336169208,574.2079138709489,806.2255008295768
-829.959132765074,-634.0355343518902,-614.1632205160777,-588.6328891454577,105.77855124593349,578.7439831290322,-60.84027241713034,-879.845968984107,-632.3318471543282,-423.91019189702735,623.76293782655,-19.30778947958141,45.485179846504295,-521.605175885105,332.84443378959423,-288.6295406167741,-670.3408025184481,603.2324507095229,865.9869080609817,383.79730502265977,499.1812398251088,1114.3187391684585,774.543351443735,-108.70796570076496,1007.2857244793296,-700.2874095119807,-291.83782327322336,-189.87503613672055,-273.63667597890645,-353.7013597034102,280.8276977082368,796.1916157532071,825.7392034921678,820.3234339546493,448.3852980639727,-144.2717616014004,-433.5236061675439,848.5116073838815,82.62124259967335,134.2177511813121,-147.85812457858137,-348.99420133805484,-461.0361815076921,77.32232530286487,657.0349860837437,909.3986601122576,609.2740692738435,579.2591215701963,1174.9324733492836,761.7161704706712,-707.8432701740652,743.0810808259045,218.3453937462352,47.55027670487547,-261.4501498951629,-318.27298000026383,-434.2285675894267,395.0423237938652,-389.3274486411806,374.92535728860094,-477.6401749764568,-447.82690037615583,-451.8144410944121,246.1144347465148,-138.59195162480745,698.6436234187444,172.97932196044843,-151.0696169322051,690.8728326545078,942.3173795280516,-444.46203644879625,-476.2336623630824,-450.8285697738242,-265.0464647376452,-612.8833281362229,964.38426318155,783.3821415189157,532.1733466268377,823.8460170011938
-839.5939813865797,-593.8161898222161,-577.4486083731695,-597.4634231053785,207.5798432883656,676.1257456487351,-25.97935563081757,-914.8102917614,-652.005599200846,-438.5727214125407,571.2087475657023,62.46964232991272,23.739075395241414,-514.7771358499756,285.7788741066606,-313.61028263995007,-685.0533476317386,660.536803603023,835.2874115750686,335.1320392863392,448.5437954614896,1074.152651594214,729.6870198245185,-144.78388481485626,1019.1378022830368,-700.8353344532684,-305.9700851165475,-200.07278088112457,-290.94646124775863,-352.7331841088697,236.7886197505606,767.8261727912262,822.7415272194498,798.4791396226794,381.8243558097893,-151.97276727129548,-461.82337075422754,845.8287129023915,48.30991431887561,87.0640448063072,-186.93046122852363,-350.3045553851882,-472.1244627448884,158.8734752708567,618.8645598944112,918.1224094847272,662.9116988113212,528.5910039969388,1136.9182886630315,733.4634582671665,-720.6413222950484,743.4476558202937,172.92251170138135,10.098700136489052,-264.77735026746785,-331.4972638607045,-394.6910929184527,484.3135047892648,-298.9152667906416,330.2509488666962,-473.5501071061612,-456.4308070386792,-403.2563024307186,336.2136058681483,-59.68995771036352,752.247129622286,261.42475080566425,-60.77435351511549,681.7166276794962,993.2580799521808,-472.9715473888296,-484.4436617561035,-457.78387142021495,-277.6637524602703,-603.6817179788416,911.019953591612,739.8703775130008,488.3923148418522,832.9121225711547
-843.9182830737624,-545.307507391194,-532.0081188090704,-601.2129053047141,309.36918252742925,768.5100718549055,5.785253754447696,-941.784982751044,-672.2058116985795,-451.3202562944557,517.7428605222842,144.510013366449,4.344029550108976,-502.5650081612746,238.3920507355077,-336.1786335694694,-694.663661370565,710.1716133517936,800.7638826030236,286.8668239986101,398.2236388724757,1029.9642584855133,682.8093475440899,-178.1487954043055,1023.0072177308624,-694.8111958153241,-319.85795575114224,-208.4505549649882,-305.1881066525665,-350.9453792617522,192.6707643557553,734.4554458361101,813.4442345864791,772.7742647004343,315.0727676144533,-160.5742357896882,-489.60956654365015,836.3752377405085,16.568268000746652,40.5684242992002,-222.92953487580647,-353.2934962268751,-485.2968640984938,238.78982016092704,577.9725182804718,918.828465839424,708.6351085265661,477.12934491299086,1095.5011091007736,701.4334561514949,-728.7851275922837,737.4138294435675,128.8152868903098,-25.041316616219305,-268.56844940741735,-347.3422974306517,-348.44886193684016,570.8148219633803,-203.9517130919783,284.9442645379315,-470.5515093647165,-465.7057136452714,-347.2302465473888,424.9168864883033,22.336984380396625,798.2131084915726,346.1496791286592,31.532153795209197,667.4436938735399,1035.5746140411215,-498.3406044980944,-494.998720449096,-466.00375107983433,-291.264314713881,-586.7706015821423,855.2546419062178,694.1044198440487,443.2430102927648,833.9197619094161
-841.9746225059371,-488.86118502014017,-477.9259533821944,-599.1347283897442,409.4278761625286,854.7539281561066,34.191960139848966,-959.8233670972184,-692.4180885549856,-462.55710645700566,463.777497730168,225.50183907507505,-12.957154499282463,-484.4427495258595,191.0040897407701,-356.45961490659755,-698.3070387568703,751.7596155848462,762.8997551358093,239.23182673188475,348.5462787154908,982.279287475042,634.2529269837746,-208.51028677087496,1019.3246323933496,-681.5469869583856,-333.679761333942,-215.2783683350256,-316.4915583108872,-348.7199364143323,148.65142044244135,696.6061960636393,798.4072867950497,743.7285294543759,248.66163642609413,-170.37825107360536,-516.0916935489911,820.7458945954899,-12.59046843843293,-5.037012511030572,-255.67419208200877,-358.0238697806945,-500.4440323966994,315.7330818925497,534.9530135966419,911.9796647666012,746.2528598800284,425.1328995381755,1051.167416024446,666.1975381343751,-731.3347578260226,725.4322203322686,86.32188694684812,-57.85926717756234,-273.2331907239523,-365.8724429801704,-295.91785758057546,653.450510325707,-105.80365683937374,239.22753705522797,-469.0056882413194,-476.0427117269203,-284.3098335643562,511.0329975106303,106.2149332085953,836.3148338191119,426.00609408891006,124.44005858219606,648.6334128179676,1069.2009623765432,-520.3196037125482,-507.8927986856645,-475.8767798330955,-306.0713453176577,-561.7892300515018,797.5342993593181,646.5368500499769,397.0674187530009,827.4580902858401
-832.8896876817015,-425.0366569180746,-415.4964460365055,-590.5421064522839,506.0883277986568,933.8786090233056,59.0499631525831,-968.1109556640045,-712.0065653254547,-472.7056785434266,409.708398595264,304.16925291166217,-28.471861527207786,-459.996889095008,143.9459813557016,-374.6219983521413,-695.2005667497695,785.0865152399982,722.1488100176256,192.4590678339902,299.842695558721,931.5995200624012,584.3591979361887,-235.6182514015879,1008.573018692914,-660.4995256117277,-347.6125685380143,-220.84810774121783,-325.050467032443,-346.4447863588689,104.92112464032716,654.7839362821297,778.2166633659435,711.8213021206612,183.12058284003507,-181.6494930469375,-540.420792325981,799.5546268146319,-39.20491632483844,-49.52300309819147,-285.02575345270964,-364.4853121165109,-517.3561409912492,388.4580468608232,490.3340659278047,898.0997460265141,775.7327745647578,372.8561838259558,1004.3545537365231,628.2971902339906,-727.4229744388352,707.9811286953667,45.72308973274849,-88.38390600686627,-279.1418471928108,-387.0630353595336,-237.68441485088545,731.2289797226078,-5.92017725870428,193.33208022886063,-469.2309269176792,-487.796680017469,-215.262774802433,593.4490611416456,190.6283026596385,866.4853843721792,499.9902839136743,216.5260658195913,625.8586687936101,1094.234929180023,-538.597149651843,-523.0239914088851,-487.7388991269812,-322.2788213338752,-528.5657542503707,738.272651789209,597.6027157984013,350.1768910112776,814.1800815690065
-815.9080556389634,-354.59266890801285,-345.2263702623937,-574.8348841021275,597.7845070469031,1005.0870570697232,80.23729057949055,-965.9982691739008,-730.2262551818537,-482.19022020480753,355.9165439501343,379.30762298259447,-42.5492239901095,-428.946467421785,97.55878405563564,-390.8746644665168,-684.6704970216589,810.0911323027574,678.9346142212734,146.78240025313835,252.446430271262,878.4046302286345,533.4737667267219,-259.27511670400503,991.2686626709832,-631.2760839890735,-361.8305323000567,-225.46880019145692,-331.118871135658,-344.5054699334215,61.68591103933098,609.4692939844798,753.4659813190164,677.486631369598,118.9708402722137,-194.6088382293489,-561.7075967824484,773.4115988712944,-63.36310309601276,-92.66392989066728,-310.89408482459635,-372.5907079053714,-535.7212807754759,455.8480602693511,444.5754143108774,877.7517142740478,797.1869542506356,320.55626040654107,955.4562100134672,588.2405752143787,-716.2874470206508,685.548036995488,7.275937712162209,-116.68143593283558,-286.6143150540437,-410.7959903811771,-174.4933453566611,803.2835701196822,94.21016690525072,147.50573088491302,-471.49221203127325,-501.2716756792671,-141.03422419648484,671.1603433663532,274.25964351744443,888.8038349630222,567.262965555985,306.3936359381005,599.6674969238684,1110.917700061099,-552.7992959958955,-540.1894148068368,-501.8584943265864,-340.0460677063976,-487.1320959302737,677.8592274450514,547.7210059385428,302.85843264800235,794.7742969483961
-790.424240344146,-278.4711662706194,-267.8297437023611,-551.525993221483,683.097340612497,1067.773204173847,97.69662368932136,-953.0310539480304,-746.2405279350636,-491.4198475372425,302.7687839152195,449.8149610279264,-55.57036748079192,-391.15919994739625,52.19068440219765,-405.4617768078893,-666.1782346849344,826.851497097745,633.6517979359697,102.43624111553012,206.6884052998886,823.155216465421,481.9503447684684,-279.34428089005087,967.944631775806,-593.6563938787808,-376.502523551441,-229.46174854895483,-335.0057960532727,-343.27665446800523,19.16734438636,561.1177586240528,724.7406064079307,641.111391743638,56.71743521419554,-209.4278442636691,-579.0439080549972,742.9041769182754,-85.19853785642582,-134.23944962612825,-333.2429661515992,-382.1739539542464,-555.126541889655,516.9438998642984,398.06986751329,851.5186686293749,810.8532658324943,268.49792927106427,904.8299272035804,546.5014606179233,-697.3014531195698,658.6160803305951,-28.792846086010037,-142.85296822469513,-295.9097209610072,-436.85654002707855,-107.22963498398536,868.8874577208177,193.10322947658355,102.0175176714165,-475.9912147192404,-516.7066854876842,-62.722244600229445,743.2942117156983,355.8287876336846,903.4775481066926,627.1620446864907,392.7115071472464,570.56881896746,1119.6100084227917,-562.4932807496408,-559.0820946141276,-518.422096754692,-359.4917674775033,-437.7321039257652,616.6673048651337,497.29563080363687,255.38119817553516,769.9390396285087
-756.0116414466755,-197.77379825237315,-184.21498876853911,-520.2664311357911,760.7930497544654,1121.5235324436444,111.42934973015905,-928.9763209327848,-759.1436251673396,-500.7714328989251,250.61720751550743,514.7178637257986,-67.93765097157247,-346.6629413249074,8.192116931811169,-418.6566786555349,-639.3439350726796,835.567994323578,586.668642759952,59.65304265085216,162.88990703103585,766.2963463094577,430.1528884850781,-295.7562059712099,939.1370804285186,-547.6098889399505,-391.7888047742033,-233.15543760159775,-337.0680278273595,-343.11368176147926,-22.399557756162345,510.1623134962667,692.6046307087985,603.0361862034894,-3.1592575142740307,-226.22406040261905,-591.5268993679252,708.5824236997549,-104.88496721451698,-174.03684787226527,-352.0943529927786,-392.9891660413534,-575.061994705796,570.9650208870769,351.1476469112081,819.9876562707855,817.0745046487782,216.9569631440058,852.8057432203533,503.5200261041288,-670.0019107929367,627.6537869896459,-62.29335588718609,-167.0314547631201,-307.21674311729026,-464.931374288924,-36.89432110474353,927.4624383941286,289.3222034430715,57.159299688395,-482.8567977597834,-534.2622506271695,18.45365669755301,809.1272533539352,434.12951172262177,910.8218691337428,679.207935275233,474.2489787556428,539.0226366808068,1120.7664894657871,-567.1961225616261,-579.2902599585967,-537.5212354507977,-380.6874837112519,-380.82226099452265,555.0610074803305,446.71562189628287,208.00272325766016,740.3598631838602
-712.4470466286784,-113.73178760958916,-95.46469898596902,-480.8675680313416,829.8529301708643,1166.1114769592698,121.48833245435048,-893.8426335544941,-767.9878689416522,-510.5729141121375,199.79720339805309,573.1910921480059,-80.06324239552471,-295.6516936049088,-34.090731465938504,-430.7544749555349,-603.9666558010692,836.5446835575264,538.3304626642907,18.6595492857508,121.35425969374796,708.2609583736589,378.4556649074861,-308.51185655289913,905.3745477273428,-493.3071664629747,-407.8365893990116,-236.88007966148905,-337.70136853883366,-344.3443281762116,-62.7702816770216,457.0182856530936,657.5909121802886,563.5585467835871,-60.212293370158136,-245.0570733232578,-598.2858435471752,670.9493311721722,-122.6300523736654,-211.85399670353172,-367.5312063798516,-404.71148551891775,-594.9277403458674,617.3226552265572,304.0831316928907,783.7368621043933,816.2764664917728,166.2211676701454,799.6950731070195,459.7050043766958,-634.1135736700387,593.1081596780546,-93.0785936926141,-189.37831131147684,-320.6448837886149,-494.6084973047092,35.42448333346947,978.5816605139416,381.5175166637175,13.244326266773584,-492.1363378602194,-554.0084703075727,101.18953879797589,868.094993257481,508.0620530846288,911.2385412254308,723.1017577564816,549.9065773728162,505.43477903810816,1114.9097636016295,-566.3882003673014,-600.2994471137318,-559.1409691878699,-403.6508591774704,-317.06453996745665,493.4009378470267,396.35440121540734,160.97448117207773,706.6911119651512
-659.7294215674398,-27.67034803707734,-2.808666500450548,-433.3195745802409,889.493614985859,1201.4856281263803,127.96991037705672,-847.8931677583707,-771.8149510028841,-521.0875574760631,150.6242667871154,624.5703017287001,-92.35738747616593,-238.4856422698344,-74.32362403620594,-442.063343890433,-560.0400167953363,830.1698813421219,488.9633067856039,-20.32804382401557,82.35777570561642,649.4725477681862,327.2411201009782,-317.68343161878965,867.1702152737192,-431.12484217632976,-424.77441153300254,-240.9616633641895,-337.33069445544515,-347.26093572119606,-101.69632103088205,402.08962717610825,620.1941977213884,522.937902998146,-114.03699252745744,-265.9251882170715,-598.5105341782942,630.4557256422517,-138.6682717563002,-247.5027724411211,-379.69866629574017,-416.9396622446313,-614.0441544643711,655.624726515684,257.1033622710602,743.326221232049,808.9461000487014,116.58920020971551,745.7990075615321,415.43658855635846,-589.5682410517744,555.4009584879711,-121.0498606032602,-210.07993634529268,-336.2169579048467,-525.3791085384295,108.5841340451558,1021.9667069922716,468.46184670598205,-29.397144188720883,-503.7881615587924,-575.9148634908288,184.1377957292954,919.7941747457122,576.6601010461924,905.1940785528468,758.7170722253788,618.7409597422925,470.15603344692136,1102.605660872744,-559.5316604245338,-621.4977843441103,-583.1506241010356,-428.3387501577368,-247.31140203137892,432.04791418369786,346.56810371044685,114.54640691338828,669.5418716550635
-598.0918700870749,59.03079171150172,92.40879112027842,-377.80480492865576,939.1774312376442,1227.7529275237798,131.00561790451445,-791.650282028164,-769.6904124552321,-532.4996757675774,103.38970127911944,668.3578555332595,-105.21672993662932,-175.68500385606438,-112.1927272482746,-452.8947152859304,-507.7623890098668,816.8969882715364,438.8775902538288,-57.10984317795366,46.14057925600843,590.3466900520589,276.8955818721734,-323.4125770433768,825.0169435276906,-361.6432348840683,-442.7053394457034,-245.7153859716375,-336.3991189088059,-352.1130381553201,-138.9318253758118,345.77577751031026,580.8671910455282,481.401751559833,-164.27956761274797,-288.7626583162495,-591.4804640411082,587.4995207821481,-153.25339307353786,-280.81277712548507,-388.8034489542778,-429.200605103974,-631.6653852065464,685.6729814633468,210.39762383629616,699.2913394604819,795.6107819641247,68.36723894041592,691.4153237952652,371.0695602003877,-536.5179136270314,514.9278692029682,-146.16120247095478,-229.34428647949488,-353.8630762256601,-556.6417991144482,181.42204121718257,1057.4797126311196,549.0787549916724,-70.42487140121965,-517.6754019281564,-599.8425297485659,265.9496210800251,963.9780616193163,639.111268137236,893.1991796898498,786.0860753679211,679.9831890473799,433.4852472630865,1084.4407879355383,-546.0931937549426,-642.1847574514645,-609.2972424951507,-454.64062481489015,-172.58336010904745,371.36454723995007,297.6930513969284,68.9700963865669,629.4664184174885
-528.0058609609082,144.97892625861374,188.7658452182824,-314.70508673225703,978.613009182078,1245.158186060569,130.7540814117965,-725.8906716723558,-760.740159537524,-544.9022760695259,58.35544331916933,704.2220572746967,-119.0130223786432,-107.91780393994804,-147.41334245353377,-463.55254167016943,-447.54077008253125,797.2263987623189,388.3713513837417,-91.50866249372744,12.897874098737969,531.2911216454681,227.80297487271167,-325.90644673196493,779.3847915299191,-285.6366439108983,-461.6991807112423,-251.43838590890803,-335.3565221006204,-359.10056523958025,-174.24095056875268,288.47825518428704,540.019288536495,439.1524620703169,-210.64528962695704,-313.4374089091315,-576.5936457621349,542.4287786352432,-166.6508696959566,-311.6352006784236,-395.1114454800895,-440.9560920825051,-646.9960808738717,707.4531140182467,164.12741616886908,652.1404344021107,776.8195685989324,21.86374153371065,636.8436689094851,326.93615458766567,-475.3409673454974,472.060102514374,-168.4227149490155,-247.3976044901073,-373.41640087769895,-587.7093114425971,252.79063098208192,1085.1114263002007,622.4638924016684,-109.49788559300112,-533.5615966893665,-625.5390039599314,345.316994159215,1000.5456462756634,694.7704768778543,875.7900505443567,805.3813930236585,733.049853494997,395.6757773646435,1061.0033666893269,-525.5704178854678,-661.5836458430198,-637.2022124417651,-482.3726088174881,-94.0399616182,311.7145643280782,250.0425643609949,24.5004607514965,586.9589963836154
-450.1770948653213,228.81000811307288,284.80292215591254,-244.60206632035892,1007.7467927255,1254.0612937323851,127.39347692958646,-651.6306337821849,-744.187628407676,-558.287094141432,15.74830387625572,731.9904967325485,-134.08252970947717,-35.98204606672713,-179.73845270727497,-474.3219617229947,-379.9877142312048,771.6891569587946,337.7329246351624,-123.37676273630888,-17.227832094613444,472.70427223604014,180.3368562654235,-325.4320758108911,730.7206449942934,-204.0563522125416,-481.7839383503061,-258.4017457692915,-334.6476600775361,-368.3676701276872,-207.40545194145332,230.606189385576,498.0175965252973,396.3741917907953,-252.9059317195692,-339.7492496672337,-553.393823982734,495.5478767045077,-179.1304963050245,-339.8466598037586,-398.9435787927181,-451.6118107260448,-659.2112112068196,721.1189555939668,118.43612490073724,602.3538710181199,753.1270472251888,-22.6173449463591,582.3885711267031,283.34827568282685,-406.64062842663947,427.1478749703402,-187.90256257437505,-264.4813171961465,-394.61093738073976,-617.8180504450177,321.59099697472243,1104.9662739571977,687.898239187599,-146.28544655951936,-551.1083679171405,-652.6361477598176,421.0120686895267,1029.5259684815808,743.166140167953,853.5122617022796,816.8947310108007,777.5468653169627,356.9445036138525,1032.8679602759032,-497.5207977550392,-678.857675269167,-666.361493698357,-511.2725893598441,-12.945437123389784,253.4599442562094,203.9033475248338,-18.60430118159777,542.4525409501547
-365.5327215095043,309.22842473733664,379.063508580966,-168.27003487220412,1026.746498715861,1254.9134479458917,121.1148553787528,-570.1015138089338,-719.3900288157565,-572.5374594638233,-24.24602247351906,751.6384828441916,-150.71637461193234,39.21694853378947,-208.96664809327672,-485.45771049502326,-305.91096285293014,740.8328337507487,287.24289648423587,-152.60256308879335,-44.15311888950118,414.97231878260976,134.8511857736612,-322.3095441715504,679.4495299245416,-118.0068740660037,-502.9368767754445,-266.8418041954279,-334.7000161702321,-379.9971980723851,-238.23206867431716,172.58012230006477,455.1897670614564,353.2394545365107,-290.906215391836,-367.4286261780759,-521.5947492506932,447.12597320667055,-190.9596097176704,-365.3528549097397,-400.6700318674775,-460.528851598488,-667.4787074442482,726.9720096693969,73.4577545113509,550.3857659577787,725.0801552407222,-64.78447381711351,528.360138445507,240.59878907174223,-331.2353119990167,380.5251723344696,-204.7276094548426,-280.84903797832646,-417.0816033573682,-646.1404598365853,386.803657387906,1117.2455438614284,744.8533638629716,-180.47911869016943,-569.8755449204764,-680.6513638467605,491.9220576856471,1051.058948750997,783.9994286689099,826.9075152020594,821.0137008925354,813.2661628636539,317.4825159562568,1000.584372618792,-461.5917728867431,-693.1297639213482,-696.1497810930663,-540.9967961009105,69.3694233674919,196.95607005360725,159.5317138624765,-60.08445542651427,496.3208072315976
-275.20000519160186,385.0431172798595,470.1342639535113,-86.66101528472798,1035.9778651924184,1248.2336166309267,112.11655260021266,-482.7160015589327,-685.8719783156068,-587.4244192066512,-61.488788773802014,763.273730746491,-169.15201338992304,116.6929789176152,-234.9490353461325,-497.1726646460506,-226.2957654328932,705.2099089603507,237.1752698328551,-179.11693642344662,-67.85833264265665,358.4649836225205,91.6703203330394,-316.90436575326896,625.9771696241912,-28.716336601761533,-525.075638668365,-276.9508960909848,-335.9115228327558,-394.00580565132094,-266.5592788992657,114.8335796672052,411.8281494322418,309.91498381958746,-324.568966874271,-396.1360236782545,-481.10017467027217,397.4069123144454,-202.39704869508583,-388.0918974336332,-400.70299714002175,-467.0376995187723,-670.9844833676783,725.4377177473986,29.32417142414537,496.6670780863193,693.2080844988765,-104.36698930766316,475.07249570888257,198.96174160143036,-250.140732606594,332.5151895071916,-219.08259456689217,-296.7635334724825,-440.3667830857795,-671.8002880185538,447.51504188517504,1122.2298029245978,792.98917242466,-211.8053234294534,-589.3241039095999,-708.9923561990262,557.0780499285546,1065.374218383156,817.1372796223892,796.5034620104141,818.1981132505539,840.1759095740955,277.4665402138934,964.6706872910542,-417.5505446660422,-703.5055551498396,-725.828850197013,-571.1182685932339,151.54739501664503,142.54523311857284,117.14990191666216,-99.68214930348412,448.8832598624408
-180.4769631931686,455.1985060546874,556.682780674937,-0.8823060649420016,1035.976210828752,1234.586288889652,100.59981158493076,-391.0265430469104,-643.3547983286892,-602.6065169432144,-95.8934539689848,767.1185605146119,-189.56596705669224,195.4079226772182,-257.5947968017568,-509.62692274384807,-142.28027273427625,665.3687585169034,187.79780231239548,-202.8987045586028,-88.39033528181456,303.5304146589702,51.07876964171447,-309.61946302688955,570.6933449721016,62.49779313002703,-548.0499171222779,-288.8677316882613,-338.6382718288074,-410.3397514594205,-292.26306126389574,57.812104007375126,368.194750685154,266.56663342710635,-353.8986825452586,-425.46220141078,-432.0183094292237,346.6197147749418,-213.6880014625393,-408.037175928684,-399.4881210990953,-470.4546593708033,-668.9592195860037,717.0398588706926,-13.82956534080827,441.6095872171624,658.0151651620233,-141.12370465438556,422.8401721383794,158.69146837204147,-164.54409885285483,283.43587361512914,-231.2078143918853,-312.49345501399523,-463.91354121929214,-693.89066562668,502.9386283707648,1120.2615722232651,832.1450307637683,-240.0377089542888,-608.822284097639,-736.9655876190277,615.6766255188088,1072.7693974205208,842.6000888433906,762.8065083071153,808.9569333746383,858.405111372869,237.0701848597508,925.6101232056078,-365.3118417346,-709.0992456298405,-754.5602123794661,-601.12759724817,232.2450844667364,90.5489278517288,76.9427282780009,-137.14632391980314,400.4120300315353
-82.7959445199606,518.799033011315,637.4914831830241,87.8328649222285,1027.4144095821082,1214.5613666504562,86.7656587268005,-296.67768277377434,-591.7797953956066,-617.633558328269,-127.42996251102709,763.4908594947216,-212.06787180211225,274.30182947691407,-276.875140687853,-522.917809752026,-55.12479888164789,621.8471765271822,139.37151035558944,-223.97897487404296,-105.86321077662488,250.4895535059936,13.311266691766004,-300.8869950159268,513.9756321061053,154.2661768668866,-571.6342306878129,-302.6677206079724,-343.1823515163179,-428.8714104484055,-315.2613802340953,1.9696574588296425,324.52652463872147,223.36315512352397,-378.98321025323054,-454.9295033544684,-374.6696260763271,294.9888509788668,-225.05978263019392,-425.1996484505042,-397.4948361062111,-470.1005159760652,-660.7061071146356,702.3744174948326,-55.86204836101201,385.610183563232,619.9764489598942,-174.85107253948448,371.972771968792,120.02064395513098,-75.77114924589917,233.60505892977565,-241.39530284018065,-328.3095991998257,-487.0856292207744,-711.4948022102494,552.4300052888218,1111.7291532777515,862.3254498118631,-265.0086827628538,-627.6551832350623,-763.7885028264548,667.0936184008583,1073.5891510511556,860.5452271537063,726.2973827077558,793.8269343584816,868.223831057699,196.47416575079336,883.8511474891873,-304.9619427893636,-709.0615418606345,-781.4220700161771,-630.4362882819576,310.17151710869354,41.259454251760175,39.05479231408189,-172.23885356295543,351.1402450160012
16.31845342923714,575.1265235687837,711.4863779599063,178.1604628896093,1011.068883326442,1188.7568332036356,70.8129981037743,-201.35459907783888,-531.3240117589361,-631.9545897767996,-156.12767738831914,752.7849678039487,-236.6958591445301,352.32272374840346,-292.8254761423897,-537.0711644858441,33.82385237009251,575.1682144953348,92.14935280698496,-242.44400949054176,-120.45691821504532,199.63041812865987,-21.456300119195955,-291.16021239402176,456.193112192778,245.20665645819275,-595.5223716669036,-318.35363923634105,-349.7799973027082,-449.3966107939863,-335.5172153537267,-52.237485359528016,281.0405574958941,180.4787738217524,-399.9932857237644,-483.9945542389743,-309.58717006292807,242.7435825409542,-236.7185013215592,-439.6294673474528,-395.2057847935634,-465.3210649769206,-645.6285679206629,682.0841220392412,-96.6246264089732,329.0549386997696,579.5355937995996,-205.39050015875503,322.7683397438027,83.15741446095933,14.752759158221956,183.34476131249815,-249.9835266541709,-344.4804539253495,-509.1743730432311,-723.7089858618771,595.4955204916414,1097.0523187158228,883.6817087673741,-286.6194869444278,-645.0380268684662,-788.6054872766135,710.8898637630394,1068.206164813977,871.2476262049943,687.4291085247676,773.3538766390798,870.0203435899173,155.8747889819663,839.8101151467201,-236.77730872564263,-702.6089138496556,-805.4304113634087,-658.3830504263336,384.1233812899995,-5.068607869452275,3.588423100084067,-204.74155752673647,301.27107869131527
115.29535491090832,623.6499830239114,777.7596483584334,268.7250108080649,987.7851483755773,1157.7646140145614,52.93782001107124,-106.73039724555782,-462.40721206795627,-644.930165612733,-182.0766636049457,735.4534850982691,-263.4132326937541,428.45473899009767,-305.5457431772028,-552.0342277626945,123.1714635179392,525.8380033700043,46.37413377518548,-258.4363888312942,-132.41396641647285,151.20270924438168,-53.114577756314524,-280.90542328299586,397.70967459385264,333.96321727951744,-619.324098368819,-335.8471191144976,-358.5903040672007,-471.63294860284776,-353.0400691361734,-104.3590360349676,237.93878252441775,138.0945426318388,-417.17972450723136,-512.0526962139584,-237.50885257885267,190.1257712634748,-248.8465149426753,-451.41685509525007,-393.10555007573856,-455.5089747522823,-623.2568171716955,656.8346797635853,-135.96267758814946,272.3224978632454,537.1045895186367,-232.63443504243975,275.50587600034305,48.2818130957854,105.54587683668242,132.9842847343751,-257.3506456416803,-361.266810666125,-529.4124760369363,-729.6674404383878,631.7945624668973,1076.670374506868,896.4908554484001,-304.8482573570354,-660.1331478189815,-810.5074169028907,746.8092341511326,1057.0049390371653,875.078687384346,646.6269339120482,748.076809874429,864.2766399385763,115.4901310147901,793.8756103581613,-161.23636709190012,-689.0531628253387,-825.5639220871963,-684.2432305845714,453.0155201642544,-48.22647977217088,-29.397476030649585,-234.46366810133244,250.9869473830115
212.5654052156445,664.0278531905764,835.5854205228842,358.14133264465033,958.4443327328316,1122.159832363842,33.333364375609754,-14.414842308633636,-385.6892791017423,-655.8487965838242,-205.4271068602372,711.9907877893065,-292.106377365733,501.74334132147567,-315.1989180672965,-567.6704078042634,211.51711139097927,474.3451465889591,2.27569923438982,-272.15431701183184,-142.03425149898396,105.41310668297858,-81.62660183560058,-270.5940752380908,338.8865723197473,419.24322874007527,-642.5646158545804,-354.98149075213377,-369.6848154766207,-495.21929384582415,-367.8860001809933,-153.96069919903078,195.41193164178384,96.39850604794285,-430.8681590351347,-538.4445361970553,-159.36160828849532,137.3956787746254,-261.6005095218917,-460.6921533895215,-391.6689061291013,-440.1262664253944,-593.2720239209103,627.2935319359299,-173.71879811845417,215.78641914734808,493.0648520840961,-256.5309424154051,230.4374790424448,15.5417163442807,195.1156322647299,82.86187767209398,-263.90641961316936,-378.9152815643692,-546.9907002993156,-728.5684641233753,661.1358770200452,1051.0328790508556,901.1334763864904,-319.75559374524573,-672.0705194825554,-828.5545224985577,774.7696807084255,1040.3690320743394,872.4846927298104,604.289717906854,718.5158521275008,851.5436519918857,75.56353575485475,746.4136470387097,-79.02329930309706,-667.8301830814092,-840.7922205630393,-707.2415343892617,515.9055859853542,-88.0582760072784,-59.88757636628296,-261.24930611096386,200.45836797400813
306.6081928888958,696.1031390725421,884.4283928656748,445.0566151047538,923.931920324966,1082.4934627726425,12.191038182289589,74.09287568128526,-302.05770501655354,-663.9472817631322,-226.38675675827005,682.9188129495305,-322.5838188860997,571.3166120397185,-322.0077873245254,-583.7561644751221,297.493631387466,421.1612379488446,-39.93245608354011,-283.84900702319925,-149.66824570690724,62.421562052510936,-107.03143312593058,-260.69489757100763,280.08394360761355,499.8514476309068,-664.6873307284498,-375.4965423066723,-383.03836535952,-519.7167500369712,-380.1563238832489,-200.6352860272171,153.64251438011175,55.58473375877818,-441.4513185079133,-562.4649450735152,-76.23774952093373,84.83540819153417,-275.1100067304525,-467.6249653727973,-391.34880526152114,-418.7265513686307,-555.5267816723307,594.1117405175668,-209.73752539292693,159.81618576245654,447.76924178640365,-277.08660215023946,187.7805925272059,-14.951360029405636,282.00436757599584,33.324762852714805,-270.08287372614507,-397.65064710223584,-561.0772960410968,-719.7011443987122,683.4686293755332,1020.59308108602,898.0714933427267,-331.48727221958023,-679.9714769656779,-841.802147049948,794.8483313337822,1018.6720981004632,863.9657580555565,560.7922519889743,685.1635698109233,832.4174495033518,36.36423726660906,697.7729407417587,8.976906618596816,-638.5266878527825,-850.1067509083574,-726.5680510293843,572.0121349644585,-124.4666328612809,-87.90921744440286,-284.9845157213211,149.852087466938
395.9970936710188,719.8921490452001,923.9453979202344,528.1906938182378,885.1097866707,1039.2882019848005,-10.298140871259951,157.4450416244127,-212.6054501934114,-668.4344505020985,-245.2163945827324,648.7754297482763,-354.5763486607026,636.4018323500012,-326.25013211628635,-599.9802253054341,379.8059922867286,366.742064639507,-80.05701267660314,-293.8201683915473,-155.70875810428907,22.33882102341356,-129.44530513698174,-251.6660068362547,221.66108920375305,574.7194668642077,-685.0602684566785,-397.03573958368673,-398.52159436975785,-544.6113597004125,-389.9951931633391,-244.01426802372305,112.80670076529272,15.851314303135402,-449.37896257048607,-583.3747724839034,10.635680330002378,32.74976848737148,-289.47606899976705,-472.4223100424711,-392.5643153340199,-390.9760615791199,-510.0606319557107,557.9094029951121,-243.87112936865208,104.77673141345728,401.5446188712828,-294.3676630012004,147.7108290255908,-43.12630003702463,364.8330128906177,-15.272548285795654,-276.3238577285224,-417.6670682472701,-570.8399281714757,-702.4718219095372,698.8691586438133,985.803928760121,887.8270418257256,-340.27384823005787,-682.975050061242,-849.3288192013891,807.2619396441237,992.2727851221246,850.0561884590944,516.4880133319118,648.47987149664,807.5174694275797,-1.8148963778615488,648.2895792534789,101.69237945315562,-600.9036043185921,-852.5534950082389,-741.397455204156,620.7258159244038,-157.4165030252228,-113.53046769131284,-305.6034431603448,99.3381729345708
479.43949696544223,735.5678558662157,953.9803232027572,606.3726046441183,842.7923773014959,993.0372139525902,-33.94181582059605,234.4781381350702,-118.60004737284142,-668.5176926622607,-262.2234282111616,610.1054979385848,-387.7381452314618,696.3369284320335,-328.2524901770189,-615.9453208598445,457.2658893017734,311.5290938202388,-117.92888764688352,-302.4096915031997,-160.5815125128032,-14.77467785140971,-149.06013916406903,-243.94685905397603,163.97538935133997,642.9295538235735,-702.9864048845914,-419.1464008637952,-415.8955969567912,-569.3188499930721,-397.5863107193841,-283.77909230697213,73.07506984615345,-22.60258026924367,-455.1456850870416,-600.4154164219266,99.93329740657867,-18.53552531719865,-304.7699606794414,-475.3257149649659,-395.68872349227047,-356.67245973059806,-457.1095043155313,519.2647827979991,-275.9859694310296,51.02644301326898,354.69462503095684,-308.49949282872325,110.35581375926354,-68.95593052318712,442.3405982109987,-62.57165434444404,-283.073651931212,-439.1183153436103,-575.4697035723862,-676.4293639343061,707.5245251461415,947.1163211365704,870.9632461596896,-346.42702319772246,-680.2661334895288,-850.2659076230374,812.3441200654258,961.5132974141568,831.3068959267725,471.7118939569543,608.8901453607607,777.467597417023,-38.66232758707376,598.2905799311036,197.88695990176865,-554.9148445517707,-847.266496978569,-750.9110837154835,661.6136691023964,-186.93688155178836,-136.85724815868096,-323.09330543411426,49.09581421326742
555.8106774838122,743.4390701594527,974.553129358582,678.5717230535112,797.7276541298829,944.2052673560248,-58.54452015549275,304.2361270678794,-21.445394196954076,-663.4315289024008,-277.75379888480086,567.4545162577508,-421.6488611634379,750.5766689229816,-328.3826707112504,-631.1726007902059,528.8211155949821,255.95089686697335,-153.40731793902674,-309.993677295462,-164.7348102404574,-48.908480588916014,-166.1394215748,-237.9499366202112,107.37985169932018,703.7321345514313,-717.7179904724044,-441.28322976891536,-434.8091657239833,-593.1916849189115,-403.14903018733753,-319.6716149189468,34.61226564737551,-59.58042904031121,-459.2768945007074,-612.8262212993249,190.27186250059944,-68.6782647568865,-321.0315316469116,-476.6071900524682,-401.0380237603912,-315.760426947831,-397.1081537416302,478.7071460761199,-305.9689221250201,-1.0862665441779629,307.5024589213003,-319.6644462239121,75.79044538109575,-92.45975286741862,513.4177880535351,-108.21528254560168,-290.76478648714595,-462.1072849877132,-574.2067394285474,-641.2882144675216,709.7140166711739,904.9791329932212,848.0674495218801,-350.33277891840623,-671.1045419360048,-843.827967996583,810.5208458104664,926.7211968205768,808.2703337544301,426.7825243732183,566.7862169741817,742.8806507873758,-73.8551978144231,548.0960073851546,296.1906096157628,-500.7202442556138,-833.5010386771168,-754.3213901041469,694.4168834937205,-213.1203807755913,-158.02968101306072,-337.497876464516,-0.6823567993475907
624.1799843364348,743.9267229954619,985.8439487985108,743.9222025666489,750.5832021690698,893.2316790856646,-83.90610006807269,365.98366492540913,77.36185638429347,-652.4673547798972,-292.1824404158789,521.3645979553496,-455.81670288361227,798.6938351563791,-327.0411987767052,-645.1088599362818,593.5786004912571,200.4242258589187,-186.38374250189705,-316.9729972471701,-168.62856514775888,-80.10043276323375,-181.01157135266237,-234.05208661456712,52.21939438939775,756.556522990111,-728.4747446989022,-462.8154879788236,-454.7990882452304,-615.528633195168,-406.9340770923449,-351.50308505688486,-2.4243264867762355,-94.89275088822754,-462.3133502646149,-619.8644802865213,280.25292129750926,-117.32657705050138,-338.2671273052439,-476.564048911266,-408.8600071007761,-268.34309538783987,-330.6849928280217,436.7131187274391,-333.7334334207784,-51.22759967236968,260.23348807902295,-328.09832864021587,44.033897396958,-113.70558451864316,577.1330393730237,-151.85374734531416,-299.80525602433573,-486.6751878442456,-566.3665457748623,-596.9481232178047,705.7897622889126,859.8404509453413,819.7372085477749,-352.4414164371235,-654.8538501909345,-829.3427560606765,802.2856353146047,888.2138296020735,781.4882034097367,382.0039036604874,522.5295851876006,704.3465332004206,-107.06861177707984,498.0195125750034,395.1362643309275,-438.6916378668788,-810.6651767694776,-750.8980845169385,719.0426493089267,-236.12072380889344,-177.2178696964822,-348.9193071456229,-49.7875785200773
683.8284957328591,737.5385854195285,988.1734142344042,801.7398708048902,701.9376544064719,840.5344121625953,-109.82054423424992,419.2092712951118,176.27908009261404,-635.0033725962003,-305.9025621106655,472.3723807454986,-489.6826063228118,840.3758819246286,-324.65186622723525,-657.1366617353432,650.8203832905251,145.35451421326997,-216.78526850509985,-323.76258843682683,-172.7230130103562,-108.4337992869749,-194.0610406449139,-232.585478775524,-1.173921315835773,801.014844704197,-734.4655812637378,-483.0379454276869,-475.29391040574745,-635.5869768017261,-409.2190664158204,-379.16122232972833,-37.8867108483585,-128.36198958424316,-464.7946907087111,-620.8275996924178,368.5055036425806,-164.12782632765493,-356.44689897889714,-475.5125716045275,-419.3241720956136,-214.68851528382916,-258.64911832345683,393.7062273720354,-359.2248297926332,-99.08390829808296,213.1376004705858,-334.0856655056703,15.04858216776286,-132.80988717397986,632.7504826407928,-193.15259402750664,-310.5653347590008,-512.7908884304619,-551.3663386261484,-543.5094345975859,696.1575142163797,812.1494151967213,786.5691380689591,-353.2547620262267,-631.0088143067426,-806.2797667091445,788.1757211297888,846.304627546153,751.4820036617524,337.66615072556243,476.45631355420926,662.424065462102,-137.98631924359773,448.3673244185289,493.2013360491624,-369.411307151497,-778.348268431395,-739.9950853073493,735.5509786345393,-256.1483581742539,-194.6173335024719,-357.51818093387124,-97.99400054050048
734.2577867761731,724.843716755906,981.980449503895,851.5312099148183,652.2773609566339,786.5146574879723,-136.07540750404357,463.61906926509,273.7652714995638,-610.5336041052614,-319.3140386514487,421.00838877152665,-522.6256936483687,875.4178494203168,-321.65156903146635,-666.5873915482548,700.0122001735685,91.13562579633528,-244.57753069870247,-330.779698311279,-177.4674005720232,-134.03344462121683,-205.71747941029795,-233.8282207859146,-52.48639945012538,836.8994377023731,-734.9133057878353,-501.1855870388621,-495.6215065368247,-652.5973777603391,-410.30392102944506,-402.6150606389551,-71.63900260150777,-159.82773023876177,-467.2424262973343,-615.0767613772778,453.7267769738405,-208.73910106232725,-375.50148795454646,-473.780531385632,-432.51267367319485,-155.23052005370633,-181.96979205984687,350.05917011931086,-382.42462255534525,-144.36772527065173,166.45124115718653,-337.9539855678412,-11.258828462477132,-149.93663073021736,679.7391587352259,-231.80111098755089,-323.3642320040344,-540.3409569366455,-528.750266814928,-481.2828566304017,681.2585168902829,762.3580653069214,749.1505034108889,-353.31091167105126,-599.2201204607151,-774.27608224505,768.750297849224,801.3104502390046,718.7463262547268,294.0452933665739,428.8829172831965,617.6362639550257,-166.31220252743472,399.4358653057986,588.8517677327468,-293.6623934549097,-736.3450920983342,-721.0772585118696,744.1375459417833,-273.4644889119056,-210.44430299706457,-363.5117811336743,-145.05949102289435
775.1899430396379,706.4478369202839,967.79875765593,892.9945055006817,601.9980061428474,731.5612592246079,-162.45197857620272,499.12223125074735,368.3271126131675,-578.694768982487,-332.8111921193104,367.79731757315216,-553.9702708743823,903.7124561359948,-318.4796144326365,-672.757202890156,740.8047711982724,38.14872636035159,-269.76679156373257,-338.4313033718582,-183.2889470323073,-157.0613860289538,-216.44335448176608,-237.9947487836831,-101.42858279729808,864.1743088647752,-729.0815197556498,-516.451888945273,-515.0206877966167,-665.7812936691379,-410.5062161223352,-421.9173727642639,-103.56049482643547,-189.1520814432648,-470.1428931790984,-602.0612129530651,534.7186881440393,-250.83868361046544,-395.31817365077467,-471.6986383663762,-448.4125292633972,-90.56357838657888,-101.74911495818831,306.09828045549153,-403.3536421355836,-186.82386279086475,120.3991014330618,-340.0673029241597,-35.03437647075085,-165.29462648614495,717.7737635108124,-267.5213454985237,-338.4568749468553,-569.1210483114568,-498.2124391917947,-410.79274430800285,661.5532078477909,710.9226385824774,708.0533103481271,-353.16696906407054,-559.3152234508846,-733.1582858822776,744.5716975968597,753.5591145546251,683.7446638575499,251.4021040456589,380.1125943616694,570.4686529439871,-191.7819591091562,351.50826614448755,680.5863945109994,-212.41128474509352,-684.6742259084141,-693.7458124193746,745.1137142235959,-288.373887768411,-224.931039095314,-367.1706091045361,-190.72818255831749
806.5593940895288,682.9706691991208,946.2331729854084,926.0136670672432,551.410672200602,676.0544233218034,-188.7262994441276,525.8096618314892,458.5613913945194,-539.2897417091011,-346.77025044525,313.2587079084539,-582.9946740451536,925.2383868869072,-315.56668322482057,-674.9257294397022,773.0282585060619,-13.239798998080255,-292.40117927388724,-347.10094355181343,-190.5823397135126,-177.71204923168804,-226.72044346450343,-245.22619641457536,-147.7410873822768,882.9614678172032,-716.3027791322618,-528.0103088080632,-532.656935739519,-674.3706916940135,-410.1564016611039,-437.2046245122505,-133.54881865681222,-216.2250632567841,-473.9306658078564,-581.3421439028383,610.4189022944915,-290.13782071999367,-415.7366956599738,-469.5909876775932,-466.9093092586738,-21.43149686354772,-19.18908470844744,262.1095994230224,-422.0739267188228,-226.23515591416967,75.19543192238699,-340.8189380288127,-56.471980360211305,-179.13335136924428,746.727519161308,-300.0772188189378,-356.0211601648998,-598.8292500268317,-459.6165940837078,-332.7731334206892,637.5073057079323,658.3038626771041,663.8305367660605,-353.380289425907,-511.3141218636725,-682.959232644564,716.1900602492692,703.3962982567426,646.9073896117477,209.9800684450105,330.4412047959745,521.3700675206142,-214.1743827391768,304.85012254558256,766.9793859096351,-126.78244927682184,-623.5894879782583,-657.7611546654799,738.884957157357,-301.21685156187897,-238.32127894229703,-368.8132457729864,-234.73465758575455
828.4975161843455,655.0261096423674,917.9369181387236,950.6455789791388,500.75166957345874,620.3682703122497,-214.6710964868845,543.9277131263823,543.1919655046244,-492.3062904705731,-361.5367657934846,257.9075037464743,-608.942274380276,940.0477890375288,-313.3236305231624,-672.3773173396827,796.6807022576739,-62.68140582868028,-312.57101476230696,-357.1352425565515,-199.69997806395537,-196.20752882335853,-237.03562638483243,-255.58103254703343,-191.20000829029672,893.5231396898588,-696.0069040168559,-535.0384687817235,-547.6421707465831,-677.6296632363495,-409.5927981038853,-448.6945239240454,-161.52295567649458,-240.9698470419828,-478.9729163933754,-552.6149862601601,679.9247340739688,-326.39208968810374,-436.5450649357482,-467.7646414014382,-487.7825528088903,51.289847887135885,64.44539361600246,218.34595270445035,-438.68935356341154,-262.42747548028984,31.044943531321216,-340.62376312227536,-75.80710964224865,-191.7373673586752,766.658178315572,-329.2833086068112,-376.1460684348318,-629.062031818688,-413.01127419324126,-248.15605309286747,609.5806495713543,604.9659111266805,617.0140840849785,-354.488778735657,-455.4390741641222,-623.9285800362163,684.1317728024767,651.1911013835108,608.6314963567553,170.00263383808706,280.1624982597657,470.7553329068937,-233.32168907713896,259.7048634910841,846.7187363116958,-38.02665031024066,-553.5834721902746,-613.0620137164314,725.9288619239386,-312.3606617901887,-250.8658509114176,-368.7996930792613,-276.8096030533161
841.3112451112733,623.2058596493166,883.5906393438562,967.1021155917427,450.1953083378641,564.8719412079874,-240.05862829129163,553.8488530781761,621.0998788196083,-437.9298801939177,-377.41327460601576,202.25404524043327,-631.0348966866432,948.2539112463924,-312.1303031743752,-664.4243805569621,811.911507577147,-109.8493937577598,-330.4082308992625,-368.8304208104094,-210.94312091169948,-212.7930869723491,-247.8663768225833,-269.0263417186719,-231.6215601133613,896.2409676225773,-667.7482274986933,-536.7443495412922,-559.0582638325783,-674.8773941442684,-409.1562254613978,-456.6813223647866,-187.42589347687,-263.3476892087716,-485.55518641333686,-515.7289264379816,742.5092321856472,-359.41168479062753,-457.4757591063554,-466.4985242210472,-510.7031701221064,126.61522949946472,147.86571081467338,175.03443403930277,-453.345040474728,-295.273710014731,-11.856752699010034,-339.90990242647194,-93.3093877733132,-203.41950813409136,777.7884544598805,-355.012854734925,-398.8210789543049,-659.3133846917206,-358.6394668709711,-158.05202260575484,578.2189686388554,551.3738376676481,568.1139997767468,-356.9908244913434,-392.11748811241625,-556.5361725516095,648.8916744089715,597.3396898873034,569.2816488411146,131.6699311000127,229.572214169966,419.00919127403097,-249.11839895372356,216.28910323856627,918.639117385086,52.51610049682713,-475.3825279165249,-559.7796799004107,706.7738065845098,-322.19084579017687,-262.81845247920904,-367.5233671816119,-316.6866959101112
845.4571382832081,588.0669229462363,843.883897186847,975.7281366420884,399.8686786188817,509.9291193986661,-264.6643928146011,556.0411980622299,691.3457034666172,-376.5495041788088,-394.6474760046783,146.80312291419844,-648.4887868488458,950.0196755741046,-312.3245454191164,-650.4322991703586,819.0012388238064,-154.44375603767446,-346.0849273804712,-382.4191452453835,-224.5540282948401,-227.73302237994255,-259.666317266748,-285.43019514333,-268.8656975650274,891.5933552985952,-631.2305182504117,-532.3936627493108,-565.9837886436762,-665.5118035403932,-409.18411348786304,-461.5290882710851,-211.22676458528667,-283.3623808716532,-493.86900510186,-470.70244135028014,797.6290821580988,-389.0700257356691,-478.20274378617296,-466.0318729747365,-535.2331159440037,203.4773899902203,229.79901563652408,132.38372017921685,-466.22556483986426,-324.6965091205385,-53.32322915537806,-339.10987311748227,-109.2745930820005,-214.51305222998224,780.4823522248086,-377.20455533270615,-423.9273429843774,-688.9776529636769,-296.9418447798386,-63.72308333060757,543.8485845166065,497.9894566483793,517.6185339219376,-361.3254565726601,-321.9775091136884,-481.46764901305374,610.9287860269409,542.2666151089841,529.1921031657987,95.15519892499148,178.97081095813132,366.4908824950751,-261.5283793559686,174.78832331700738,981.7478679023004,143.45714938993493,-389.9329217494305,-498.2463398749483,681.9792614153416,-331.10246815498977,-274.4315546682228,-365.401940754014,-354.1104193392063
841.5124276193984,550.1231306506015,799.499582234977,976.9768662552488,349.86744520221816,455.8959756537311,-288.2715690874489,551.0386917847659,753.1836624441513,-308.7557982539083,-413.4211961038045,92.05181221397297,-660.5330910241736,945.5477823450628,-314.19155930076624,-629.8450785057034,818.3390691528703,-196.19670803622225,-359.81112618474015,-398.05809238222935,-240.70913061608016,-241.3069242820898,-272.8511617891036,-304.5556142438766,-302.8385605863669,880.1320755099925,-586.328320453399,-521.3374326113026,-567.5233013799754,-649.0330334177299,-410.0039513345425,-463.6632121251703,-232.9223707085121,-301.064001571392,-504.0017547033791,-417.73378160930497,844.9244909454984,-415.3102038102029,-498.3397748466184,-466.5525504826698,-560.8276401100654,280.75779934912606,309.02600671562533,90.59068441977232,-477.5520561368709,-350.6696798356345,-93.17792066924004,-338.65112896026733,-124.0165341030542,-225.3631250066825,775.2189448295873,-395.8677584350222,-451.23108244575707,-717.3564461141781,-228.55299324842548,33.45080101693608,506.8738848541119,445.2657796391202,465.9946381726364,-367.8533556998746,-245.83617894375715,-399.6119941483147,570.6651441832751,486.4235835555865,488.6690806378325,60.60116172869268,128.6647060622105,313.5388584064096,-270.5897442285754,135.35318981893957,1035.243419676346,233.40143439581016,-298.3783643753377,-428.9966707620548,652.118479208066,-339.49160179550535,-285.95238185949376,-362.8672469398009,-388.8444578170127
830.144616407095,509.8406306592021,751.1015186947568,971.3840556188628,300.2716477841844,403.11766789569214,-310.67600356893627,539.4134830517331,806.0675537692255,-235.3310748440458,-433.8403936977937,38.48591721509271,-666.430597658523,935.0727284781544,-317.9537867925592,-602.2107876942176,810.3992342699265,-234.87865301889357,-371.8317893835512,-415.8166244688972,-259.51321370303793,-253.8062153671941,-287.7853330800039,-326.05665484247515,-333.4936903554928,862.4591921306628,-533.1035291565863,-503.03870497782,-562.8382402074438,-625.0658589848013,-411.9259692687624,-463.5604165225557,-252.5380609674104,-316.55172735319826,-515.9291433339198,-357.20551468161455,884.2116710009309,-438.14892079749376,-517.4404206083927,-468.1856136134997,-586.8404310507,357.3194679573618,384.4152844975806,49.84583728546055,-487.5782227445302,-373.2182223853259,-131.25547112891346,-338.94597112116907,-137.85923482021764,-236.31756955416364,762.5651230086718,-411.0857218335626,-480.37966872820334,-743.6698718590535,-154.29033184405898,132.0106668752754,467.67726036718375,393.64024285924216,413.6885840665414,-376.8393373363159,-164.6804145386237,-312.0411706199523,528.4872037203376,430.285629557506,447.99324163904265,28.11662306976087,78.96601393560218,260.4752052847764,-276.4174273431795,98.0967561409904,1078.5259845135065,320.98932108216087,-202.0295589059984,-352.76213169210064,617.7641288640087,-347.747049435388,-297.6189070103554,-360.3544630402097,-420.6802818077605
812.0811040582034,467.6370696801677,699.3253272658555,959.5422469188832,251.16053647589243,351.92362679762334,-331.6914979602948,521.7517519159863,849.6489200184385,-157.2313629586444,-455.92645116359387,-13.425024183537568,-665.5002643152386,918.8548976506556,-323.7614931029448,-567.2056267804114,795.7177573686512,-270.30427203023646,-382.42313449822905,-435.6669928958159,-280.9945847828617,-265.53080258695667,-304.7695144496456,-349.4771327894481,-360.8320559690694,839.2052197540694,-471.8161575455087,-477.0972292177025,-551.1783612184919,-593.3800080029312,-415.2350033914181,-461.7375443014071,-270.1279961405734,-329.9754147460922,-529.5106018124667,-289.6825042352378,915.4689199010598,-457.6777276141423,-535.0002057794281,-470.98260900446144,-612.5319558467853,432.0402876551123,454.9527584981974,10.33720614118231,-496.58538085156704,-392.4170771894855,-167.40380303876736,-340.3808245879524,-151.12977843535762,-247.71750171270384,743.1487342329863,-423.0167036032774,-510.90081308242,-767.0721625143235,-75.13581617433415,230.46107017026935,426.62107428664746,343.52705906552904,361.1264552040994,-388.436933070177,-79.64144123679853,-219.9824192184221,484.7492210153087,374.3448076670153,407.4219809224434,-2.226465716833108,30.19085207992772,207.6094505766411,-279.2033499357916,63.09273654386615,1111.2008040043177,404.9360642058105,-102.32689692633885,-270.45773794270553,579.4772023272074,-356.2423122365082,-309.6557913788709,-358.290791412372,-449.44551500476007
788.0801846277218,423.88401529231055,644.7724480458829,942.0763113423172,202.62556279811847,302.62192932876303,-351.1551219603647,498.6338853703301,883.7682692529254,-75.56101522677525,-479.60898889467126,-63.23409131061274,-657.1408259554762,897.1766766219233,-331.6842614319841,-524.6553587675977,774.8705605829809,-302.3383682684908,-391.8882394002203,-457.4764904739683,-305.1011827111165,-276.7856072900048,-324.0293766716826,-374.25246771403954,-384.9010067122752,811.0092877599233,-402.9284528131561,-443.2709379379848,-531.9124848275843,-553.9073397853248,-420.1815746429338,-458.739388974998,-285.77488240858645,-341.5356751975504,-544.4878672922546,-215.9030288061524,938.8175732624228,-474.0615188358077,-550.461228335206,-474.9121425705597,-637.0812549278212,503.8453498253805,519.7649481806591,-27.747629206726824,-504.87656387533775,-408.3887284128998,-201.48692673768568,-343.3049460449801,-164.15203357104204,-259.8877232040878,717.6333592179918,-431.8927463124081,-542.2052615147242,-786.6715765441659,7.78908150316602,327.31416943228186,384.051140621837,295.30909616726933,308.7143417813614,-402.6756631384855,8.036320769146016,-124.78426737315118,439.778026099192,319.1016649647285,367.1913500625843,-30.395215975305295,-17.34365416871029,155.24152620969917,-279.2142096281931,30.37496366390805,1133.074654850631,484.0671002092084,-0.7978617871918902,-183.1615098743309,537.7992993825735,-365.3277361788869,-322.2701819387059,-357.0838546860649,-475.0116815910328
758.9045716905339,378.9120180311659,588.0070786409606,919.621246001916,154.78078686494362,255.4931059057291,-368.9322652853527,470.61953699829473,908.4404431371734,8.459097425092972,-504.7204473691427,-110.52448070575042,-640.8545796288236,870.3403822745249,-341.7036599137349,-474.55280887621166,748.4538732557332,-330.90106659667407,-400.5518802781352,-481.0019757293115,-331.69761318648455,-287.87673653008665,-345.7056967346942,-399.7150396218997,-405.7923164738747,778.5018946073852,-327.1017780321705,-401.49309318514526,-504.5572261706964,-506.7548539042251,-426.972311028445,-455.1258231726652,-299.5892901501663,-351.48217811482954,-560.4869510143625,-136.76311925300496,954.4992824295056,-487.5343715569939,-563.2195403248203,-479.8523114897638,-659.6013626379516,571.7367637213192,578.1354111418455,-64.22150285905357,-512.7698020890144,-421.2998672843457,-233.3884456347916,-348.0187263723194,-177.24134003817412,-273.1271186072638,686.6957513892927,-438.0161161041309,-573.5933297027758,-801.5542497708813,93.25420216798348,421.13318290076654,340.30113116394523,249.329721175134,256.83812799744834,-419.4515407570638,97.0305997507312,-27.87769663019045,393.8786237840187,265.05487248168714,327.5174965105445,-56.39707195536889,-63.32349455165264,103.66374642993982,-276.78700860802155,-0.0619349967976729,1144.146588177319,557.3476624430709,100.98894183270124,-92.0872258162885,493.2481801822949,-375.3227168859214,-335.6472632763628,-357.1100278042519,-497.3009582169194
725.2983686538465,333.0176056497578,529.5556620121971,892.8030004650724,107.7701446794221,210.78374801528815,-384.9211571019114,438.2377432674479,923.835437288045,93.52837925685738,-530.9926985989017,-154.91783879888595,-616.2702803793584,838.6676568339692,-353.7074039555938,-417.0701936866068,717.0676064160874,-355.97197217735663,-408.7545064639743,-505.8871875228227,-360.56312084887867,-299.1070779403814,-369.84605584644544,-425.10333556281,-423.63951431080784,742.2906450387951,-245.18599425612527,-351.8840820735779,-468.802338773846,-452.2125847176679,-435.7599497072637,-451.4584766723326,-311.7086805918286,-360.10997750179155,-577.0236098602129,-53.294597475168,962.8511341569392,-498.3929227345122,-572.6355114214691,-485.5855866280801,-679.1583939971385,634.8196612262576,629.5139559889668,-98.8996503524238,-520.5906693101372,-431.3573553715976,-263.01563717706165,-354.7618658340268,-190.70008333382376,-287.6991162425097,651.0067107996522,-441.7534448784969,-604.2655313792566,-810.8114521044633,179.95605923714945,510.5730465228825,295.6973147924476,205.8850534624054,205.86280925010655,-438.5212743914565,185.9792829784651,69.26575577414046,347.34011345111105,212.68948983337611,288.5975839485236,-80.27996302732447,-107.442820497504,53.16173097705937,-272.32251191231177,-28.260686676799924,1144.5940576474386,623.9055740155153,201.4709676111775,1.448464614847046,446.3162827669729,-386.507822989769,-349.9454543539578,-358.702941449917,-516.2916024414984
687.9681460874253,286.4714384106137,469.9084640305952,862.2228751799345,61.771233203592026,168.70028794229387,-399.0566120735869,401.9819326050751,930.2561013349804,178.30655267369048,-558.0559724576757,-196.08302616665085,-583.1639804310112,802.499906222135,-367.4853952920851,-352.56520718928465,681.3021040833876,-377.5929298674607,-416.8452393128149,-531.6632536305268,-391.39054944325824,-310.7711406146264,-396.3982702260794,-449.5750171996372,-438.6146998769849,702.9491687314509,-158.20143833558305,-294.757032881872,-424.5313264539844,-390.75559606302926,-446.6332639476808,-448.2872148399675,-322.2962430390425,-367.753743611032,-593.5123542969636,33.36230431718625,964.2800982687178,-506.98755448614287,-578.0473012373631,-491.79668887844207,-694.7941669714136,692.3233113975742,673.5187231410788,-131.60359332311836,-528.6641938567528,-438.8037392484762,-290.30390591276296,-363.7018133048497,-204.8139581393652,-303.8222593074923,611.2158930208027,-443.5276966601957,-633.3374425848078,-813.569485166462,266.5561558502233,594.4162917768314,250.563056691623,165.21704901726653,156.13130856088398,-459.50054420643113,273.519384566602,165.1769843965612,300.4414709710704,162.46440952553831,250.610220573882,-102.13122025425312,-149.40968807948454,4.0142640757177,-266.276874198355,-54.29846904873077,1134.755663781298,683.0464850982277,299.1378557798065,96.0631366489554,397.4717419423694,-399.1167198143792,-365.29115529500126,-362.1424060095154,-532.0217913576384
647.5685220736062,239.52683927644227,409.52271445781145,828.445799888694,16.99549851085439,129.4033127010578,-411.31280298275806,362.3093692912281,928.1141785739916,261.4550101152027,-585.440402801704,-233.7448554909035,-541.4766115246273,762.1993164165722,-382.72805297925055,-281.5800599391496,641.7284244936413,-395.8690955706075,-425.1737996597352,-557.7527652943216,-423.7863845429037,-323.1490166487096,-425.2056798398924,-472.22387435972826,-450.9250249887434,661.0092347618483,-67.31397845233327,-230.61668105232445,-371.8360866187247,-323.0395207543495,-459.60735800752127,-446.1366669455962,-331.5395990110667,-374.77988793986816,-609.2789328758142,121.99051297593536,959.2381796482464,-513.7117023949769,-578.7874412520495,-498.0739220736659,-705.552028164298,743.6165660562524,709.9316167193065,-162.16666000974715,-537.3062261874201,-443.9125519915297,-315.2213267085442,-374.9229520807263,-219.84862584901964,-321.6609211700148,567.9407809593334,-443.8081389886761,-659.858802703561,-809.0212459158158,351.7205067319797,671.6025097243429,205.22256508086903,127.50779114270772,107.96278638733746,-481.8666299265853,358.325227673989,258.43135770794385,253.4567878913211,114.7995776794587,213.71546920039108,-122.07521866091952,-188.95225081859272,-43.507873316677205,-259.1516912839745,-78.28313408935789,1115.1117218739516,734.2612593746451,392.57432038879296,190.34818694263384,347.16132379411465,-413.3278435195092,-381.77299125762994,-367.644016052169,-544.5916757265725
604.692381277762,192.42794791723404,348.82674936303414,791.99256786533,-26.31506530593938,93.00274860220682,-421.7049042029841,319.64433688586155,917.90608838659,341.6774594684471,-612.5805006601511,-267.692318543541,-491.327157079174,718.1499817663836,-399.02734540057065,-204.8330313223076,598.8920665946914,-410.9681266830218,-434.0813226636547,-583.4777306907034,-457.2720186309964,-336.49940006349834,-456.0044079533669,-492.10045407820206,-460.8089838502943,616.9559128903887,26.195982352761224,-160.15123134434342,-311.02454590339727,-249.8893843446435,-474.61484954297634,-445.4930489058978,-339.6493623559834,-381.5766836400142,-623.5761400536682,211.3303738531933,948.1994827707424,-518.9896215564759,-574.2023602927505,-503.914315312079,-710.5053318394675,788.2171982034391,738.6879169727275,-190.44075922039747,-546.8143513163419,-446.9835956015228,-337.77293426616615,-388.41706808937255,-236.04641744796737,-341.31621543118604,521.759787340422,-443.0985498439152,-682.8366826973535,-796.4582953297048,434.1585473124939,741.250232066163,160.0034620213718,92.8752965756588,61.65046115579009,-504.9655640076931,439.1441806951123,347.6878694226998,206.65961362646988,70.06361386674139,178.05454639458247,-140.26979789912363,-225.82514122262955,-89.1440248850171,-251.4827223367756,-100.34878679406806,1086.2637632463131,777.2256554679595,480.4978403676925,282.9090672046696,295.8146109056257,-429.2558825718173,-399.4355682479178,-375.3496978700746,-554.1635311481679
559.8656239653367,145.41683068158696,288.2245889759874,753.33588017194,-67.89439990746315,59.55420855879628,-430.2894946524835,274.384196598963,900.1897145479951,417.7579053509455,-638.822834735595,-297.78582149623224,-433.0203891138461,670.7587144101242,-415.8808793116687,-123.20253156952806,553.3098531604891,-423.1174118176298,-443.8901040699489,-608.0716235581971,-491.286424496947,-351.0516716794588,-488.42271407229725,-508.23597697478505,-468.5325996674715,571.2254995604269,120.96932058366454,-84.2173179547444,-242.6205347028721,-172.2817954078773,-491.4985041516205,-446.7915158585645,-346.8574668635736,-388.5425890615486,-635.6027042393425,300.1149478055686,931.6401865310988,-523.2629454018115,-563.6744774948941,-508.7327926035068,-708.7878030822504,825.7950530317578,759.8611711056307,-216.30392899044296,-557.4584377055452,-448.3383360632412,-358.00437888451245,-404.07564484772377,-253.62272396839512,-362.8172006646228,473.2092198877813,-441.9239333102099,-701.2623556780292,-775.3021243659301,512.6596634564723,802.6705905040212,115.23786637451629,61.37106282774182,17.45898323577174,-528.0238789975482,514.8284742530749,431.7236743347614,160.32610105787458,28.562450068934503,143.74933842101106,-156.90160538555563,-259.8157722738274,-132.64663405363137,-243.82749828223768,-120.65097155200696,1048.9139226610685,811.7928676276048,561.7895702270342,372.404275163032,243.8487385556849,-446.9432512394725,-418.2728433905249,-385.3194566653375,-560.9599632155368
513.5461169655376,98.73900340050028,228.10041213159,712.8998523083936,-107.46157933410724,29.056731048203083,-437.1636519156172,226.90736173083408,875.563250219568,488.5941950594922,-663.4371344532358,-323.9629820242309,-367.04835198593713,620.455170357543,-432.699305179193,-37.704147115474,505.4695196901514,-432.5993771234645,-454.8924256301933,-630.6956046499406,-525.190467655368,-366.9971393522722,-521.9825923220216,-519.6689792965071,-474.3855348506803,524.2058303278951,215.60728118537213,-3.818533364161246,-167.355508943903,-91.32095011428191,-510.0058928434623,-450.4042673149383,-353.41509953674233,-396.0730692261428,-644.524930095477,387.10466785509647,910.0221867755176,-526.9763613041395,-546.6462438697337,-511.8754300129869,-699.6248103789142,856.1692771189385,773.6446337844875,-239.66811606089195,-569.4709323455197,-448.3154651253897,-376.0045650416262,-421.684497048928,-272.76175207826844,-386.1125588964149,422.78363964685,-440.8160547634498,-714.141292299874,-745.1332168499217,586.1257291043872,855.3726582639312,71.26180422979431,32.97948637418541,-24.37856527177769,-550.1649104749913,584.3618987753354,509.4626091211307,114.73671937049842,-9.470426489086488,110.90186993764095,-172.18058375619162,-290.7502919404792,-173.78495168987357,-236.75199616910885,-139.36172842360088,1003.8449694971184,837.9798573170249,635.5173527278298,457.58134270190806,191.67299221118407,-466.3518696557952,-438.221312006645,-397.5245685640666,-565.2601925438523
466.1263340862658,52.64697954486371,168.8224442344803,671.0624620886678,-144.73212613714165,1.4520612384751594,-442.4627109160217,177.58221025700442,844.6468835914619,553.2256599793603,-685.6309258628916,-346.2426030748891,-294.08505468231414,567.6910159058791,-448.8171683403528,50.53838099991048,455.8314422221564,-439.74501298615206,-467.3387155277561,-650.4588179002964,-558.2731259551699,-384.4796102875804,-556.1038058539642,-525.4739557012686,-478.6770965069764,476.2385447595203,308.7120748598031,79.92164944175535,-86.15214415757966,-8.209257719964802,-529.7866076026784,-456.6296125737124,-359.5900242354448,-404.5462764576577,-649.500693030408,471.1197765289676,883.780905758288,-530.5627131416308,-522.6452597895369,-512.6366839644995,-682.3643937427219,879.3001962322322,780.330599750686,-260.48661344148803,-583.0370470156714,-447.26659737959335,-391.90692306808194,-440.9211925181841,-293.61139869467763,-411.0630275552131,370.9389829556746,-440.2981395970909,-720.5254842381588,-705.7164842762132,653.5982832204744,899.0608830881469,28.412894524707053,7.619177356981974,-63.66393718646971,-570.4295015283291,646.8805161255455,579.9966948869903,70.17637182951773,-43.881611227937526,79.59385640778666,-186.33387847769436,-318.4989373113009,-212.34933597073527,-230.816534413534,-156.66477653853735,951.9015276849466,855.948697758209,700.9502281361955,537.308300495088,139.69263089798451,-487.3556801763581,-459.1533173884277,-411.842449362489,-567.3945032901809
417.9390322141867,7.401630755936151,110.74585626587184,628.160279504972,-179.4307691844597,-23.37446119457356,-446.3567012937067,126.77600493380264,808.0678124878358,610.8537790357012,-704.5676702962475,-364.7265212838169,-214.97417530071505,512.937954650772,-463.50718712886544,140.3268670156936,404.8318695624093,-444.9258483617229,-481.42540047770274,-666.4424616130633,-589.7599038257661,-403.585561427932,-590.110578857307,-524.7911312663183,-481.7320654694465,427.6228542146528,398.9271096586319,165.79142645403311,-0.1002701650374837,75.786281024635,-550.3924952658177,-465.6821881680498,-365.6630599028549,-414.308002576864,-649.7053083650405,551.0691680134113,853.3175051747862,-534.4278332157486,-491.309360017899,-510.2802859601132,-656.5067538696636,895.2766544193242,780.2889430394858,-278.76059368283575,-598.2850312197447,-445.5519875333363,-405.8890337101183,-461.35563261377285,-316.2771094729235,-437.4349740603279,318.0977059337752,-440.8691087348336,-719.547086642214,-657.0217006480307,714.2792946112172,933.625450709568,-12.973618307692629,-14.853906613245114,-100.2371048570228,-587.8008226851148,701.6868829167379,642.6000534019904,26.932839355283463,-74.60288701421936,49.886451869381474,-199.5994663533037,-342.9805616000707,-248.15598403089544,-226.56104339690356,-172.75106281029844,893.9728184598822,865.9843484734529,757.5643446625371,610.5994300499648,88.31139688355664,-509.73441718918514,-480.87088660939673,-428.05341934564086,-567.7369829808542
369.2652168897015,-36.72867249775424,54.21437435986548,584.4947242371629,-211.30491790245972,-45.591427033826456,-449.0455176292571,74.86298757021828,766.4487821102504,660.8552494360209,-719.3882075563612,-379.59912556962905,-130.70996958241062,456.6845285491552,-475.9977857464452,230.4253635484889,352.8870057656655,-448.54465445872194,-497.2828913624018,-677.7271211403732,-618.8237163045718,-424.3342592919148,-623.2411741060341,-516.8563671158921,-483.886249058618,378.62038131544017,484.9750045058855,252.5253077629945,89.5739466093161,159.3705404015506,-571.2812634552247,-477.6845048905039,-371.92349653969256,-425.6563589605149,-644.3587122176268,625.9745373845938,818.9954853534826,-538.9354126615241,-452.4103709959274,-504.0633064555868,-621.7308187445594,904.2997962014092,773.9460627518856,-294.5442252569005,-615.2767865314186,-443.5360826271413,-418.170421971519,-482.4540714761502,-340.81472294646625,-464.8956042328323,264.6551529182046,-442.9877494701629,-710.4521792253795,-599.2376996412096,767.544828916257,959.1267462863206,-52.57030759558512,-34.6416755997162,-133.97957206754745,-601.2328659520961,748.2576465203024,696.7351148097036,-14.706439466172965,-101.65351100284973,21.820270069852292,-212.21979957007724,-364.1661466607574,-281.05191431839233,-224.48989543681483,-187.81487836384636,830.9770672216465,868.4703679403684,805.0406439185506,676.6345006259736,37.93230392918948,-533.1691980364484,-503.1005757705959,-445.8395735229083,-566.6967128702532
320.34360973265325,-79.47099911323168,-0.4395803994571945,540.3390534754717,-240.1381148969112,-65.41738908065402,-450.75291540754,22.23094324791439,720.4000745061969,702.7873326137235,-729.2351179715878,-391.1244456900929,-42.41198735466469,399.4316899767263,-485.4935612289056,319.59789615838724,300.3973131744487,-451.02518613486217,-514.9642077695976,-683.4226357684491,-644.5984635837208,-446.6682568829676,-654.6605535453685,-501.0301069030294,-485.4816466706648,329.4606812664904,565.6916829117147,338.8403290617454,181.5442633767608,241.257984364505,-591.8236844869953,-492.6599926557116,-378.6632884607049,-438.8266825499631,-632.7532860701639,694.9890615225802,781.1414172487314,-544.3922455688103,-405.8751341111571,-493.2627002592714,-577.9164809440159,906.6643689748972,761.7652536868504,-307.94794474099007,-633.9991361161152,-441.5826792010648,-429.00844607403576,-503.5867574136181,-367.22245419824014,-493.0103722016065,210.9863493771448,-447.0572406704133,-692.6332898461673,-532.7793082543175,812.951318014749,975.7752974909836,-90.06422361240398,-51.99770651886938,-164.81738602543345,-609.6819944828267,786.2447108105688,742.0514246105586,-54.45914796041404,-125.13954698510308,-4.584287623152077,-224.43572301125664,-382.081162389641,-310.9199984981116,-225.05653333785816,-202.0506881776327,763.8475548164629,863.8640609769607,843.25509831142,734.7710901038535,-11.043545127248354,-557.2405105378556,-525.4898594836053,-464.7859599995608,-564.7075900744281
271.3808389083576,-120.55258228264594,-52.896270786937066,495.94530046157314,-265.7627484048725,-83.11555454544295,-451.719462305932,-30.71432297272901,670.514658195058,736.3858081909204,-733.2794207159036,-399.6408139337328,48.70539394728168,341.68721398813403,-491.198225287792,406.64527129510265,247.7514676116302,-452.8012739156095,-534.4347845151581,-682.6995694972178,-666.1954165219948,-470.44475891001184,-683.4762469029326,-476.82420544055833,-486.8611238162292,280.3471070211096,640.0551087332447,423.4722433535785,274.42441950958624,320.2099330979579,-611.3144830520885,-510.52770941315765,-386.1699489891955,-453.97720522534047,-614.2815303393087,757.4101763067039,740.0493425444566,-551.0342253378244,-351.80237478812984,-477.2034625739392,-525.1611557618056,902.7386497121138,744.2292946177521,-319.13956940826444,-654.3561131208551,-440.0494455978442,-438.6923156082761,-524.0392758114522,-395.4323262583719,-521.2431936512863,157.45247138631186,-453.4104647531868,-665.659218472087,-458.2862741896424,850.2345144542807,983.9086894272388,-125.16444592988712,-67.21989831674955,-192.7235993451011,-612.1407408040441,815.4704589335503,778.3777452623372,-92.05423309561604,-145.250263095478,-29.326412212760356,-236.48085708164072,-396.8066871732397,-337.6838235439154,-228.64820507354187,-215.6507404029865,693.5201733507326,852.6724521353087,872.2626000923201,784.5499713704012,-58.22018886546152,-581.429134789055,-547.6056138961551,-484.3842640741615,-562.2169799479761
222.561627957472,-159.70692412674856,-102.85145980357312,451.5504661787919,-288.071357352157,-98.9873365329495,-452.1946082853784,-83.5469990268564,617.366038076278,761.5562779038966,-730.7488324740534,-405.5531974180483,141.36724942913563,283.95908093701564,-492.3394336398943,490.4390728221726,195.3294855714076,-454.3055685775537,-555.5640135470754,-674.8211737612274,-682.7223907088177,-495.4283948187108,-708.7574389242327,-443.9254530748249,-488.3625142497839,231.4627317804747,707.207576405174,505.21014324885226,366.81011520713,395.0696948138702,-628.9868473839872,-531.0988850701308,-394.7181716869399,-471.1760558316964,-588.4626537625593,812.6863527017096,695.9881959968222,-559.0135235165756,-290.4740941856331,-455.287354963978,-463.7894585103171,892.9440683632539,721.8258006677606,-328.343060603781,-676.1626658386233,-439.28159942686256,-447.5353704857391,-543.0275627770413,-425.3014995756413,-548.9600441196651,104.40633802023832,-462.296541602448,-629.3006580432246,-376.6137910298373,879.3015769144442,983.9669492525094,-157.6101601158838,-80.64226237429116,-217.7199301226329,-607.6728618623295,835.91775568624,805.7084685980637,-127.23912262828414,-162.25176565019677,-52.42403147008773,-248.57655003524948,-408.4792552323022,-361.3121495813945,-235.5711792420248,-228.8034270827677,620.9222698615879,835.4302901248165,892.2758368031936,825.6938859923789,-103.21199376463056,-605.1204534953495,-568.9352171556058,-504.0391859367976,-559.6734132461173
174.05834690981672,-196.6808046328441,-150.02047135494576,407.3814083451324,-307.0259453503252,-113.36498924653802,-452.4280687254956,-135.8220127288431,561.5082301530567,778.3598857256469,-720.9566361071069,-409.3233748565318,234.2745582575677,226.74800964532025,-488.1947953885349,569.9511874796532,143.50464882631206,-455.95821948342586,-578.1190580289644,-659.1745821665143,-693.3055101184868,-521.2859680192598,-729.5571340368563,-402.21463096571136,-490.3121098804107,182.97608541938976,766.4708738281433,582.928084673207,457.32092423450536,464.7939958859168,-644.030356429786,-554.0754799239725,-404.5603095554293,-490.3901814958826,-554.967015383627,860.4180957448499,649.21145893767,-568.3874294273136,-222.3603718636108,-427.0210138565243,-394.3550442617144,877.7355211517217,695.0356398124005,-335.83487525223364,-699.1401928760729,-439.60459736388873,-455.8658347157338,-559.7164417536725,-456.6040656637719,-575.4364442868126,52.19639838258823,-473.8690086802984,-583.5501463260807,-288.8146248719383,900.217066297115,976.4678201319786,-187.17885876144484,-92.62611200069648,-239.87739256550145,-595.4484934000833,847.7156311191698,824.1855914863398,-159.7876510053328,-176.4781729956564,-73.91280242310316,-260.92740364249426,-417.2894426053496,-381.8227188932723,-246.0368716749644,-241.6922710863373,546.9625248176676,812.6810365896264,903.640629962776,858.1003125440584,-145.65055179644756,-627.6124804904543,-588.8907273264058,-523.0776752291798,-557.5135588733009
126.03939743238884,-231.2417014060692,-194.1432184442919,363.65805983081714,-322.664834205481,-126.60356211803936,-452.660743036184,-187.07860088230169,503.4772222310417,786.9947429809771,-703.3300676005704,-411.4581848008156,326.14103318725694,170.5393630134858,-478.118240482069,644.2775325620061,92.64396845463776,-458.15574183387696,-601.7614337134248,-635.2998764101045,-697.1131635285799,-547.5837535598959,-744.9370764449784,-351.78001584873715,-493.0175503895705,135.0464921091194,817.3540624879428,655.6124758288915,544.6401844367429,528.4793622319842,-655.6119719891641,-579.0509458060949,-415.9159463779078,-511.47677071532655,-513.6372609004962,900.3536810481405,599.9681493511694,-579.1093614848577,-148.11678525751142,-392.0421445282173,-317.63399224552387,857.5832493028626,664.3244842765611,-341.93796224493747,-722.9143169480908,-441.3157893636942,-464.016324534288,-573.2414088946667,-489.0239487610584,-599.8691968294979,1.1688309158039063,-488.176046207748,-528.6350122395448,-196.1132798049963,913.1839231931386,961.9831915991164,-213.69425103204236,-103.5508860326338,-259.3157218293731,-574.778112302148,851.1216716259204,834.0776484867382,-189.50826284807255,-188.32074016294925,-93.84504356674002,-273.7172798961358,-423.4792390796868,-399.2851682711203,-260.1493535017733,-254.49533116127708,472.5216107667675,784.9614947224742,906.809259902294,881.8290628096333,-185.19291887489825,-648.1277806589046,-606.8164989271426,-540.7611342995478,-556.1487190263321
78.67601691673316,-263.18515453203094,-234.98986891590047,320.5948211335011,-335.10672689601137,-139.07240741757394,-453.1154184888838,-236.8466389668312,443.793268343602,787.7744635442766,-677.437032190542,-412.49610541074446,415.728524218544,115.79468561069996,-461.5658151536367,712.65507512977,43.10705479112104,-461.2602996786717,-626.0467893228497,-602.9156214097269,-693.3815516697236,-573.7878897928977,-753.9949055671216,-292.92440755327146,-496.7601820691792,87.82881592766735,859.5540318583389,722.38424862851,627.5510729247837,585.3824062969662,-662.8996089096764,-605.513384150982,-428.960885924356,-534.1777293113615,-464.5049625784027,932.3803867779932,548.5141974397674,-591.0225694442651,-68.5740546899495,-350.1424483556785,-234.609537913034,832.9570088802598,630.1373682780037,-347.0135679061163,-747.015279492154,-444.67509894497465,-472.3124377223687,-582.7332537244857,-522.1495935009584,-621.3925532144422,-48.33247001424793,-505.1531085071689,-465.0222108824528,-99.87308107655366,918.5207290778328,941.1177384618244,-237.0334673188807,-113.80480734309148,-276.201489341647,-545.1439264453628,846.5022148085947,835.7570385983685,-216.25202006626404,-198.21542151280505,-112.28868656208724,-287.1056219946834,-427.3382756410092,-413.8228027552544,-277.89473362681923,-267.3847620084204,398.4434036259646,752.7904138291374,902.313253004033,897.0857029941044,-221.5307329109021,-665.8292789037531,-622.0004697301232,-556.300615826269,-555.95110908356
32.147197308260374,-292.34167373596074,-272.36679202536305,278.4001808596078,-344.5518042429032,-151.1464668858847,-453.9875370344521,-284.65552843840305,382.9633949424218,781.1052292883035,-643.009915234105,-412.9924493901026,501.8793204817401,62.94316767426895,-438.1198812020882,774.471702649472,-4.756611007787255,-465.5896022612514,-650.4282372896809,-561.9394969428909,-681.4410252693656,-599.2683487806727,-755.8928253190145,-226.16498145226555,-501.7870098872298,41.47743546747474,892.9493532092985,782.5151279407046,704.9673512408053,634.9333323019291,-665.0876699958943,-632.8512953445916,-443.8159592641812,-558.1176982611762,-407.8016254039776,956.512157520065,495.1232512517052,-603.8570265789805,15.280016811958255,-301.2859497262156,-146.4484336654359,804.3130817565291,592.895962208341,-351.45110753410904,-770.881286752285,-449.8949043709293,-481.0607790094113,-587.3449489671581,-555.4711090593913,-639.0987665778804,-95.96808513756832,-524.6182762019747,-393.4142759242069,-1.5574736353169998,916.6367063325148,914.4905573176854,-257.1331695498069,-123.77554435910884,-290.7448887086022,-506.2272811937241,834.3114567218225,829.6771317803572,-239.9199240215938,-206.6294029215336,-129.32629866149742,-301.2238843010213,-429.19898596052366,-425.6130069998174,-299.13291306950646,-280.52624729647295,325.5265694344204,716.6610928586383,890.7369808575761,904.2018971132192,-254.39969741717772,-679.8397733687978,-633.6891940615411,-568.8749211106102,-557.240201485378
-13.357477440549642,-318.5828696215133,-306.1224248060602,237.2747958070952,-351.2798335630254,-163.19754413667349,-455.4363307960819,-330.0453068333267,321.48356116624507,767.4627309408331,-599.9652664310992,-413.50348273261454,583.5439196763194,12.373356541901504,-407.5106294513249,829.2689929346055,-50.611881069004966,-471.4075817322516,-674.2634924706482,-512.5027608195277,-660.7422388990503,-623.306873502062,-749.8868765806473,-152.2255663856076,-508.3024114268529,-3.850714877086412,917.5882590256756,835.4376366985648,775.9576315492849,676.7423583787222,-661.4238149323847,-660.3621021442724,-460.536104743637,-582.8060096227049,-343.96307654273687,972.8747354172264,440.0960094140755,-617.2299610357345,102.32575297731556,-245.6214989674561,-54.46971570887198,772.084485376202,552.998154240943,-355.65643469856883,-793.8650603037889,-457.12940588447873,-490.5367854975322,-586.2800826978491,-588.3804968549865,-652.0627417488666,-141.40735000701142,-546.2705920888402,-314.7360465621777,97.31280192039674,908.0059701110296,882.7202958922991,-273.99422477800897,-133.841018648224,-303.1952552657519,-457.9307123335219,815.0705331928683,816.3504033362935,-260.46908401616355,-214.0471481384741,-145.0541883165345,-316.1718700172019,-429.4307785625805,-434.8861047735961,-323.5921936002176,-294.0780398548606,254.51641610561515,677.0377249285093,872.6932328517902,903.6138054956914,-283.588902360667,-689.2647878626436,-641.1065216591905,-577.6513637785479,-560.2694346327012
-57.63716259651616,-341.8265837870168,-336.1527134267646,197.40838723165675,-355.64540379416206,-175.58573781877945,-457.5766556100498,-372.579522757666,259.8400038578258,747.3701795667412,-548.4182127057596,-414.5698076580116,659.8031634424701,-35.57455473512434,-369.6337993361674,876.7383936482873,-94.1433841400998,-478.91599151387663,-696.8259691157555,-454.95746988058687,-630.8810070907122,-645.1091358859244,-735.3557413988569,-72.02130337912584,-516.4598141336584,-47.994173076984254,933.6717959068884,880.7487995434866,839.7624347066741,710.5991385523955,-651.236123815427,-687.2635982718537,-479.1002092978907,-607.6428571554635,-273.62651260467175,981.689308300766,383.7672900595918,-630.6503956276833,191.3429304709636,-183.4884399616144,39.89287827270179,736.6745404034884,510.8194553829956,-360.0388928920796,-815.2437451607437,-466.4638681654664,-500.9727089618635,-578.8219485814452,-620.1755136897785,-659.3702375224959,-184.33449572199947,-569.6915867249273,-230.11232552388344,195.2047170748135,893.1425010008725,846.4139666809762,-287.68466752447927,-144.36048869572386,-313.8354539781989,-400.3933933366384,789.3475349424867,796.3286332961791,-277.91732170903373,-220.9564882310552,-159.58156571446932,-332.0138198353011,-428.4332878574385,-441.9225288918776,-350.8671865176958,-308.1893851240432,186.0969749899888,634.3549959476211,848.801694089413,895.8396470022897,-308.9494738970283,-693.2182265586742,-643.4756247605746,-581.8088142765175,-565.2136175993842
-100.4812271912074,-362.040881308035,-362.40581993500194,158.97587543881625,-358.0705049046541,-188.65116563868557,-460.4718656233478,-411.8593037046879,198.50940257797288,721.3783778929397,-488.6905999880741,-416.6993879261422,729.8840147388232,-80.61554730146844,-324.5635442211763,916.7117178081464,-135.06188294324048,-488.2470387812128,-717.3198620383763,-389.87566120100985,-591.6206599517068,-663.8211978313873,-711.8278893955858,13.363970207344432,-526.3535611365127,-90.78614318298318,941.5333385889658,918.2078129937032,895.803749852917,736.4656256545829,-633.9597175499994,-712.7084139766856,-499.4022165029656,-631.9298181495454,-197.619827517774,983.2556628346566,326.510214837958,-643.5279529824506,281.0467646531701,-115.41474565240983,135.13320377193912,698.4537602997988,466.7157127012338,-364.9975638816511,-834.2322138527492,-477.90422097271454,-512.546094954502,-564.3622704002192,-650.0676148898197,-660.1488216689859,-224.4563046488697,-594.3501364418161,-140.83715916748417,290.6180494964348,872.5771659723982,806.1593467700659,-298.34075878448056,-155.66603981179586,-322.9753242626864,-333.99891995510586,757.7392689825173,770.1859398511241,-292.34589543368213,-227.83524184378905,-173.0296955727379,-348.77417069692456,-426.6287632338366,-447.0482303859576,-380.4204075396365,-322.9981567487204,120.88335433148116,589.0202860327221,819.6710076109397,881.4574578583216,-330.4020891220854,-690.8501361185755,-640.0438634357237,-580.562493831761,-572.1574002472342
-141.67273155106562,-379.2468417446848,-384.88583539606657,122.13318781722548,-359.0347330471594,-202.70605696870965,-464.12807090040286,-447.53794357410806,137.9576149462879,690.0486006275063,-421.3120803826678,-420.35063400988287,793.1686502064945,-122.52542908617032,-272.55950974326504,949.1471602657324,-173.1111630302316,-499.4571450685835,-734.8990934432197,-318.04005240178265,-542.9106671689835,-678.5501511274781,-679.0058122985234,102.70687197790086,-538.0112106525045,-132.05489674200007,941.6157150880796,947.728220212876,943.6872292056084,754.4631291570558,-609.1618144284715,-735.8015005170229,-521.2440100680283,-654.8847085583529,-116.9432575145908,977.9357127803406,268.7371047901877,-655.1860365094593,370.1267688466276,-42.107327079352736,229.717797412898,657.7598438348072,421.0266240564198,-370.9071356609772,-849.9996827080631,-491.3675788580388,-525.3690804048133,-542.4284288490475,-677.1942796660741,-653.60053965237,-261.51083901278923,-619.6107249138868,-48.33595625869927,382.1284487260245,846.8378916736061,762.520614358702,-306.16603775710223,-168.0546177820823,-330.9444041461278,-259.3746432115694,720.8553986244209,738.5051113441623,-303.9001485404437,-235.13879058344384,-185.53095754189928,-366.4329983406931,-424.4536523667704,-450.6283311594945,-411.5878610338585,-338.62758466280707,59.414482526563965,541.4177270133644,785.8848408000853,861.0839627578075,-347.94294876300626,-681.3757414210353,-630.1097570403488,-573.1898460508318,-581.0852244209436
-180.99365760895387,-393.5201329603073,-403.6553005682442,87.01314845348455,-359.0634301673058,-218.0272425973165,-468.4901026943611,-479.3352569134976,78.63685398665878,653.9387806593973,-347.0136479776084,-425.9160000893826,849.196932629619,-161.14509873675402,-214.06740434072256,974.1122212717232,-208.07504411511465,-512.5219193196606,-748.6898419390823,-240.42624431763568,-484.9003439432221,-688.3885809745742,-636.7860894363351,194.67905521734863,-551.3865335145059,-171.62536067566168,934.4471847076084,969.3653544370708,983.1975312824356,764.8545742960378,-576.5641435415737,-755.6205175248091,-544.3305734078157,-675.6605898441169,-32.743823721608976,966.1381209617156,210.8969317152733,-664.8793188571884,457.2865033715253,35.56531706510718,322.1316879702041,614.9003885811704,374.079588345396,-378.1038042743817,-861.6894331287792,-506.6742958180508,-539.4788199598798,-512.7079921262663,-700.6358419088336,-639.035048521759,-295.2767260111069,-644.7450997356813,45.87787097761117,468.4264899918308,816.4338110010425,716.0366790687408,-311.42834722293804,-181.7807500200822,-338.0841701375156,-177.3820974113662,679.3053933756375,701.8673869692158,-312.78801630226786,-243.28895101725467,-197.22772238979184,-384.9212577326582,-422.3494413389674,-453.0591025030827,-443.58881383288434,-355.18200190415394,2.1464311415078883,491.9133406423612,747.9921245980702,835.3553237699567,-361.6478600189756,-664.1048036941984,-613.0511105759309,-559.0566801252672,-591.873219354882
-218.23154713018087,-404.9913726715026,-418.8363984163848,53.7218015326264,-358.71406780360724,-234.84903599104032,-473.4394786248644,-507.0508978682866,20.98130287907468,613.5932505990396,-266.71347642008743,-433.706569121421,897.6626936481917,-196.38326161412604,-149.71263030426078,991.7649797068042,-239.78410410218493,-527.3324294227637,-757.8161882956566,-158.17687838303976,-417.9465806984275,-692.4422559400697,-585.2740917956344,287.8858034640767,-566.3534947122401,-209.3218048949523,920.617438252153,983.2999937352284,1014.2876372529164,768.0231484703985,-536.061614055073,-771.2388675447115,-568.2679041269876,-693.3685778373653,53.7165118877612,948.304566626204,153.46941850290696,-671.8152651055096,541.2821840536021,116.59746338614325,410.922847009045,570.1578084611865,326.1934871429704,-386.87160228597327,-868.4413084375069,-523.5421950902625,-554.8293515642073,-475.069335381283,-719.436736383527,-615.901802840492,-325.5824311224757,-668.9472295661021,140.2497001353128,548.351004107297,781.8438866760373,667.221539948249,-314.45488816143666,-197.05009318694263,-344.7400239189674,-89.09846384371978,633.6885088909281,660.8455435835871,-319.27644947323773,-252.66438516150612,-208.27095801173647,-404.1160310266771,-420.752829230906,-454.7584271292133,-475.5398390511447,-372.74158231143866,-50.55342913434383,440.8605139622457,706.5014000194068,804.9103576394992,-371.67413991926,-638.4702541787303,-588.3531462831431,-537.6426549678649,-604.2835422720158
-253.187131252897,-413.84527938370303,-430.6107433278512,22.335443768947496,-358.56117152202256,-253.3564888572649,-478.79461414946206,-530.5758317148781,-34.59871679271225,569.5360571184945,-181.49530933994535,-443.9381133222497,938.404573709013,-228.21750135012388,-80.28689388193507,1002.3350962558454,-268.1217255188095,-543.692871424639,-761.4282208887922,-72.56868137637177,-342.6147558282822,-689.8602113041162,-524.7922694584237,380.9069918653496,-582.7015287587749,-244.9714833971105,900.7546609544488,989.8192991562864,1037.0631939822133,764.4486202897394,-487.7361703684983,-781.7509693081385,-592.5641198739266,-707.1039363101385,141.09767061826932,924.8980396613442,96.95610825443556,-675.17919897171,620.9582262256534,199.8764399695383,494.7433142766626,523.795838659504,277.6820651913295,-397.42951693245743,-869.416533591307,-541.5836013706628,-571.285223671048,-429.57717590820056,-732.6308301588961,-583.8197742327321,-352.31492412140824,-691.3513774392608,233.23166995006025,620.9153586118373,743.5101910304335,616.5659563715872,-315.62541950903534,-214.0139250635789,-351.253233297095,4.210552708832378,584.586807053824,615.999904666651,-323.6859141774464,-263.592678467762,-218.8184935386913,-423.83607566821024,-420.0853356051755,-456.1549698039762,-506.4730767866467,-391.35609848216535,-98.41114062606,388.6051517400831,661.8789951660992,770.3766212366847,-378.2601084688682,-604.0549834266154,-555.6353336099123,-508.5650690451621,-617.961680077261
-285.68248920521023,-420.3185964042497,-439.2177454128513,-7.101449438492173,-359.18006606900644,-273.6790147876494,-484.3134681785372,-549.9011804680808,-87.72379723862133,522.2676556742714,-92.5800784346466,-456.7191135709932,971.3924172319894,-256.69366994644736,-6.728100002294751,1006.1057638934816,-293.0291095585252,-561.3197600908385,-758.7317533547549,15.02621966965883,-259.6722939234415,-679.8661798257492,-455.8811789719679,472.3386257176342,-600.132444258443,-278.40903552128617,875.5045254322482,989.2961840181648,1051.7630804517587,754.6826341418184,-431.8648621670986,-786.2992040507709,-616.6341212728762,-715.9747749220433,228.0216355817652,896.3933764266126,41.86890441610942,-674.1622008945892,695.2780448965802,284.21733801482435,572.385265848031,476.0669529986271,228.85664824761872,-409.9197290732829,-863.8242756888443,-560.3057490940165,-588.6172242239728,-376.50196074793945,-739.2702536400111,-542.6031534964887,-375.4271452646988,-711.0530135509117,323.32952866994765,685.3258311224494,701.8357141602701,564.5397385968514,-315.3637634898601,-232.76466036722323,-357.9529945764389,101.12560160550257,532.5610297207945,567.8767173903024,-326.3831981787693,-276.3440944041259,-229.0328860549082,-443.8380307717244,-420.7424635773463,-457.6763366511905,-535.3585135906951,-411.0378069719205,-141.24942069395553,335.489968275803,614.5505731125997,732.3595681015287,-381.7220045323052,-560.6156214883622,-514.6755158078182,-471.5998521624761,-632.4372090272362
-315.5692556556368,-424.6967519427057,-444.9515718891516,-34.577314645524666,-361.12971304632697,-295.8844014438548,-489.69873946936656,-565.1237429843288,-138.05339937682206,472.26461110167423,-1.2918437950329649,-472.0412006749124,996.7103929699236,-281.9236130019823,69.9057687693069,1003.3975864208873,-314.50895172666424,-579.8427999662588,-749.0186302218948,103.18295287181542,-170.07470601856565,-661.7901493940745,-379.2926921853622,560.8331194410675,-618.2593160145675,-309.4814231179733,845.511781098483,982.168276720418,1058.7374579756124,739.3242220402656,-368.9213366992509,-784.1018136782801,-639.8080744283673,-719.132515620723,313.1141308787501,863.2700924909734,-11.283288299650582,-667.9909222701765,763.3487870838832,368.4004144940636,642.8106153419428,427.2200070324545,180.02800061677516,-424.397277384928,-850.9492245018613,-579.1150463462343,-606.5005646699211,-316.3222300287091,-738.4568897099505,-492.2815356365047,-394.94371841675456,-727.132197700818,409.1461786923291,740.9917153645479,657.1863017246571,511.594043905628,-314.12780722499576,-253.3324197856425,-365.1487302853438,200.11503668184625,478.1489701213128,517.0082510756897,-327.7727911587297,-291.1268979219765,-239.0788460666824,-463.8136848802466,-423.0825676334352,-459.7365430612956,-561.1299276138626,-431.7536669799529,-178.98916829722444,281.8575258078976,564.9054438208212,691.434786541367,-382.44822969098783,-508.1021384848921,-465.429916964856,-426.6986395802356,-647.1284501145881
-342.7364057411353,-427.3092060474405,-448.15676029070505,-60.113607442449606,-364.93492276965617,-319.973265378349,-494.6056465578644,-576.4476139010484,-185.29432295276592,419.9817804322898,90.98047022999287,-489.7724428024548,1014.5380940059664,-304.08129187940614,148.46771953704962,994.5550860393504,-332.627534053112,-598.8076395458702,-731.696446141535,190.46850322555483,-74.94436703781678,-635.0987030462184,-295.9751806630471,645.1365326468595,-636.6077348496223,-338.0531660917485,811.4048947335465,968.9175854703188,1058.4245588694014,718.9966429795844,-299.57022189170243,-774.4808801385318,-661.3438414874481,-715.8031471348497,395.0458279063575,826.0074183522876,-62.00912102001456,-655.958224954232,824.4391011471938,451.209307659319,705.1731232626692,377.50745595851487,131.50717961947728,-440.8214374829811,-830.1793264723639,-597.3255423744563,-624.5158688321923,-249.71934682321975,-729.3754407060726,-433.1132320439217,-410.964436774144,-738.6789686327993,489.4199972753783,787.5272880540568,609.8960994147197,458.1631823487798,-312.3982113866319,-275.68262863412696,-373.1226766146107,299.5810475784008,421.8658552288308,463.9139493763622,-328.2871158119865,-308.08403944018414,-249.12018059758773,-483.3887304395389,-427.415602746943,-462.7231351694478,-582.7139836722787,-453.4172130136789,-211.64895411427509,228.05177738329223,513.3029292612548,648.1431516951359,-380.8909093804965,-446.6721425697382,-408.0476918501572,-374.00085941361584,-661.3513571974088
-367.1171841762933,-428.5234390589661,-449.2225605160687,-83.76399746306932,-371.0682549189022,-345.87403849522894,-498.6522279767592,-584.1814926728758,-229.20925469239572,365.8563425904905,182.82377342388136,-509.6538475225456,1025.1308667924752,-323.3973991430224,227.75637741709184,979.936247393598,-347.51506137462707,-617.6807540543037,-706.3163948392341,275.4861120280055,24.45728446370885,-599.4227324301687,-207.0508778079957,724.1211360332707,-654.6197746925877,-364.0116435723676,773.7839866018339,950.0518468746276,1051.3274019720438,694.3264720983353,-224.6542061893005,-756.8893779966747,-680.4433281523657,-705.3181609825447,472.5711111203783,785.0813098616654,-109.84983288850876,-637.4534226281551,877.9895086672404,531.468186862991,758.8324118333346,327.19157454291843,83.60529349452464,-459.0491056441709,-801.0326623403872,-614.1717823735702,-642.1532871700737,-177.564328467456,-711.3267900390194,-365.5905943679268,-423.6651627692507,-744.820184322749,563.0563797752844,824.7462008831519,560.2757075851396,404.6655736646807,-310.6660515571686,-299.714578857177,-382.122759291593,397.9085441580887,364.2061678433096,409.1020067058007,-328.3758746083881,-327.2909194146024,-259.3162075088001,-502.1234281408316,-433.9919584745606,-466.9843226247144,-599.0617963861798,-475.8805187931225,-239.34230330009748,174.41801529288847,460.08001649103113,602.9885698304987,-377.5548583638012,-376.6988664766548,-342.87885828390654,-313.8398910089912,-674.3328351459769
-388.6948064596359,-428.7375603973001,-448.57609568908015,-105.61276945971,-379.9319757946608,-373.4386096664599,-501.43199290749607,-588.7314785351851,-269.6249234922965,310.31296928666023,272.84199376499515,-531.2993771566806,1028.8005305939685,-340.1525858544744,306.55255732728745,959.905222783354,-359.36415068956654,-635.8567302733487,-672.5979107521482,356.91735115289225,126.76303205700088,-554.581117973182,-113.78606310873772,796.8119346231446,-671.6609929668549,-387.2722498476284,733.2121051751346,926.0883453046566,1037.9915048675305,665.9256366834489,-145.1740145253971,-730.9361781312036,-696.2725376607021,-687.1439652131569,544.5625782073954,740.9630921426192,-154.39405183139235,-611.9908228041646,923.6153970502918,608.076077758567,803.3597199839559,276.5492136289167,36.63211786094482,-478.830488725087,-763.1823348947302,-628.8260428574621,-658.8199973732504,-100.89692247918876,-683.760226373614,-290.4365685742833,-433.2959277671536,-744.7471617062145,629.1513904641887,852.6492162799028,508.62212844610735,351.50363818801446,-309.4196323806133,-325.2608659174818,-392.3557179388677,493.5145431008871,305.6462998442389,353.0708203622808,-328.4947518258175,-348.7539211863213,-269.8175877601722,-519.5155760150317,-442.99160885235966,-472.81648326966047,-609.182115118356,-498.9267928057512,-262.27266870423256,121.30125429454873,405.5595316658548,556.4378712607765,-372.9841475420524,-298.77202312400823,-270.4747266561641,-246.74255944186308,-685.2285118684932
-407.50663947701736,-428.3715621674754,-446.6744371101552,-125.77256932047884,-391.8405049478662,-402.4387796852329,-502.5286385549622,-590.5893787823519,-306.4393712817138,253.76940504137207,359.695762989122,-554.1996968152948,1025.8974915857937,-354.66942880918435,383.65603847875855,934.8280701038576,-368.4264671356117,-652.6682226889949,-630.4487848452884,433.55991737536266,230.5372092875809,-500.5990436684826,-17.555158139441676,862.4061179068165,-687.0306980532132,-407.783228351941,690.2096986991797,897.5407404142952,1018.9845014992252,634.3768541653282,-62.2618976257425,-696.4078055433574,-707.9849281684883,-660.9085160707725,610.0397258682207,694.1193113400121,-195.2917000580832,-579.2352550894224,961.1030626983504,680.0368266403904,838.5356615370706,225.87474837772464,-9.106422769822226,-499.80741697372713,-716.4781516944219,-640.4197319766971,-673.8512623367629,-20.8975194036976,-646.3030189384948,-208.5921137744596,-440.1761746776487,-737.7433645236354,687.0068849300296,871.406461208748,455.2295217111806,299.06253831943866,-309.1307320891837,-352.08761478844946,-403.98042961058144,584.895729579237,246.64743431770685,296.3098758913804,-329.0936793736799,-372.4094125622402,-280.7615232445155,-535.0061220801618,-454.5138390835923,-480.45239440302464,-612.175126475041,-522.264218767323,-280.72609396236413,69.04318810190114,350.0581161343702,508.9223256556458,-367.74658464757096,-213.6909769851655,-191.58030562049652,-173.42151707075934,-693.1447875753005
-423.6466580264066,-427.8573081821435,-443.9956888269181,-144.3816353120011,-407.00385108857967,-432.5637241963671,-501.5324349908666,-590.3168000500624,-339.6278434377212,196.6417413948749,442.13873306999,-577.7297885008056,1016.7950484769524,-367.3032648531919,457.9208018986913,905.0711847065746,-375.0075798239922,-667.3987991832754,-579.9795371761195,504.3594803294527,334.3153640561026,-437.7197666247192,80.19976703472099,920.2848161004388,-699.9755970252089,-425.5300436492044,645.2519832655302,864.9091602270272,994.8783825031828,600.2226880891035,22.85034460494945,-653.285736195903,-714.7474736548788,-626.4239042406547,668.190662013583,645.0123183865586,-232.26640052498533,-539.023327568405,990.3995820139362,746.4834773271726,864.3406420479508,175.48099487169213,-53.31184737618858,-521.5146017753872,-660.963870923027,-648.0685190023728,-686.5250987512472,61.14705084894644,-598.785832971705,-121.19459816661112,-444.6872394328832,-723.2112852807508,736.1369567979606,881.3355273249433,400.3997753089067,247.70780522121592,-310.2405567457694,-379.8954352129004,-417.1014086889888,670.6719553558623,187.65809832851443,239.2997393357317,-330.6048447529738,-398.1229755409636,-292.266285533052,-547.9876756200234,-468.56784811935415,-490.0505310002187,-607.2657248770643,-545.5216837893246,-295.061674532243,17.977945577203784,293.8933738261866,460.8402155298968,-362.4165317342771,-122.45001742301632,-107.11860105705112,-94.76041629444748,-697.1647634838337
-437.26606452910994,-427.6274305667279,-441.0291767633416,-161.6006466405846,-425.5125991622931,-463.4186989459288,-498.0577680108199,-588.5255257991935,-369.2468194622272,139.34872708092146,519.0489034669126,-601.1604726536425,1001.8764504932584,-378.4320153697902,528.2871152436956,871.001926948448,-379.460178374184,-679.2987890415341,-521.511015701568,568.4342992148396,436.6444102689616,-366.4088950632418,178.01224649004982,970.0169913471929,-709.7067841750387,-440.5391785190173,598.7687846678723,828.6735377352862,966.234867773422,563.9582178772306,108.86743210219552,-601.7580739667309,-715.7686385639752,-583.7036905164033,718.3861527239782,594.1010965388909,-265.125854093905,-491.3792763455117,1011.5975573935584,806.696211479475,880.9389191990159,125.69798906614818,-95.69766764596169,-543.3841433572928,-596.888844158919,-650.9005331234772,-696.0804669351905,143.88238067575998,-541.2625574435447,-29.547795087508725,-447.2622986477608,-700.6975684921449,776.2660302161775,882.8768076666985,344.4519472053227,197.78198232905652,-313.1457077530306,-408.32109071843945,-431.762519793297,749.6236845049134,129.1159053293193,182.510947126326,-333.430596155474,-425.688723852131,-304.42508083540963,-557.8160637772255,-485.0645758505907,-501.6857498056455,-593.8349796947127,-568.2470171766847,-305.7000331989832,-31.573061962231144,237.38967198428867,412.559913064843,-357.55657607655024,-26.215922604001413,-18.16721163804243,-11.792178514417822,-696.3774176166407
-448.5720421377885,-428.1033931346406,-438.2648416611097,-177.60931186751637,-447.3250622650114,-494.525262973514,-491.7612326464324,-585.8548892926777,-395.4357498401882,82.31454696659436,589.4536983722367,-623.673779906377,981.5250260474512,-388.4451278647895,593.8090795221918,832.9908430144583,-382.17584228199087,-687.6040884174159,-455.5744594952057,625.0917698832579,536.121408815194,-287.35054246558,274.43538008024166,1011.3557490735308,-715.4198566153548,-452.8812521991958,551.1463522649915,789.2899225344728,933.5942088044312,526.0271287586454,194.46912016973823,-542.2245941406827,-710.3273054185538,-532.9739117268387,760.185811624707,541.8418696316506,-293.76974258899287,-436.5244567264557,1024.9159727587328,860.113421686776,888.6575369706941,76.86963502460205,-135.99472283177886,-564.7535463420693,-524.7130460823311,-648.0867519333458,-701.7387279172945,225.92822653483304,-474.02327976469576,64.91539066818993,-448.3741106327969,-669.9153396287529,807.3193393740967,876.5674449369396,287.72974133508666,149.60049077014622,-318.18448959414826,-436.9399228526233,-447.94102140666735,820.7217869336648,71.44811343137432,126.40169925247952,-337.9313880727474,-454.8286976328339,-317.29931851175803,-563.8249501633727,-503.8101626397896,-515.3416513764848,-571.4484435691273,-589.9082952244141,-313.11012666023896,-79.30686889694474,180.88220045697403,364.4229600743729,-353.6986395410508,73.7015529888252,74.0718773031571,74.32891507845517,-689.9091583406542
-457.82467838414567,-429.68305982816497,-436.1819497730394,-192.60281243883333,-472.257248764085,-525.3233315152033,-482.3595904180394,-582.9470159659566,-418.4161425019259,25.96962330860422,652.5479638284326,-644.3820107544767,956.1174711961438,-397.7317824418601,653.676563005303,791.4148289720633,-383.5755896402654,-691.5576798534617,-382.90360547546055,673.8365451677611,631.4292443585526,-201.43511025113213,368.084371433514,1044.2277823285235,-716.3177597986165,-462.6733449896856,502.73061016806463,747.1893126549816,897.4675113258675,486.8208760041532,278.3493471995694,-475.2943827688067,-697.8015547040942,-474.6768743794193,793.3367206242705,488.6880867206492,-318.19480914497154,-374.8797625237224,1030.6784980136356,906.3359114730532,887.96151400366,29.348337687356395,-173.95708074949675,-584.8774213758637,-445.1047285650696,-638.8724950624827,-702.7279303336898,305.9211654840114,-397.599379173912,160.6758750348832,-448.5209442146908,-630.7626542651021,829.4068805829895,863.0151885782224,230.6063401207063,103.44697252873765,-325.62390499508774,-465.2691354917228,-465.5421448743092,883.1485723625541,15.070758879838037,71.4143719693055,-344.41391450051174,-485.1924656660515,-330.91142892610344,-565.3433812156351,-524.5015063891921,-530.9048816813421,-539.879917728911,-609.8986600836942,-317.79478446925333,-124.9449054016604,124.7190195070182,316.7467422688798,-351.32515105740805,175.8851824076137,168.30793369562866,162.3601798446316,-676.9566631197958
-465.33214304714886,-432.7281644360143,-435.237262584648,-206.78820930473395,-499.97630990070166,-555.1753918141499,-469.64684763489805,-580.4209234274103,-438.4877494886036,-29.250860806602805,707.7045153710443,-662.3502103047532,926.0201854306268,-406.6685508245234,707.2308077905338,746.6605949493198,-384.09945132507227,-690.4334000941035,-304.41881616098976,714.3703538349781,721.36770403201,-109.7388861779844,457.67557587635446,1068.7170264470496,-711.6357843989013,-470.08039027771474,453.8313218809004,702.778440306638,858.3324732324838,446.6804650755692,359.25415462185106,-401.77563867466944,-677.6960988716096,-409.4671202104785,817.7651906350692,435.0894641998558,-338.496872777417,-307.0605495064427,1029.290605523007,945.124610482366,879.426721276707,-16.512162659875862,-209.36824603537028,-602.9429392505485,-358.93027004878456,-622.6087620790095,-698.3092934117869,382.55616278626457,-312.7600182291117,256.1750633546691,-448.2111307457832,-583.3359844015357,842.802170305723,842.8733278951071,173.486119625026,59.56839766190568,-335.647700116356,-492.7721062179384,-484.39449099261776,936.3095098707898,-39.61372526135802,17.97096770503767,-353.11959781631595,-516.3571981675245,-345.2374632143777,-561.7159538005021,-546.724419783376,-548.1616025838784,-499.1293331497306,-627.5449634450417,-320.2754475433245,-168.23881748087447,69.26095071654107,269.82646325228643,-350.85091878524054,278.8502626635752,263.2007976750178,251.007049592369,-656.8197204408568
-471.4442299162881,-437.5521045826025,-435.8528440076442,-220.38090689710668,-529.998117147901,-583.3732132028224,-453.50968537623015,-578.8465266147215,-456.021730811257,-82.91084984999699,754.4773188191825,-676.621668845768,891.5883752457391,-415.6067484984937,753.9733728874129,699.1278415966539,-384.1953247091599,-683.5612638347245,-221.2036395239806,746.5840930444651,804.8787916375563,-13.496101291471586,542.0602055634436,1085.043874645696,-700.66796558608,-475.31546958870416,404.7266912436224,656.4419088313994,816.632254753909,405.9003171174547,436.0166068852821,-322.65761947363063,-649.6671269159442,-338.1992797983201,833.5626991263777,381.4898715681006,-354.86964790999554,-233.8639765583192,1021.2168066780528,976.3925242370454,863.7118512353898,-60.36544330389182,-242.0473875040672,-618.0889620346306,-267.23619716401623,-598.7820226815877,-687.8050535744713,454.6251495337791,-220.49968618989192,349.86303058704976,-447.9466987678386,-527.9377334515798,847.9172829911231,816.8176952606792,116.80301010336346,18.170235332847504,-348.34583037721194,-518.8639432986591,-504.24658368287584,979.8356430385128,-92.22034044914106,-33.53229470701604,-364.213639651632,-547.8285798976883,-360.19979565874536,-552.3251069135265,-569.9548887688297,-566.7963289836131,-449.43353582951545,-642.1203854885257,-321.0766218970519,-208.97582759491763,14.879292899025268,223.9362458256377,-352.6063279246489,381.08727936614673,357.4018599007159,338.9614262022319,-628.9326563857089
-476.5443808389602,-444.40847454718346,-438.4037237004118,-233.60124329316457,-561.6895611686821,-609.1473512198613,-433.9404792543463,-578.719598911593,-471.450803967009,-134.57967278683665,792.5977969211016,-686.2459341515599,853.1675128701866,-424.8597762839783,793.5684463930454,649.2316540661827,-384.3073602922053,-670.3534401508459,-134.47465039518252,770.543154933627,881.0654961473012,85.93546986879271,620.2511836600617,1093.5414706431693,-682.7939833091148,-478.6388315632251,355.6679945885181,608.545104695702,772.7770437906206,364.7336574057525,507.5871569303412,-239.08517341250317,-613.5433296990514,-261.9079162402783,840.967263739786,328.3239655943996,-367.6003592199026,-156.2490550654979,1006.9591884278926,1000.1918843483191,841.5307726061603,-101.88214404481764,-271.8552780999034,-629.4286083825737,-171.22380725097452,-567.040999438173,-670.6266553243696,521.0509295128476,-122.01687955455137,440.24591581389,-448.20656693810025,-465.0769332292306,845.2756756752054,785.5265270292392,61.01552012632557,-20.588011986754548,-363.70571451732616,-542.9185377697963,-524.764952985995,1013.5772412041435,-142.38659641904965,-82.73098126992693,-377.77489406600455,-579.043002311287,-375.6603334609888,-536.6148398891947,-593.5638817817899,-586.3933023654658,-391.2689889296842,-652.8609997625272,-320.7105960108705,-246.9833476575938,-38.04852335640098,179.32930475097072,-356.8224632182716,481.10522025709935,449.59456715708734,424.939988989784,-592.8928592644602
-481.0403086571426,-453.4807111543829,-443.2056714614648,-246.6712381082269,-594.2760569690903,-631.6796783425059,-411.0471922280782,-580.438691429631,-485.256514018194,-183.84044788707237,821.9650968534821,-690.3086857957006,811.0966351603224,-434.69079615975977,825.8388966484224,597.4037359689039,-384.8641277854442,-650.329802168135,-45.54583145881297,786.4672469162737,949.2036464542168,187.1138880737044,691.4420829067224,1094.6306487486047,-657.5055340211178,-480.3554593695909,306.8839268290881,559.4373791092335,727.1477567461197,323.3988715415722,573.0582290976012,-152.32676391515818,-569.3419535528752,-181.77988124106247,840.341625617232,276.01260268042984,-377.0622615999043,-75.31009606412542,987.0382385917902,1016.6976181888152,813.6263980637426,-140.76033637800992,-298.69963604328353,-636.0748252523939,-72.21727742986977,-527.2189958574926,-646.3021092443162,580.915044031554,-18.684474800995048,525.930297323553,-449.4297842737905,-395.4625316372123,835.4842420751011,749.6637420883774,6.598695996580025,-56.59662428099893,-381.60562846165016,-564.2773615891095,-545.5341290600774,1037.5896830232214,-189.7785033833245,-129.29872467374173,-393.7868896939305,-609.3714977132504,-391.4147125396861,-514.1149645107909,-616.8260578852321,-606.4405476699161,-325.3457237213088,-658.9860580542758,-319.6629841765948,-282.132611558795,-89.1450982610542,136.23723593269057,-363.6187169800391,577.473477684733,538.532376060155,507.7206090617681,-548.4849263336611
-485.353332818994,-464.8731648200821,-450.5033661143933,-259.81148438542425,-626.8545810961982,-650.1190666349395,-385.0595073293492,-584.2849214804559,-497.95387820937634,-230.30024877198505,842.6314090023401,-687.9626764589899,765.7128944318594,-445.3011200472067,850.7567231965263,544.0922324586207,-386.2667969525911,-623.141846523659,44.21090410027649,794.7061644615044,1008.7468962324872,288.55561583480244,755.0175853415077,1088.7950411434026,-624.4310480310739,-480.8110358002255,258.5844397814698,509.45508881015706,680.1012313662754,282.0863149541938,631.6821907115276,-63.73731861989505,-517.278872874251,-99.12013398004312,832.1496294113151,224.9571813938212,-383.7042858706729,7.755362273742534,961.9767088554248,1026.1883197295533,780.7469837404665,-176.73599541876214,-322.53956889721786,-637.1683459564941,28.373436762728065,-479.3504282063786,-614.5012307212871,633.4785930280268,87.9871722289185,605.662523975451,-451.99931727951576,-319.98902299231435,819.2058960993103,709.8659614530851,-45.96648553320924,-89.79856736427585,-401.8105627170554,-582.2602281062738,-566.0589169538483,1052.1129208918978,-234.09707872572568,-172.9534583289496,-412.1303987029875,-638.125855813304,-407.1880123370877,-484.46482929226846,-638.9325784376351,-626.3367413559567,-252.59227494619665,-659.7215608528809,-318.37964607242344,-314.3411605283145,-138.04068196191125,94.86854624994044,-372.99339527137977,668.8603945697688,623.0722881545556,586.1751686945981,-495.6990522586697
-489.9065468207755,-478.60383705585735,-460.459262438854,-273.23812118734946,-658.4123629582134,-663.600200306403,-356.3306870347969,-590.4054197590286,-510.0737726557388,-273.60150019107067,854.7835850845325,-678.4587969686746,717.3567307611966,-456.8197053892873,868.4288030468388,489.7600144445002,-388.8775543871584,-588.5937228777785,133.40719972889715,795.7130711638526,1059.3252635490987,388.7792699456971,810.5554183202859,1076.5577269585126,-583.3575738429257,-480.3862014039767,210.96394551977335,458.924187249428,631.9762286335533,240.9651250989528,682.8823133476957,25.282422888076376,-457.7718810973192,-15.312377258609413,816.9321130217198,175.53317624078514,-388.0381258372832,91.68271437818984,932.2869920653966,1029.0258867902842,743.6255503778497,-209.5930271198432,-343.3888576235461,-631.9072259110252,129.09327002277257,-423.6804240898608,-575.0574321782169,678.1954105722152,196.39291404956305,678.3613134079258,-456.2268861679193,-239.7145862477818,797.1337887900643,666.7333590060019,-96.2056179367456,-120.19125926687764,-423.9708308147406,-596.1781563043478,-585.7692869122673,1057.5461093669658,-275.08492453376346,-213.4632839279801,-432.5780130483347,-664.5672953657208,-422.632546061246,-447.4353336581888,-659.008051187422,-645.4009978820789,-174.1318036477236,-654.326466416323,-317.25548996979063,-343.5740884077798,-184.3818024249305,55.40660514571898,-384.81777406200433,754.0667601903274,702.2024489279714,659.2973611260805,-434.74246404284406
-495.1119572852694,-494.5989586269237,-473.1434732480715,-287.15977220348066,-687.851114850715,-671.2653160234461,-325.3347986869484,-598.8010863772774,-522.1435371185001,-313.4339555875739,858.7223634356127,-661.1761830662109,666.3770281317312,-469.2941470928605,879.0790000864226,434.8814053571164,-393.0084625683999,-546.6591377186048,220.67978321926807,790.0168387071548,1100.7379707614027,486.34847236400617,857.820220734739,1058.4605718955218,-534.2486558050709,-479.4890666748767,164.2038406009256,408.162153640321,583.0995672690905,200.1896602299501,726.2567457696355,113.32816370305146,-391.4366703114032,68.22378830406801,795.2834779263394,128.08321195657038,-390.6231571062885,175.1788356584535,898.4622054367297,1025.634910659476,702.9628860992344,-239.17231230058184,-361.3178753319025,-619.5769734293043,228.48440288678924,-360.66665148554586,-527.9847846701477,714.7173943003816,304.87941897501275,743.1423598638715,-462.339341376463,-155.8323504067641,769.9680409695235,620.8242151190963,-143.66447650207934,-147.82702708048674,-447.6236749227079,-605.3483648999967,-604.0281516679503,1054.41909471808,-312.53243101057404,-250.65168845328063,-454.7912261568707,-687.9179554758409,-437.32826397131225,-402.94799841005215,-676.1314381169702,-662.885650848438,-91.25011013118127,-642.1206843597147,-316.6255953167409,-369.84402910028064,-227.8404055002332,18.00723565276759,-398.8339792645762,832.052921274998,775.0627427216046,726.2244085737404,-366.042983186214
-501.3567751526516,-512.6895280393528,-488.52499418161307,-301.77428679417056,-714.0164258509881,-672.2884696421166,-292.65912767072496,-609.319158963267,-534.6663744481756,-349.5465280135034,854.8404819555541,-635.6501693185265,613.135649695891,-482.6835347901597,883.0278120191874,379.937423498708,-398.9109556721616,-497.4930082582397,304.73008752558974,778.194909892476,1132.9415690690334,579.9117654420315,896.7502403260054,1035.047117675014,-477.2571069829852,-478.5460198426426,118.47436958974625,357.4791320218155,533.79176374306,159.9052644202105,761.5759013334973,199.03392243093492,-319.07529573416434,150.0772379135878,767.8299220669795,82.91009048515897,-392.049631634156,256.9611730694674,860.9708964658463,1016.4827801389754,659.414377438401,-265.3792755974142,-376.45400907665794,-599.5801438521092,325.1283071688504,-290.97292545968025,-473.489198984105,742.892168893063,411.79356409183725,799.3341893380207,-470.46704363343474,-69.6358616606811,738.3956481920861,572.6528525018014,-187.92291950789607,-172.81214673875664,-472.1980698343103,-609.1112705456549,-620.1422067878092,1043.362461537997,-346.283192667976,-284.4018783524164,-478.3205169372352,-707.3753299602344,-450.78623814624376,-351.08989093355467,-689.3605495046829,-677.9920536068919,-5.356732723892975,-622.5138100127763,-316.7589966353743,-393.20993576879766,-268.1230025351885,-17.203819155175115,-414.6569659908945,901.9586024233024,840.9578196917389,786.2520490822351,-290.2441570018079
-508.9891008499351,-532.6098929193525,-506.46461052061153,-317.2650825727057,-735.7316744338427,-665.9017270986365,-258.9918089957403,-621.6509481094689,-548.1002095312374,-381.7582109810306,843.6008622081134,-601.5968273426474,558.010823795424,-496.8535134005133,880.670768039358,325.4096871888664,-406.7661621218099,-441.4369410464543,384.3601777658708,760.8479853382026,1156.0344779604516,668.2377560317956,927.4381302618276,1006.8495483850024,-412.7317323588811,-477.99096015002806,73.93588446254276,307.1782239843978,484.371636564011,120.25313068124382,788.7739804056448,281.11159553887984,-241.657290245915,228.8891414018251,735.2101022770667,40.270216966579646,-392.9206261292069,335.79552127614966,820.255045865898,1002.0613106641226,613.5807292111953,-288.1895694692532,-388.9805317854997,-571.4641520926936,417.6854994206615,-215.454582123802,-411.9728007379205,762.7536096474403,515.5303614223847,846.4850176856419,-480.6346651310235,17.51976215836946,703.073996808092,522.6904768077216,-228.60828444480623,-195.304431341927,-497.02287743139306,-606.8491861050107,-633.3758851111216,1025.0777276292918,-376.2382829165696,-314.660057912893,-502.6088859533951,-722.1296033191983,-462.455576321753,-292.1233239675044,-697.7595370695544,-689.8893431100431,82.0592244505397,-595.0333983869216,-317.8553616345488,-413.77475299099206,-304.9793501185602,-50.133317709005766,-431.7807538284948,963.1149850134904,899.3625018220828,838.8425714783949,-208.19183024679484
-518.303322198289,-553.9984381022682,-526.7098409185666,-333.7968756506157,-751.8355454216961,-651.4224903847158,-225.10493893068372,-635.334949249247,-562.836744310951,-409.96734577055565,825.5159004284759,-558.9328188922678,501.3989698796016,-511.57385003413634,872.4567611831943,271.7731892916202,-416.6762495820036,-379.0178868702344,458.5034729229458,738.5776134655533,1170.2391232669258,750.2439822600628,950.1073787053202,974.379911245968,-341.2172873590339,-478.25317496566174,30.73957183959364,257.5549377904403,435.1594483082813,81.37410072919121,807.9355887388858,358.38645760970365,-160.29398829390792,303.3941609763595,698.0587688338784,0.3678720227858462,-393.83324091433445,410.5307538198068,776.7308481375036,982.870543661686,566.0024784673172,-307.6525727093427,-399.1339435801724,-534.9459933397617,504.931171041297,-135.13607774034628,-344.0308803348641,774.5060554819827,614.5782095309089,884.360867760579,-492.7547664779897,104.2591820559684,664.6182236702741,471.3683305471162,-265.4075670993782,-215.50940771854852,-521.3384467232391,-598.0062265083278,-642.9683309268237,1000.3090875701856,-402.35911180244864,-341.4375353734014,-526.9992010875172,-731.3836691558346,-471.7339473537708,-226.48945145410164,-700.4285988522279,-697.7359948674239,169.47652553292795,-559.351467199154,-320.04467727777,-431.6821176040386,-338.21024569191604,-80.7226100925128,-449.5889413640721,1015.0490349373238,949.919988041779,883.6260894768541,-120.9124981956166
-529.5256269005802,-576.4004415826904,-548.8922905158901,-351.51060800737616,-761.2219826348908,-628.2810073485196,-191.83367304688747,-649.765396244737,-579.181496250287,-434.15857068886646,801.1287192598008,-507.78936420273897,443.7147011846583,-526.5187744174568,858.8674047277849,219.488194036772,-428.6570038440652,-310.9396609280307,526.2491059687129,711.9674993877651,1175.882827286359,825.0184250547345,965.0860553719208,938.1254323517388,-263.44725419066833,-479.7441597287968,-10.97228227988075,208.89584527916864,386.47829329978,43.41130129841507,819.2785697590967,429.8271190558003,-76.20701271605837,372.4571248533234,656.9936923826762,-36.649258358491785,-395.35955236471966,480.1290185804612,730.791614889383,959.4051900593583,517.1580792157027,-323.89252521096967,-407.1998582982668,-489.932557110481,585.7851398730314,-51.18172830872058,-270.4411722249389,778.5032937405389,707.5594592816288,912.9356493649792,-506.6244267839321,189.2286895776641,623.5924591453231,419.0825019994668,-298.07779680809426,-233.67518947078136,-544.3116843190182,-582.1087514955647,-648.1531458921704,969.8178495136164,-424.6686846797336,-364.81158443741697,-550.745577769281,-734.3754318844263,-477.98170672299415,-154.80516350255056,-696.5349268343984,-700.7038471932848,255.39024096087977,-515.3078709069599,-323.3899322688734,-447.112245565058,-367.6741020960503,-108.9492112758478,-467.3693813487299,1057.4804665971924,992.433678087762,920.3956094833508,-29.58425924499376
-542.8001109294646,-599.273168018635,-572.5277985615747,-370.51744704165054,-762.8811839720227,-596.0469822347332,-160.05206141530206,-664.2061802413565,-597.3356313910656,-454.4069208519888,770.9970304698152,-448.5192828484983,385.3889017262824,-541.2703201845653,840.3983494497267,168.99154193079497,-442.6318760329187,-238.06739165357288,586.8591662473791,681.5690587863792,1173.378503619008,891.8330721541771,972.7795903421857,898.5474736895881,-180.3293672793196,-482.8437443210335,-51.0664345321054,161.47653740480115,338.653582048206,6.511574781968934,823.134242231356,494.5688012381745,9.307759350167284,435.103566005615,612.6059913427692,-70.69295669016856,-398.0278193571869,543.6902262188942,682.812073064515,932.1440187136668,467.4652236285991,-337.1072394250098,-413.5075469043017,-436.5352877716554,659.3349486482829,35.139085674191904,-192.14563622651156,775.2235928159841,793.2646015821479,932.3742749146804,-521.9251183878689,271.1365100969868,580.5048180630879,366.1997121331008,-326.4541755969296,-250.08621386236408,-565.0545331990738,-558.7855275186374,-648.1805060923919,934.3604116201086,-443.25118000743606,-384.9250143341511,-573.0288558931443,-730.4018187481649,-480.5394051578248,-77.85301912047872,-685.3437730708031,-698.0040967555412,338.35883335240885,-462.9292131432639,-327.8926571491329,-460.2771757736474,-393.2920535609862,-134.82771867616324,-484.33275312169707,1090.3120673503718,1026.8537375103306,949.0967365381258,64.4983685675074
-558.1760310527771,-621.993282362571,-597.0197630696347,-390.89183689462135,-755.9400639766332,-554.454107620059,-130.64659466685265,-677.8099155300229,-617.3803926345282,-470.8787195625324,735.6800431634247,-381.6963117673828,326.86493009591527,-555.3248424512959,817.5432996745159,120.6876672718801,-458.427757807188,-161.40534836458184,639.7784831336658,647.8914470551691,1163.206053581313,950.1494420598784,973.6442183524356,856.0834490959018,-92.92419841110042,-487.885931588738,-89.41919659958316,115.55899810209172,292.01061404371865,-29.17428160840136,819.9262290554517,551.9291769967646,94.9191396052268,490.5429050387607,565.4537732579684,-101.73551659714036,-402.3044345345299,600.4700250672915,633.1533201017448,901.5423177076132,417.2849626421772,-347.56443099815294,-418.4232638178283,-375.0780930541821,724.8513885198915,122.4905985875148,-110.22534647463944,765.2421838033673,870.678792212737,943.0101584698768,-538.225930853346,348.7896172897074,535.805852495194,313.06342919182407,-350.4557155936837,-265.0560571213533,-582.6456931729235,-527.7866921342891,-642.3411014076887,894.6703080666177,-458.2498651722437,-401.9844074366901,-592.9760520525315,-718.8437659371737,-478.74826262240816,3.4356702015544784,-666.2483891964195,-688.914576177265,417.0476081732194,-402.44207073463787,-333.5010587562069,-471.4155491989828,-415.051435994007,-158.4099881168705,-499.6346243319663,1113.614377304781,1053.2597215717212,969.8130650675772,159.96412740158766
-575.5967957563298,-643.8666748713371,-621.6659963290491,-412.66371249302006,-739.7004817450434,-503.4212854752207,-104.4886098225523,-689.6417878972647,-639.2648735094027,-483.82909232096193,695.728632625654,-308.10623783004456,268.59313484420665,-568.1028145053436,790.781235397066,74.9396393491711,-475.7727639018271,-82.06897509551293,684.6370141932888,611.3960111623902,1145.8951675616836,999.6164493458668,968.1625397083044,811.1508657209405,-2.4174980455389004,-495.144872252253,-125.91729948787383,71.38853235091673,246.8703599179539,-63.4923995150498,810.1489872054441,601.4164380148242,179.3006728284408,538.183504859647,516.0588341054757,-129.80884423667837,-408.57709595490593,649.890839391115,582.1677463309078,868.0273875667392,366.9280913981404,-355.5957896556524,-422.342477577115,-306.09763480941484,781.796210365964,209.51136061330055,-25.86950611147889,749.2026412959614,938.9998922602388,945.3186197670656,-554.9901673410097,421.1253680705598,489.8900593661028,259.99972526852207,-370.08826988795454,-278.9195746584855,-596.1552930657334,-489.0005624682258,-629.9912029372439,851.444544609353,-469.8634619509297,-416.2569748572708,-609.6834710139543,-699.1912915652805,-471.97300483171256,88.00410371923527,-638.7975178887046,-672.8074330082904,490.2664890819425,-334.27949112404093,-340.12036981551546,-480.787100826084,-433.007567168153,-179.78453354923235,-512.4004527340469,1127.6059231516338,1071.8406636632087,982.7484135861928,255.40728985547693
-594.8913067178117,-664.1407836734152,-645.6694016482496,-435.8101282329861,-713.6734704780782,-443.06930568201903,-82.40680731288973,-698.7076653604789,-662.7977966458558,-493.59611824522096,651.6787709544465,-228.7297864157756,211.02396300093665,-578.9619087645353,760.5671018162209,32.06053794574352,-494.29630540661645,-1.252304554541582,721.2452709763405,572.4948590570566,1122.0100214834315,1040.0614066333058,956.822386198712,764.152587157175,89.91264624950965,-504.8214008361796,-160.45910000142615,29.190389327547585,203.54368867437975,-96.2877286489962,794.347016973393,642.7296655942552,261.1699015611703,577.6392938399443,464.90602355980167,-155.00164317396843,-417.13965311479,691.5459292019185,530.2033318626312,831.9968661806017,316.6631791864218,-361.5889653118877,-425.68110940281207,-230.3354537434265,829.8222577355149,294.8550198983293,59.66003530589136,727.7885807419078,997.6476910649944,939.88778922493,-571.5852645128265,487.2366276152173,443.0999474648734,207.32238094780865,-385.44499073143913,-292.0246249966221,-604.6720786534546,-442.46734486221095,-610.5780198554031,805.3341630614574,-478.3411490070524,-428.0659678455846,-622.2429626922832,-671.0676332553189,-459.6262968453803,174.69871842833163,-602.7190967122054,-649.1761569479937,557.0004656513902,-259.0799937630345,-347.6249330739086,-488.6670292416556,-447.28382049023537,-199.0751600361249,-521.7528461430086,1132.6303409289685,1082.8740222853717,988.2070920131832,349.4304826790499
-615.7682473197622,-682.0194733854241,-668.1526587528542,-460.246686012586,-677.6077224695001,-373.7318157376817,-65.16114502597453,-703.9857837859713,-687.6438287440805,-500.5917924041346,604.0480220678292,-144.717660148932,154.5999993564801,-587.2132458594377,727.3259844987139,-7.6945283596792065,-513.5317173661631,79.80778147959131,749.5835321867685,531.5530329216717,1092.136143489345,1071.4752851059827,940.0998601675692,715.4824221936963,182.73246093254068,-517.0305492095057,-192.956114892674,-10.833779317189444,162.32437402540876,-127.40677676290844,773.0955569981376,675.7519752235886,339.32503131869225,608.7281101509042,412.44478926037226,-177.45483819714144,-428.17905094097256,725.1967899654335,477.6068568126375,793.8195423836489,266.72556191875515,-365.97767771662944,-428.8658614481729,-148.721778054668,868.7666724579831,377.2293041043935,145.06710626483246,701.6969763647745,1046.2644581717966,927.3885903244632,-587.2959262806138,546.3894883457982,395.73211163428704,155.3368519504758,-396.7043550963404,-304.72362597340145,-607.3325098917966,-388.3888702722911,-583.6643676938429,756.9387395676396,-483.9764407928476,-437.7845784054835,-629.7706186098533,-634.2513199597552,-441.1938699333495,262.30214907942064,-557.9388893104508,-617.6607703894542,616.4315515399204,-177.67864710485722,-355.87145847160303,-495.34038172944497,-458.0700360743189,-216.43887347680592,-526.840281805061,1129.13178851855,1086.704783580372,986.5733489116964,440.6860372947986
-637.8138623376956,-696.680471612002,-688.1769624706952,-485.8192573587275,-631.510695435834,-295.95955639928377,-53.41929966419304,-704.4611432891184,-713.3248083605373,-505.2900970602889,553.3347310810705,-57.35859119634764,99.74729446979194,-592.1405578138435,691.4505664584725,-44.135453931657786,-532.9216587996067,159.86876701616828,769.785844623866,488.8936178682498,1056.8695256544231,1093.993576925226,918.4470611036232,665.530221995545,274.6913413667302,-531.7904470258043,-223.3348504229078,-48.50948792918355,123.48129267479791,-156.7010234889527,746.983377255066,700.5372556871658,412.6773645468085,631.4623355732448,359.0923630519371,-197.35550761828205,-441.764755145411,750.7645319668268,424.7257137687176,753.8381956147582,217.32659020400763,-369.2301795407062,-432.323702780177,-62.35133198835816,898.6381579824458,455.4314967409136,229.06054561789605,671.614219868942,1084.7074080404595,908.5452714898214,-601.3403102102317,598.0331571117918,348.0447329393941,104.34282806658952,-404.12596821309165,-317.3651596310225,-603.3509724413689,-327.13359448892635,-548.9515489814623,706.8043419237089,-487.1002081054923,-445.8282756720852,-631.4370236294171,-588.6949839750857,-416.2593213946487,349.5689041215666,-504.5928979331948,-578.069925425198,667.9516343560806,-91.09019172038283,-364.7128355853106,-501.0965532017359,-465.61934644152376,-232.0631333155241,-526.8663928063304,1117.6300396532895,1083.7258509817907,978.2910479442388,527.9139807680123
-660.4936843378728,-707.2952760140596,-704.7646810464425,-512.2965732117221,-575.6609255187561,-210.51706299060757,-47.73673046690568,-699.1615749146089,-739.2260900839113,-508.2125703838376,500.0194017480465,31.95828395805099,46.86633567129331,-593.0218674584825,653.3014783524301,-77.1429129858794,-551.8264367253624,237.71940640534623,782.1199905128461,444.8050215140332,1016.8078838255896,1107.8742132092484,892.2846501274686,614.685805921633,364.4611701586808,-549.013017323298,-251.5388708831488,-83.69287584551728,87.25028206474349,-184.0308258152482,716.5980823773774,717.2916094568589,480.2781648999085,646.032740264606,305.2380432361966,-214.92967999908805,-457.840995336698,768.3161465509827,371.908164781194,712.3739094058318,168.66244557498752,-371.8363231053992,-436.4705856637376,27.54803258687516,919.5995212615658,528.3789716141599,310.3926451709369,638.1958041300637,1113.034029784271,884.1077842437637,-612.8890573128909,641.8020544193303,300.26591672637267,54.63523495549463,-408.04439477827617,-330.28579319627,-592.0501174480187,-259.23626258516896,-506.2992655852452,655.4243489774367,-488.07310759747816,-452.64555946692303,-626.498022753525,-534.5397194116579,-384.5274711452208,435.2620459434652,-443.0326399229966,-530.3986520902308,711.1661461978368,-0.4846133617940381,-374.0118536367488,-506.2239521244492,-470.2435160060991,-246.1625269799392,-521.1188638194398,1098.696563370318,1074.3606371088486,963.8444823656456,609.9750330466479
-683.1585428666315,-713.0513216838036,-716.9255945254807,-539.3643004812549,-510.6104621676456,-118.3713446590664,-48.541163788181045,-687.1942767546008,-764.6080296964898,-509.9118239433873,444.5676643661442,121.7850411767688,-3.6770005749093744,-589.153147207264,613.2100145104351,-106.6725853314942,-569.5353254425484,312.2145472031407,786.9647032324557,399.54962148751855,972.5438349910814,1113.4739950266105,861.9990534022984,563.3412151243443,450.7743293820444,-568.4968823429898,-277.5310281439979,-116.27392441837158,53.82615206689277,-209.2696419732778,682.5141465931405,726.3508053795177,541.3389784095527,652.7867343696597,251.2480480242118,-230.43440236332765,-476.2221141335377,778.0467678273,319.50202971557,669.7312521659029,120.9219020516056,-374.2935065911342,-441.699491701716,119.65255363106046,931.9468480642498,595.1336815535903,387.8948675242616,602.0502487831641,1131.4815183618327,854.8270755636867,-621.0869018432966,677.5106033447717,252.6022903547485,6.503648058990717,-408.86128275257744,-343.8022275668193,-572.8901705946054,-185.39184435946476,-455.7413634988606,603.2424698401844,-487.277670525302,-458.7071685427846,-614.3248361261205,-472.123874517131,-345.8450910997028,518.1890862259888,-373.82268459728624,-474.8405861630235,745.888994885265,92.84399307459832,-383.6541776668306,-511.0048451523506,-472.30690800016697,-258.974950213989,-508.9969429117795,1072.9327269228868,1059.0485215598903,943.7410670032324,685.8773200920864
-705.0550512710279,-713.1760433804295,-723.6861503840473,-566.6212379511903,-437.17677138810166,-20.672449677616218,-56.122060648953976,-667.7814936800485,-788.6224591109687,-510.9535027367794,387.4341952232788,210.65862432248096,-51.56019640928662,-579.8732939303017,571.4825986159046,-132.7575563156802,-585.2808639448516,382.3062399175192,784.7854414894009,353.372991499914,924.6596703458824,1111.2249044893556,827.9437970321746,511.89099382761424,532.4587122232252,-589.922906793596,-301.2957634937161,-146.1793075246174,23.35534275586787,-232.30841704076528,645.2837279013156,728.1551671397198,595.2448384170449,652.2024094278022,197.4704536016768,-244.1494993254195,-496.5912660183234,780.2591651900201,267.85191991464166,626.2037036574167,74.29251376898877,-377.0918065696403,-448.3679552586374,212.58385027001307,936.0867043290444,654.9198755845293,460.5091948662442,563.7276063299697,1140.4417372531034,821.4340985676421,-625.0765273277759,705.1415530906579,205.24730671474975,-39.76980369826706,-407.0360438355503,-358.2038346473618,-545.4959177181554,-106.443602237827,-397.4962761075313,550.6572891771214,-485.110270262966,-464.4938545112208,-594.4322655884006,-401.9853385114567,-300.2178021038248,597.2353592509439,-297.7302305867003,-411.7936734966867,772.1296373875175,187.5140189459408,-393.559951875184,-515.7103602459853,-472.21920170104335,-270.7573797930433,-490.036568629474,1040.9510248104436,1038.2335665887806,918.4964615773576,754.7959225583145
-725.3406112597831,-706.9622863767123,-724.1209455826654,-593.5782456188749,-356.4239671690319,81.27371368970206,-70.6253539565333,-640.2939426532773,-810.33383430606,-511.8972097458083,329.066955502216,297.14446330537896,-96.51224071433964,-564.5896466770847,528.4063422158947,-155.50865761491835,-598.2560202160225,447.0697593263376,776.1099859042941,306.5129723830535,873.7233545706465,1101.6114967273388,790.4442217230046,460.7304009130512,608.4682142339476,-612.852815121315,-322.8413953956236,-173.37476444775427,-4.070311400401398,-253.05998787061125,605.4301573063665,723.2233403245331,641.5601859108955,644.8598512754097,144.2397767881582,-256.3694179101359,-518.5026705330262,775.3417503620569,217.2952346388761,582.078732209116,28.964841222427182,-380.6986360259543,-456.7852762251546,304.952181133958,932.5127083263284,707.1347214308817,527.3137705189685,523.712615915569,1140.4332452956169,784.6230640980044,-624.024240683427,724.8289617955913,158.38873978359263,-83.91387704272736,-403.0753440762056,-373.74561140623007,-509.6799991506758,-23.365450930481224,-331.9711966059978,498.02770018651023,-481.9731486471955,-470.482917264757,-566.5036928782196,-324.85665181016674,-247.82198274232195,671.3933147960813,-215.70693098872343,-341.858598402519,790.0735250404434,282.0967971859486,-403.6934491553387,-520.5956046851392,-470.4269869552497,-281.7813261965818,-463.9321302875632,1003.3599486947508,1012.3566067979524,888.6224880513918,816.0848234548723
-743.1028112792479,-693.7943259946826,-717.3854265166414,-619.66046830184,-269.6337985751363,186.03943920613133,-92.05346508381288,-604.2805772372357,-828.7445890393009,-513.2769340245303,269.9111626941258,379.8780071840585,-138.32089362210277,-542.8031811944816,484.2550446613043,-175.1125803738122,-607.6340102772306,505.7235123876637,761.5050065007346,259.20794007713306,820.2853778062229,1085.1503543826927,749.8046608337098,410.2516416918784,677.9074501205006,-636.7313113787536,-342.2023168759172,-197.8669022442884,-28.418311516177287,-271.463368915446,563.443872620359,712.1263131087194,680.0277234235086,631.4112203143895,91.8808146008226,-267.39549831188725,-541.3875886587197,763.7463545491759,168.15721269456134,537.6419968046125,-14.865522369375016,-385.5432967366029,-467.199710058055,395.39939507594806,921.782697147028,751.3519108757902,587.541889101463,482.4223211956742,1132.0719346445285,745.0391725232644,-617.146915435141,736.837146958087,112.2149174793998,-125.67276177616723,-397.5216424261376,-390.6415650468181,-465.4611447108909,62.76090399405861,-259.7592808998084,445.67865684704026,-478.2666375786404,-477.1337858047728,-530.4115843341228,-241.6526232664758,-189.0106764887892,739.7864605139703,-128.8636099081082,-265.82950624858546,800.0573919717409,375.15905831790695,-414.0702566492918,-525.8948349117359,-467.4043624098842,-292.3280515084706,-430.5539251243271,960.7527950734528,981.850568579217,854.6180156123403,869.2812596471424
-757.3829228642908,-673.1735668120573,-702.7486072740788,-644.2133217893967,-178.26740537752954,292.1148328029896,-120.27034432184664,-559.4933449661979,-842.8240936518199,-515.5815276285707,210.41247678565213,457.6022955840902,-176.838796700941,-514.1324396367245,439.2950318613338,-191.827680140188,-612.5904502214596,557.6422204615305,741.5545749122506,211.70372607918296,764.8761250143227,1062.3723395285526,706.31708684666,360.838368824111,740.0497843119026,-660.8920886174069,-359.4410327704573,-219.7043549858644,-49.7184086299859,-287.487772759643,519.7804698552732,695.4629215562123,710.5607713837155,612.5510316032869,40.71141222199987,-277.52893656887386,-564.5641525819111,745.9669339273124,120.7453744125708,493.1802558531075,-56.99820633006389,-392.0018193796682,-479.7860025534762,482.6393243118477,904.4975275544932,787.3186939840654,640.5938360495786,440.2077481373376,1116.0417575396605,703.2707959822461,-603.7395121005137,741.5370029466438,66.91931695093132,-164.81145614640835,-390.94099763522814,-409.0585460454599,-413.0760681993879,150.7732291290564,-181.62955105997224,393.90676534395817,-474.3816683667614,-484.8730102435353,-486.23230095532045,-153.4505585984675,-124.3127301156686,801.6870527789185,-38.43892019498455,-184.67697048693265,802.540993422414,465.305387468181,-424.7615753290224,-531.816596581919,-463.64266112202176,-302.68362774593345,-389.9604524370745,913.7003861680604,947.1386516037738,816.9628053825669,914.1028869008596
-767.2030220793766,-644.7428280775,-679.6244586508628,-666.5125745716028,-83.9194124024045,397.9512335705813,-155.01103613718564,-505.9057202416333,-851.5404993114626,-519.2357731841728,151.01896525432053,529.1999765357533,-211.9881731809662,-478.3351988784199,393.7903174853831,-205.9774975212295,-612.3274004549997,602.3632002168476,716.8413777392095,164.25875977472157,708.0035018351625,1033.8081264431123,660.2702373523549,312.8588254751505,794.3481590680306,-684.568028188866,-374.6499592796525,-238.9782461569665,-68.06350911318171,-301.13620595460594,474.860482687239,673.8378649009236,733.2299943101932,588.9879372962321,-8.956101436614922,-287.06461999589027,-587.2511273205046,722.5202059122129,75.34369974433575,448.9826999324641,-97.23052455897162,-400.3825015188484,-494.6337104640915,565.4935878742906,881.2823173859344,814.9470975811646,686.0415316761282,397.359054159877,1093.066874655526,659.8458410152892,-583.202330591208,739.3810929002894,22.70324762362181,-201.12166261958083,-383.91034639486406,-429.1105565428874,-352.98392275048093,239.45930815526725,-98.50961003809418,342.9853252898416,-470.6926202517749,-494.0790974026009,-434.2541746213523,-61.46365831117157,-54.42474314164962,856.5270490371174,54.236668859226064,-99.52357379462386,798.0769398652319,551.2186818838059,-435.895312523375,-538.538738090439,-459.6394274917008,-313.13389083409965,-342.4047981893106,862.7473851454329,908.6348357219888,776.1141388902854,950.4385090689464
-771.5960866714806,-608.3080035251477,-647.6005311995224,-685.7786811440444,11.73358790184529,502.00641675434935,-195.89505583647505,-443.7239913381007,-853.8946375436951,-524.5825746401571,92.18150136868675,593.7185489268104,-243.76388575751332,-435.3268560934444,348.0066827859355,-217.9421279597668,-606.0987342408839,639.5859888217042,687.9311488485057,117.14712338060896,650.1506535837461,999.9772591308584,611.9583136624722,266.6580906505114,840.438620488611,-706.9057564693635,-387.9528817889369,-255.8219156728807,-83.60851376396026,-312.448471810864,429.070474438707,647.8430069869721,748.2455941253937,561.4191324892054,-56.814994742729766,-296.2859257531604,-608.5856063545642,693.9290173980783,32.20687125273661,405.3405732907344,-135.3619211808767,-410.912559546477,-511.7368068735684,642.9211567007259,852.7706657016151,834.3003145533643,723.6263584667046,354.11341661148606,1063.8863495753735,615.2318212517727,-555.0670039889791,730.878857685847,-20.22353572443449,-234.42788613923383,-377.00443880483846,-450.85357448509137,-285.8625008933996,327.5894199460986,-11.461748649047603,293.1685142501439,-467.55052377060383,-505.0676675497046,-374.9780556346916,32.991410242024045,19.80416721017051,903.9022555813066,147.77992300673438,-11.61290981546806,787.280231141379,631.6967503249925,-447.6537588903122,-546.2031967124753,-455.8867783061975,-323.9593182249235,-288.33452240289506,808.4116509989159,866.7460713001645,732.5059073684887,978.333382384904
-769.6382491573845,-563.8558324800758,-606.462358773081,-701.1953111021694,106.98775757063387,602.7893926920128,-242.442686723073,-373.39053925629946,-848.9550364713765,-531.8667945035903,34.352352398973544,650.3880375420396,-272.2346577794854,-385.1945308135229,302.21439470529447,-228.14767626146735,-593.2361300595991,669.1659302679418,655.3606006429252,70.65933670157357,591.7737168023033,961.3807591113002,561.6884865312345,222.549936100219,878.1368439904484,-726.9845542081995,-399.5059256659718,-270.40988306781713,-96.56717163059815,-321.50341468781494,382.7650366989959,618.0424686055495,755.9362162208488,530.508288627265,-102.56583052233218,-305.4604812628976,-627.6445339732305,660.7090137875683,-8.445127192646424,362.5450921213121,-171.20004568401174,-423.7263033329967,-530.9851030529167,714.0405314568735,819.5921098205338,845.5753945000556,753.2509079777393,310.6648323172559,1029.232258678732,569.8390160401229,-519.0201278136752,716.5731580792316,-61.64432026733779,-264.59342278918155,-370.7826026702036,-474.2809463164484,-212.59574259013723,413.9492728328525,78.3465260483433,244.69448227490375,-465.2766057589582,-518.0774303723481,-309.1098611130621,128.53136982858663,97.39431789629562,943.5699971364204,240.79517346211685,77.72676317920123,770.7989859656034,705.6834640166513,-460.2677675957215,-554.9104723549143,-452.8593002781069,-335.4298291346156,-228.3846744226483,751.1859246054261,821.8754705209184,686.5497215173447,997.9702814049024
-760.4822235020966,-511.5665520293187,-556.2122544970304,-711.9317839782603,200.16732593409893,698.9026050038664,-294.09317532172844,-295.5786646445701,-835.8930050714947,-541.2212549309978,-22.018167813034857,698.6307710048743,-297.5423218598782,-328.2059635690705,256.68940117874405,-237.0541176151605,-573.1748537411634,691.1026341035999,619.6289152383453,25.100816630333878,533.2996341090322,918.4971154886796,509.786621339816,180.80881809957808,907.4283134812994,-743.8394126241351,-409.4978498214147,-282.9560214371513,-107.20714761929624,-328.4202570161504,336.26932786405143,584.9617444141464,756.7258749120634,496.8676808144842,-145.91978806099203,-314.83679781827146,-643.469802488912,623.3589295474919,-46.43181759258199,320.8837932965845,-204.56799885783465,-438.8552212976949,-552.1580191884863,778.1439405251604,782.3628106645525,849.0834246297675,774.9656510265102,267.17495847457616,989.8118027244346,524.0259866047644,-474.9233582489325,697.0191880946772,-101.33892396204904,-291.5259480269156,-365.7754993795671,-499.31941414187247,-134.25257530811095,497.3719014382485,169.67613889913022,197.7871909864128,-464.1561416513771,-533.2574747093896,-237.5450465447582,223.74592778167303,177.26320842790054,975.4409709055273,331.9141498691988,167.12261053723313,749.2876961667412,772.2932328253294,-474.0074951226729,-564.7137461706104,-451.00166382912886,-347.79947939551846,-163.3638311029715,691.5410734802254,774.4258369628899,638.6375204507452,1009.6476089485038
-743.3907680818897,-451.8203277316726,-497.08126446356886,-717.1688772994914,289.6778373051114,789.0794744399421,-350.22372802991816,-211.1788910896632,-814.0166261745891,-552.6554161628595,-76.48697496160146,738.0633943482097,-319.8990376356809,-264.8124415548035,211.71294801594453,-245.14195203976848,-545.4783700104716,705.524417569024,581.1926673152857,-19.21191893374697,475.1241319196427,871.7813228624976,456.6008260504899,141.66251031699954,928.4530897560104,-756.4878116747383,-418.14943857577913,-293.710911141593,-115.843582535622,-333.3589073932808,289.8818422711092,549.080827902296,751.1101809188538,461.0449290124712,-186.6035226686828,-324.6416126365247,-655.0964982840719,582.3545725105006,-81.61626178343685,280.6355465171465,-235.31222066670543,-456.2203307702864,-574.9212015170725,834.7035186408451,741.67922827866,845.2283726848221,788.9517008121258,223.78414376598084,946.293717418568,478.1066680852799,-422.8288277319933,672.7665770499716,-139.08896423689458,-315.18244745624725,-362.4720350968996,-525.8258608285585,-52.0576228537419,576.7671184672323,261.2526148639343,152.65690052961182,-464.4325678662882,-550.6563428492011,-161.34536189703576,317.23824985464466,258.2577513841408,999.5662102408476,419.83362688611646,255.19916214504684,723.3841187257121,830.8280025909934,-489.16991790081687,-575.6126717208272,-450.7161621723273,-361.3009991713323,-94.23337421678366,629.9301415738745,724.802940917967,589.1451186458531,1013.7558567219484
-717.768905019711,-385.1965863905167,-429.5332870841518,-716.1272378425286,374.054805345052,872.2155309830806,-410.1682070446771,-121.27708509965912,-782.8023969602565,-566.047239073226,-128.62527321292407,768.4916709485206,-339.58250957228995,-195.6452023858622,167.56965209008837,-252.8980812764583,-509.8607182397826,712.6699407137821,540.4638969327283,-61.95711440171551,417.610001487465,821.666496825236,402.5026114368962,105.28584143666258,941.4863033782892,-763.9595707145457,-425.7117559320219,-302.95833006952387,-122.8314602794105,-336.51914951548184,243.8771636955394,510.8311134450707,739.6330540630313,423.5145289314645,-224.3653767245724,-335.07771703001407,-661.5836780472056,538.1463388703294,-113.90820037032128,242.0645323329525,-263.31046058096706,-475.6271068816599,-598.8264148254884,883.3699245837038,698.1143745388777,834.485685963804,795.5009056831059,180.62187413511225,899.2990073041776,432.3582542425403,-362.9888287124632,644.3452457140046,-174.684574927908,-335.5732736169016,-361.3066029976343,-553.5848817121054,32.64515632885308,651.1472814041525,351.80299791144154,109.49928186096844,-466.3018036345162,-570.2133227176598,-81.70870580661543,407.6644292720947,339.18937341190406,1016.1202644700376,503.3493730435044,340.6200609033769,693.69065629392,880.7864129656087,-506.063498858342,-587.5469615632087,-452.350411209218,-376.14010345275005,-22.080580566294277,566.79253599186,673.4180531191795,538.4361320708305,1010.7536834360368
-683.1935002050875,-312.4656944422203,-354.26069456322034,-708.0974048152328,452.00553862206846,947.3918096990178,-473.2344943388999,-27.125158564158145,-741.9231812031713,-581.13872159239,-178.02711823654946,789.898979210224,-356.92932305561106,-121.50505125027618,124.54414465423667,-260.80135556382453,-466.2055240652019,712.8682481134745,497.8109349849701,-102.81540898558517,361.0858342227631,768.5674960749044,347.8856240536969,71.79593692825044,946.9156254826148,-765.3289020396512,-432.46304353175134,-311.0108250024652,-128.55709495755147,-338.1386516815274,198.5085157977704,470.595674138056,722.8649448933688,384.6741159360814,-258.9826584736758,-346.3220161842885,-662.0468587429575,491.1598848835493,-143.26622221197667,205.41353084282997,-288.47928059819685,-496.7632559524784,-623.3150429019083,923.964261014391,652.2161186182697,817.3816178556915,794.9944897324848,137.8159772516251,849.3957875050337,387.0291394381511,-295.85890652231143,612.2553101722789,-207.93214723239672,-352.7651527118761,-362.6468529207879,-582.307324076024,118.43435253052918,719.648363565516,440.0917774627641,68.49321264252497,-469.9067403545157,-591.7523463899166,0.0666849403977979,493.7701740594108,418.8701983039563,1025.3818018887705,581.3851421213666,422.1275651670518,660.7607737802549,921.865186651896,-524.9905307733527,-600.3900039344564,-456.185467526846,-392.4894991137422,51.91353270670668,502.5578132123458,620.6893715382978,486.8657660953529,1001.144779886732
-639.4387415597166,-234.572824797196,-272.1711968893518,-692.4702594769961,522.442341521311,1013.8897186236208,-538.7196404615784,69.89447929564855,-691.2711164403623,-597.5355617760687,-224.3190902435521,802.4296648614686,-372.3265894595264,-43.34526148590817,82.9164697796397,-269.3082331441836,-414.580519591298,706.5183573598968,453.5615056432765,-141.47884369917327,305.8453423541355,712.8859173493879,293.1620621763173,41.24927965229613,945.217012745024,-759.7475966794465,-438.70408866199136,-318.20430501035406,-133.42902011091084,-338.48976159997585,154.00997099938655,428.71239020868217,701.3833881079485,344.8451931723307,-290.2696147227274,-358.5235646849447,-655.691214026587,441.7994037218318,-169.69892481182416,170.8968881365051,-310.7805873918298,-519.1995497026808,-647.7254126871485,956.4644502277216,604.5069727206225,794.4740993245166,787.8813749294877,95.50007571066855,797.0978206835467,342.3462725876581,-222.09377074831997,576.9610514157259,-238.6626000791608,-366.88300159683,-366.78220963564326,-611.6299709108006,203.8565575174445,781.545597942992,524.9542220124797,29.79740023856663,-475.331880688244,-614.9788357696742,82.62211938324255,574.4231541440834,496.148479541341,1027.712866919701,653.0157525914667,498.5778931904988,625.0906678383511,953.9532135228152,-546.2278147023995,-613.9428602035371,-462.4246398404048,-410.482528217249,126.51031687669392,437.6486783490074,567.042098143159,434.7840204410229,985.456545000578
-586.4960596362102,-152.6143076533089,-184.36614804082205,-668.7665608234389,584.5058460399875,1071.197165897932,-605.922131667814,168.30921695194996,-630.9741770197568,-614.7113334319333,-267.1705931265099,806.3685622414883,-386.20213957722245,37.75180530973186,42.9564855280571,-278.8389689873281,-355.2465286816494,694.0694053146827,408.0075861658607,-177.66077017267418,252.1473489756376,655.0158041681699,238.75700926464708,13.640799820973356,936.929998773607,-746.4781023438106,-444.7519565771669,-324.8916097681075,-137.86851352003063,-337.875070519441,110.59821710568768,385.479323675068,675.7564870867405,304.27787147125593,-318.0856488106072,-371.801352856594,-641.8442969338628,390.4528197267157,-193.2650508869067,138.69353716873303,-330.2267658912297,-542.3938874198298,-671.3040273571512,980.9873932791746,555.4847942662396,766.3357978404958,774.6571892079746,53.81893640325224,742.8661867565543,298.5213982433913,-142.53576601171525,538.8887070044615,-266.7396450524456,-378.1104483048717,-373.9133856203197,-641.1165770358103,287.4731603414614,836.2632793958636,605.3257474837678,-6.453939984053618,-482.5981505274314,-639.4797884449566,164.5805650989877,648.6397485612716,569.9415405990034,1023.5379754948848,717.4836367907178,568.9707767940135,587.1160707844089,977.11912703617,-570.0064280249884,-627.9290988964565,-471.1832874105556,-430.20643231180446,200.45197519546505,372.48295833616856,512.907035431056,382.5379595148679,964.2214159321976
-524.5871358155664,-67.80723324215528,-92.11097883958632,-636.6641260590777,637.5778440454583,1119.0062976668037,-674.1508760329217,266.59953878624503,-561.4052474639481,-632.0164563363609,-306.30423628479616,802.1180533202886,-399.0135258734749,120.60355108099456,4.917565436844928,-289.76470257292124,-288.6600497261347,676.0021995348926,361.4114908483714,-211.1061342089718,200.21646398107103,595.3494201500723,185.10101531051976,-11.09491583541472,922.6337211056126,-724.9251275793719,-450.9320649156956,-331.43503588557155,-142.2999353512936,-336.62174596048726,68.47381012437425,341.161696558162,646.5296993350238,263.15902026812,-342.3432843516504,-386.241677153255,-619.9869658458088,337.4981247478001,-214.0726068307357,108.94045018993693,-346.8840839149051,-565.6987049600756,-693.2206550897404,997.7683074175732,505.62389580258537,733.5398182013041,755.844808734159,12.931522577963005,687.1134237433097,255.75579653902568,-58.196019716155135,498.42761203144806,-292.067510421605,-386.68898179026985,-384.1431559981947,-670.2604874967718,367.9061485328431,883.3786475413385,680.2662325015848,-40.15604529778912,-491.6579630510792,-664.7273481525441,244.58900990230785,715.6052818952614,639.2646983318699,1013.3241211808236,774.2085866276913,632.4719831917108,547.2137578808846,991.5934335536616,-596.4913887375044,-641.9910022315458,-482.4799230746615,-451.6952962855895,272.5006515258506,307.4744358325669,458.7176753315376,330.4727990657092,937.9614916341808
-454.16885414472,18.546470561970214,3.2010865972633407,-596.0211836353305,681.2836116713919,1157.203692681162,-742.7307990172968,363.2434525510303,-483.1828139709718,-648.6920991893754,-341.5057289680718,790.1740053773758,-411.2360885184103,203.96030825927627,-30.970069139525844,-302.39575016481496,-215.46883478306924,652.8128423296095,314.012658523158,-241.60157898887053,150.24438289624197,534.2824796331804,132.62132232325934,-33.08033635558537,902.9247374850388,-694.6643345187806,-457.56867008115313,-338.19785076376144,-147.14100483152453,-335.0746471608348,27.82186578734524,295.9998264323081,614.2160719900213,221.62311928560143,-363.0153562657116,-401.8950023664373,-589.7810929817332,283.31004803538866,-232.27698925594845,81.72688896891042,-360.87414684507456,-588.3717982953966,-712.587078379337,1007.138615004996,455.376143296173,696.6483059504175,731.9771115584421,-26.988290311828408,630.2094310683292,214.2432737495789,29.77121443791264,455.93403721742015,-314.5976334755801,-392.9156894342669,-397.4686808165417,-698.4890760543042,443.8806420537508,922.6201031252476,748.9785131812882,-71.23883633238013,-502.3906817303355,-690.0860503040061,321.3590844697428,774.6872123874825,703.2549645841489,997.5625976112714,822.7907575094979,688.4280334058768,505.707060552833,997.7464411491732,-625.7620310735614,-655.6877267166685,-496.228972365716,-474.9228251176432,341.47628953787955,243.0325263841456,404.90584933859583,278.9316638402524,907.1768724631944
-375.92937843701645,105.09986458716666,100.09045516606982,-546.894481032098,715.4842972388684,1185.8542441559157,-811.0052180605434,456.7601491918028,-397.1627283875033,-663.8889711646827,-372.6327233471931,771.1018334984429,-423.35031430668937,286.54137462155285,-64.50604066137619,-316.9713298932262,-136.50020871539184,624.9989117319664,266.03465756689786,-268.9848112391562,102.3916648675308,472.2183006486662,81.7321669895874,-52.4897901761012,878.3975051504874,-655.4666755607449,-464.9739310316425,-345.5348808618932,-152.79309805643555,-333.5882567626888,-11.18783530113592,250.21739650658935,579.2898769401177,179.76502863544852,-380.1409286362464,-418.7723017808012,-551.0925990913314,228.26627505115465,-248.0781681982748,57.08979179759104,-372.373292210126,-609.5905674147637,-728.4791671656914,1009.5036615336352,405.1717332843338,656.2040234513673,703.5824406734972,-65.75323003937278,572.4884294940981,174.171291113763,120.1000985955732,411.7369559875391,-334.33391592316843,-397.1395714518365,-413.7756723559328,-725.1702324886145,514.2621186456922,953.86030745449,810.8206298399518,-99.67200770236322,-514.5987035885138,-714.823864684873,393.704076776948,825.4411101139287,761.1887086644375,976.7533340920868,863.0072995230882,736.3728515221123,462.87448513623406,996.0633399203958,-657.7938825182858,-668.4960058576047,-512.2355794846079,-499.7952103745909,406.2914973027851,179.56084694264408,351.8960999846464,228.253971593882,872.3379153469641
-290.7749687274669,190.50280563574404,197.0358297845287,-489.55088117409576,740.2604423914604,1205.1802134252782,-878.335402312966,545.7510728959467,-304.4209240180706,-676.6907445706905,-399.6220805038862,745.5137869996279,-435.8286810676579,367.0722665099705,-95.52618746595246,-333.65086668766844,-52.74227160468336,593.0485049837988,217.69197297610128,-293.15269807927353,56.78977836437375,409.5704457382382,32.82460490352635,-69.54264424482444,849.6281836044429,-607.3169984794707,-473.4358119574261,-353.78232287652423,-159.63162037128694,-332.5174914711433,-48.40132980262526,204.02947971556836,542.1834243406875,137.65385579069405,-393.8294934457903,-436.840935008747,-504.0084012448607,172.7525091352306,-261.71699931237964,35.01058929013241,-381.6099165957885,-628.469605671862,-739.9618014444922,1005.32138195712,355.4194537854228,612.7247914266106,671.173090722327,-103.16614377302486,514.2563183589743,135.72024925797868,211.44935421028453,366.1449278328903,-351.3362492500832,-399.7564456307649,-432.8347107511501,-749.6210986624264,578.086655555534,977.1049551785228,865.3117393996522,-125.46955534339024,-528.0044595585836,-738.1270646502404,460.5707063037328,867.6096214186156,812.492878412602,951.3922083603092,894.803250305114,776.0265770546124,418.96040906321394,987.1178106367328,-692.4427882643778,-679.8139491185768,-530.1928807075493,-526.1444418249936,465.9818434502165,117.45476515030992,300.0990165878524,178.77249577783263,833.8813817918874
-199.80766689394935,273.4436411994153,292.5200178781999,-424.471434665584,755.8880977769072,1215.537059215215,-944.097894953472,628.9367432961526,-206.2274435558515,-686.1416196967705,-422.495100028532,714.0483720239332,-449.1221433473327,444.3214476190717,-123.90828815178789,-352.5069502956945,34.68145060165836,557.4322792738255,169.19619898581877,-314.06761344489007,13.543164693964684,346.763538820446,-13.743706883894758,-84.49523038389151,817.1621875359809,-550.4257013185729,-483.2051792876413,-363.24698556721086,-167.99649203359047,-332.2074968037677,-83.68151273911437,157.64979319821168,503.2866946669642,95.34708804530932,-404.2630878651479,-456.02019038359913,-448.84599771568656,117.16579417257816,-273.4707602186624,15.41367544448236,-388.8598150999374,-644.0814574487069,-746.1160394769086,995.0828249609948,306.5063366009312,566.7005351777257,635.2369478377959,-139.02518346111955,455.7978518450277,99.06106866467374,302.4414254405024,319.4533122254422,-365.7221373338701,-401.20247155391456,-454.3000065818758,-771.1192033130557,634.5829736248418,992.4781799486756,912.131928565384,-148.6933364636743,-542.2486987323816,-759.1188294073054,521.0643621641202,901.1149363367508,856.7497821383421,921.9615626139376,918.2775382960972,807.2872210153613,374.1867801822052,971.5454877096143,-729.431978291631,-688.9684176983934,-549.6821667774815,-553.7225000059316,519.7302992210889,57.09804379368589,249.90384624231723,130.80925217369733,792.2102426220298
-104.2945408801658,352.68868225561886,385.07473545822063,-352.34726259856814,762.8092671160992,1217.387638687361,-1007.68027411401,705.1879167028776,-104.01264288096046,-691.2773089638049,-441.3603438210172,677.3526076145151,-463.6463877467561,517.1348150322959,-149.57683996732777,-373.5199660024613,124.5429367596684,518.5984625649437,120.76132085485956,-331.7616319769336,-27.268928531246868,284.23208135887376,-57.65835197604567,-97.6319455042141,781.5056743340807,-485.23246970468455,-494.482536217381,-374.19522183596536,-178.18278555257092,-332.98258663082515,-116.90967307296025,111.2967323164028,462.9493240987316,52.90417820397656,-411.6960688356001,-476.17668300805633,-386.15465805061535,61.915672482285366,-283.6480245317872,-1.83331854284439,-394.4396843912457,-655.4802478922527,-746.0678093643822,979.2952038867916,258.79668638119387,518.592553252499,596.2322327219651,-173.13025499634077,397.3831609807933,64.35131978810898,391.7028822231096,271.9511159031807,-377.6663572508508,-401.94633105154406,-477.71089036307495,-788.916075242126,683.1855860095332,1000.2056428063806,951.11644278298,-169.4553090174444,-556.8904799362032,-776.8813360640967,574.466918501596,926.0455445637406,893.695796069721,888.923923766768,933.6651044603124,830.2162113445193,328.7647784834692,950.0184855398218,-768.3427205891885,-695.2263456749464,-570.1763158043381,-582.1969176214196,566.8848980756718,-1.141289509860548,201.6707380716998,84.67044023722201,747.6967072623737
-5.629729414210945,427.1174898495544,473.3223569714212,-274.0670065919298,761.5985652497902,1211.276258272016,-1068.4760634612787,773.5499865377545,0.6730832041601289,-691.1584961748304,-456.4137899024066,636.0675820600767,-479.7679780740628,584.4663643093338,-172.50664043398382,-396.57439470232526,215.5448591564929,476.9706555573503,72.60782755204714,-346.3382742264757,-65.59104897409046,222.4172281991557,-98.65723140936772,-109.25597307052708,743.1209111642775,-412.4014721140072,-507.4049126380445,-386.8418530537474,-190.43156736971224,-335.1345531991897,-147.9874174948695,65.19782547639772,421.4844077010726,10.398821014674436,-416.4523910719019,-497.1198647957864,-316.7075449247683,7.422926890892221,-292.5829967327601,-16.91738664818669,-398.6989947221625,-661.7277604365755,-739.0172952530734,958.4678976000732,212.63051814549635,468.83454323820746,554.5851323979177,-205.2902781594435,339.2732655451639,31.730252259907857,477.90420069688895,223.9269071350908,-387.3986974209007,-402.4801043210525,-502.4962725071607,-802.2533262710351,723.5388888972033,1000.5963670926682,982.2450698486072,-187.91817540961551,-571.4093284619898,-790.4809311361017,620.2466913275435,942.638273604205,923.2146591215998,852.7187294891295,941.316253726726,845.0191342865556,282.90550220294625,923.2220258374564,-808.6091510914805,-697.8102238050224,-591.0467978907318,-611.1482155265379,606.96908552268,-56.91570528174864,155.7230012443113,40.640741013575926,700.6878748124656
94.70898085401618,495.7523053269199,556.0127946598067,-190.69606891383543,752.9280133975383,1197.8038476990907,-1125.8794968634502,833.2598879772966,106.20429441554523,-684.9056315823481,-467.936161830133,590.8175433225516,-497.7905302382649,645.4037013411314,-192.724988635942,-421.4567908084798,306.3584349185484,432.94810756019,24.965453726724448,-357.971636216861,-101.39070751452616,161.76161621334916,-136.53851713127585,-119.6800610812066,702.4252418314146,-332.8078090900273,-522.0334814786473,-401.3394208732643,-204.9210261654735,-338.9106412522112,-176.83883326047865,19.592362642060664,379.1735524224984,-32.070759670303104,-418.920340465924,-518.5979697269105,-241.48456049598607,-45.8841602051002,-300.6294281413773,-30.076174817309237,-402.0104749598863,-661.9214067207207,-724.2680938215822,933.1015965110544,168.32145329362805,417.8348782235549,510.6899657424284,-235.3307826147096,281.7243387972461,1.3131423703581635,559.7970990636827,175.67337962633405,-395.1998910861216,-403.3088850075766,-527.9822614780595,-810.3810901252939,755.4925489106049,994.024333767732,1005.6275796035104,-204.2942500982529,-585.2100185835457,-798.995801151793,658.0605587430239,951.2567456335212,945.3262357759088,813.7616952135569,941.6743924346024,852.0231275131445,236.82889498991227,891.8339896238581,-849.5178111644929,-695.9177690270416,-611.5744402491642,-640.0697025126863,639.6846508792792,-109.90341187763644,112.33975595202178,-1.022677401698288,651.513267442196
195.20693652698827,557.780369033529,632.0540354852221,-103.44834178873086,737.5318301463266,1177.605269425542,-1179.280817901268,883.7551688996949,210.9281605611511,-671.7337666292483,-476.2873837292151,542.202533701259,-517.9411091683868,699.1874032184971,-210.31240476491905,-447.8554879052243,395.6621733576571,386.9080309252526,-21.925593455501662,-366.9028816783409,-134.65815430492935,102.70246452237396,-171.16716028470316,-129.21774950131058,659.7931772993967,-247.5154854893372,-538.3424969403171,-417.7681272484091,-221.7580158934012,-344.5015437227798,-203.41270409142265,-25.267924296564505,336.27261933823013,-74.37407630545967,-419.5447735619019,-540.2947829512261,-161.64625575003598,-97.575913502326,-308.1542166070843,-41.59228843153548,-404.7594789102175,-655.2234015588236,-701.2551331543126,903.680587003068,126.154127189706,365.9796278647465,464.91141984772446,-263.1013708696949,224.9905992392424,-26.814585424533703,636.2477640408262,127.49029402845292,-401.3959201622944,-404.939190124328,-553.4030537861295,-812.5785789229534,779.0890047071464,980.9107539182768,1021.4862245333264,-218.8424701966416,-597.6304048750219,-801.5454026647114,687.7486965442871,952.3674668877386,960.171765898879,772.4463269533669,935.2532928119632,851.6524214047482,190.77031886442825,856.5079747475796,-890.2123483437484,-688.7455625240325,-630.9640047273717,-668.3700811244869,664.9075409213003,-159.8138963311154,71.74933615139032,-40.09607427405838,600.4934124838358
294.3604202595055,612.5683672105376,700.5352860687244,-13.651577823473138,716.1729239922088,1151.3294902157877,-1228.0627707709878,924.6752970408234,313.2125722928022,-650.9860237506334,-481.8982055865369,490.7943733212182,-540.3571221522792,745.2236279453136,-225.40185181803452,-475.3621388168701,482.1796930156872,339.2094290030104,-67.81500756370401,-373.4342252054659,-165.40671426751732,45.663280227708015,-202.47967295102595,-138.17537323371832,615.5609797060483,-157.7476656565881,-556.2101435423899,-436.12684247607024,-240.9702033141033,-352.02983095438213,-227.6845704194618,-69.12012259052308,293.0176395809712,-116.3436080060695,-418.81700103357423,-561.8276807701676,-78.49971839999277,-147.2294458858057,-315.5307599411333,-51.78607762045945,-407.33251255846346,-640.8903238862563,-669.5702809421776,870.6679925823937,86.38116489857134,313.63585455711404,417.588324962157,-288.48261476553023,169.3258022331105,-52.60300744968158,706.2645633972551,79.68565189599101,-406.3508980636253,-407.8662483447986,-577.9151213522168,-808.1763702222052,794.5442767319392,961.7078040059728,1030.1363561885264,-231.86355934754087,-607.9526395568856,-797.3207725625745,709.3227533041124,946.5147780391108,967.9966828114924,729.1469922293863,922.6149505360692,844.4034666590234,144.98438312209723,817.860183309315,-929.7037359201676,-675.5161570534253,-648.3624742700125,-695.3792291294355,682.6772227929648,-206.39356577946597,34.12376879674469,-76.39460616990229,547.9485960072907
390.7230809316207,659.6687733847004,760.7421388994447,77.29205165596515,689.6125684107725,1119.6230617774982,-1271.5989166334402,955.855667640678,411.49251224747,-622.1642448912266,-485.2591303511892,437.13561599602434,-565.0740844819861,783.0898005332731,-238.1765181120483,-503.4752503874908,564.7148413586117,290.197858574611,-112.444378636563,-377.9206736872096,-193.67355404418103,-8.95539847804932,-230.48695002843803,-146.84508429262388,570.0330089533819,-64.85043808312267,-575.4118507247459,-456.3255742796517,-262.4990837660235,-361.539266812362,-249.6584235279392,-111.69321414233744,249.63046284211916,-157.77322656435706,-417.262527387903,-582.7474318019375,6.542097201661734,-194.4384721600889,-323.1320881889085,-61.00716440728426,-410.1052030254969,-618.3021169241384,-628.9845334274072,834.5036445645986,49.219797054211625,261.15477850858224,369.0384100657455,-311.3920184588337,114.98338736239052,-76.0427008110181,769.0191859551836,32.575060457918056,-410.4587508077909,-412.5602962507551,-600.6146245424661,-796.5798626151111,802.223548230222,936.8844512507447,1031.9662152826786,-243.6934286032885,-615.4179744051742,-785.614723118361,722.9485806767176,934.2958507366476,969.1320778490634,684.2229091641982,904.3489718666264,830.8209426083783,99.74585056966592,776.4602104807618,-966.8862337708892,-655.5078455147743,-662.880777608037,-720.3574312740985,693.180564919692,-249.43126484518743,-0.4253902224452841,-109.77702489628751,494.2069236315508
482.9487112655841,698.8183589134425,812.1636375369026,167.94836521773647,658.5844599026295,1083.1171044672506,-1309.2543766893102,977.3151306313414,504.3126559328903,-584.9553746261257,-486.9068582251173,381.7409514194135,-592.0147393527055,812.5336239947819,-248.86627376390743,-531.6059078977949,642.1825257255302,240.21053437711936,-155.5507683941833,-380.7599053918125,-219.52069163651504,-60.78571834233209,-255.27495892413185,-155.4990486675922,523.4890593053877,29.748284855349013,-595.6165727815018,-478.17979642908375,-286.19420661911425,-372.9854892461057,-269.3678465088239,-152.71273647776815,206.32378846603132,-198.4198455868064,-415.4269224017016,-602.5402658664458,92.00567699326622,-238.82419801613165,-331.32374969447915,-69.62502254881917,-413.4299853720833,-586.9894665721642,-579.4656844832006,795.6041446728148,14.848219762587131,208.87448402005444,319.5634986722856,-331.78877301810945,62.21540269671977,-97.16874084548428,823.8605590321358,-13.520669683820516,-414.1339069641748,-419.4520765175003,-620.5578767900496,-777.2931446563628,802.6131351607679,906.9148159214244,1027.4169123682968,-254.69494964870825,-619.24515600433,-765.8508331609655,728.9248332135115,916.3368196899556,963.9758323045778,638.0224055462696,881.0542521120099,811.4757280266602,55.34765086113816,732.8255749954225,-1000.5591417423092,-628.0859740359803,-673.6185108333032,-742.5082206939214,696.73142436871,-288.76342993751814,-31.84963790500158,-140.14933647788106,439.6108968614692
569.8283647862174,729.9295929451416,854.4915495831003,256.89453314586177,623.7740395345993,1042.4177718192643,-1340.389538904515,989.238146036708,590.364458301582,-539.2522176383131,-487.4085478875779,325.10041758655075,-620.9801091268384,833.4660419207204,-257.74294444331935,-559.0858909506111,713.6339432324646,189.58121234943636,-196.8717544887733,-382.3807392647501,-243.03602172793717,-109.50214582086636,-277.00320324053723,-164.38488693758612,476.1919313411879,124.58281294320068,-616.3864638511213,-501.4070285201464,-311.8090200769126,-386.228534478324,-286.87646282526646,-191.90672295011672,163.30532347436247,-238.00811121753972,-413.8601556143818,-620.6326917013517,176.40465267607917,-280.0466536629937,-340.4563821471108,-78.01894513785454,-417.6237788890085,-546.6584110070044,-521.1904396482107,754.364610602055,-16.59815016785808,157.12192170455933,269.45465653260914,-349.67713364405466,11.27037269410139,-116.06342642806236,870.3213340975421,-58.2795802836618,-417.8011836767365,-428.9178110224408,-636.7845815029009,-749.9423308981543,796.2905067973325,872.2693200974647,1016.9635310940636,-265.2482672360482,-618.6521919740712,-737.6100801310882,727.6588545106299,893.2709983512219,952.9743361803244,590.8868384409966,853.3235005414627,786.9456567352358,12.096227905979566,687.4196392254231,-1029.4541876547164,-592.7344072550674,-679.6910488163196,-760.9948554385184,693.7472615788155,-324.2786430552923,-60.164364204666406,-167.46723112326382,384.5218437167904
650.3202046608535,753.0760021491922,887.6125262931689,342.76135256358407,585.8036147443531,998.09999472014,-1364.3671471912628,991.952880630256,668.5163535655796,-485.1673746004143,-487.3442802974724,267.6837227400003,-651.6431252189276,845.9490846215085,-265.1145517266361,-585.1783593987202,778.2752574152578,138.6443559992269,-236.15176475593825,-383.230676899117,-264.33411701845114,-154.8304821832896,-295.900960951362,-173.7223476306581,428.3945569655017,218.1945880197974,-637.1802944690253,-525.626034040898,-338.9987886883754,-401.0276593216232,-302.27761891048834,-229.0125644824924,120.78089898669822,-276.237759571671,-413.0997763176792,-636.3994650351731,258.28752213089314,-317.81581429497413,-350.85787553503417,-86.56773663103384,-422.9559258873982,-497.2109934304049,-454.5500740887251,711.1615634658488,-45.030317186224906,106.21403896727465,218.99687570184,-365.10835433170905,-37.609698724785495,-132.85755106658112,908.1171675384068,-101.38409511729456,-421.8850236985218,-441.26400802653376,-648.3434538860134,-714.297258107117,783.8939642117559,833.4086680206595,1001.0981572382918,-275.7398368553596,-612.8810085426036,-700.6539260121247,719.6412780240341,865.7199489368318,936.6055751193242,543.1536504788601,821.7309452294716,757.7996011652818,-29.69537515747533,640.6524249870533,-1052.268149656745,-549.0855435614634,-680.2582848021183,-774.9603028327143,684.7241513941475,-355.92136700037,-85.44786889448753,-191.7371784030182,329.3217221885758
723.5709667604816,768.4727976647703,911.5941184675256,424.2725034642507,545.2234655721643,950.7041607145898,-1380.563006090525,985.9066681007138,737.8361178018631,-423.0394121429502,-487.28819524878514,209.94495773154983,-683.5455163406731,850.1797433743502,-271.318654897268,-609.0912345446045,835.4791824660414,87.73818761496926,-273.14945371824194,-383.7629884025714,-283.5565812268213,-196.5557594764164,-312.2613980788135,-183.7011315799804,380.3461107072209,309.175851798238,-657.3608585268568,-550.358958748442,-367.321043326205,-417.0388668727481,-315.6932987228957,-263.7844058344768,78.95645141508537,-312.7931107749114,-413.6533691017312,-649.1749703338202,336.2830368510212,-351.9018676259827,-362.8250398195839,-95.63944671039548,-429.6366756430801,-438.7607892508441,-380.1489419093984,666.3564211384629,-70.40898575671568,56.4579393460584,168.47296072763925,-378.1812027136556,-84.19299421498535,-147.730114919033,937.1394175357848,-142.52778115961306,-426.7982044972737,-456.7125462497257,-654.3197261130747,-670.2903325569921,766.0934463863942,790.7805045577953,980.3154676006628,-286.5503921622709,-601.2242548839783,-654.9426861977647,705.4207013170636,834.277975273444,915.3641981945208,495.158165792576,786.8233327919603,724.5851560827181,-69.71614499057333,592.8837439510046,-1067.7000473611736,-496.9471614578614,-674.5540967993728,-783.5504303483025,670.2115313172375,-383.6946779018244,-107.83856295742996,-213.01616373833053,274.41202808935776
788.928453783202,776.4541980778135,926.6658206454084,500.279076327172,502.5087733105978,900.735276586963,-1388.380281417541,971.6402701558972,797.6048879608452,-353.4306604530755,-487.78884637087776,152.32700479751023,-716.0986185674706,846.4711292414389,-276.71490141594336,-629.9933176801062,884.789371530669,37.2063405510614,-307.64580667531794,-384.42376763567233,-300.8717712016649,-234.52858708649265,-326.4337521863503,-194.4797253918692,332.2966829223755,396.21007233450257,-676.2065047865211,-575.0366656538647,-396.2389850024923,-433.81547436371545,-327.2723325443809,-296.000678158468,38.03883732106685,-347.35406913370025,-415.9807590530453,-658.2680896609494,409.1411132647924,-382.1440470536433,-376.6147318395815,-105.58142662121048,-437.8065121313505,-371.64223088878936,-298.79542473374164,620.2991013743001,-92.74718007726574,8.150030267133767,118.16636467422394,-389.0411418265899,-128.262036478187,-160.90643080455712,957.4421990128014,-181.4230395630761,-432.9301147737217,-475.3865507810523,-653.8639084796391,-618.0312980653946,743.5637316978335,744.8184214584069,955.101311034556,-298.0420758577939,-583.0532576930768,-600.6480891835564,685.5796544438541,799.5003906872122,889.748987397204,447.233885142043,749.114137400631,687.8199532001148,-107.66679196070652,544.4280272120252,-1074.4919614704356,-436.3243766107221,-661.9155178643356,-785.9399053664887,650.7879340868859,-407.66185280892046,-127.53045861161615,-231.41011334705627,220.2097649927541
845.9450145890689,777.4488920747715,933.1964296248876,569.7879794864774,458.0618866820228,848.6640940221761,-1387.2670749857516,949.7623061353772,847.3227729658278,-277.1164426203485,-489.34937728020327,95.2650143600842,-748.5886973319783,835.2321877076516,-281.676862646341,-647.0330761386138,925.9179322848516,-12.602052175209431,-339.45259534460547,-385.6393118491528,-316.4737652978471,-268.66961158056847,-338.8138544957208,-206.18505165746552,284.5002420250166,478.1073498168469,-692.9267926974022,-599.0074380982599,-425.1281792849478,-450.8119872917806,-337.1880099249039,-325.4713758740198,-1.764496753888159,-379.6079585008548,-420.4764800613504,-662.9804072893833,475.7674694306112,-408.4575393803554,-392.4344727796346,-116.71093991930675,-447.52664214473424,-296.4128254434739,-211.4852495265357,573.3313083446906,-112.11190323563802,-38.42582857239844,68.36280031920977,-397.8783031690807,-169.61817431522897,-172.65461366860606,969.22496597873,-217.80937175537588,-440.634686507372,-497.29763007798215,-646.2210380211833,-557.8167687706579,716.9610556274247,695.942842336292,925.9244903884272,-310.5450136176993,-557.8459125474827,-538.159089103708,660.7128916070183,761.8956933137969,860.2529465318539,399.71120835364,709.0807204763953,647.9864357031033,-143.26981608204343,495.5602529105288,-1071.4722720917778,-367.4351174273879,-641.8104891321865,-781.3600932643211,627.0388010506598,-427.9467119781608,-144.76714730627776,-247.07111031881303,167.14065356934242
894.3724681408336,771.9550102680035,931.6690373373332,631.9832202554679,412.21915986744153,794.9296517377741,-1376.73663037813,920.9250766431286,886.7064113055305,-195.06599776818305,-492.4081544023512,39.188424439343294,-780.1872376313748,816.9471702587864,-286.5832076656454,-659.3598899581712,958.7367794363558,-61.33388527635636,-368.42075990935575,-387.8040976742051,-330.5805186983707,-298.9718648886972,-349.83330834957866,-218.91270116374537,237.21575871617983,553.8333370584078,-706.6821163086624,-621.5491205433741,-453.2867509631588,-467.39146701899807,-345.6352327545534,-352.04471181915994,-40.246923385062274,-409.2615339737753,-427.4530523711136,-662.6273593278761,535.2506318495178,-430.83809017630136,-410.43269165683625,-129.306506197759,-458.7709757647517,-213.8476139291754,-119.37749183124122,525.7891661576429,-128.6245662435157,-83.00111373595311,19.350522735071653,-404.92438743084193,-208.0862779336994,-183.28046259385056,972.8119161194064,-251.4618229514786,-450.2180896381491,-522.3350763910407,-630.7594923938694,-490.133547309256,686.9038940818864,644.5632296043232,893.2317238281279,-324.3436713995349,-525.2131377874753,-468.08022825111016,631.4088078335919,721.9215680851022,827.3560284980767,352.9146710083739,667.1640427718872,605.5297617185965,-176.27927234851185,446.5224252521536,-1057.5998567738004,-290.717789031098,-613.8630078002653,-769.1280269335932,599.5372735497197,-444.7326522763869,-159.83454727913212,-260.19354379720846,115.629954825872
934.1493770944212,760.5158341133596,922.6549459047905,686.2394773609367,365.2613770387344,739.9427016177118,-1356.389227023384,885.802807330839,915.6792064699108,-108.41583142309597,-497.32050190477,-15.478867213995448,-809.9664676695187,792.1559255004427,-291.80825816163923,-666.1473970055582,983.263850651344,-108.6351786985043,-394.4482645014694,-391.2695426086278,-343.4311996614094,-325.5009030839655,-359.94766360687066,-232.7274790617642,190.70649581215076,622.5306022438126,-716.6069629419551,-641.8846502378299,-479.9491272338904,-482.8365006032536,-352.82734784106435,-375.6128311851622,-77.20501757094542,-436.0525615051848,-437.1256386691343,-656.5617015988581,586.8804548112723,-449.3640605481325,-430.6888476263774,-143.60010503116374,-471.41994007655416,-124.92555030581607,-23.76398867550049,478.0049594302983,-142.45998746733798,-125.32625050586653,-28.580755257998028,-410.4486183420812,-243.5195464525442,-193.12075870015985,968.6295386436784,-282.1991765076584,-461.926344609992,-550.2576415276627,-606.9982926746301,-415.6550262115242,653.9583851749665,591.0810263683508,857.445545701576,-339.6634030695078,-484.9224304218384,-391.222158593471,598.23453757524,679.9844382143459,791.5203415945515,307.1589112539769,623.7704277134287,560.8583869340652,-206.48964265849628,397.5301376541931,-1032.0075775678613,-206.83017976502668,-577.8744590807939,-748.6753192749853,568.828621990864,-458.2603391221928,-173.05276080754246,-271.0093583030922,66.0914449979932
965.3819409763494,743.6972821700203,906.7877083785916,732.1278126603559,317.4266351935692,684.0895331539585,-1325.934583663322,845.0730987059667,934.3552903925854,-18.43667175041183,-504.3421769752417,-68.320407385163,-836.9201424603443,761.4358825110825,-297.7119751798465,-666.6184110489816,999.6454370562088,-154.15561860803325,-417.4869747934935,-396.3336706424595,-355.2827351008075,-348.3927710897893,-369.6239241058873,-247.66397683952377,145.23757784184406,683.5318110265051,-721.8362792009432,-659.2008043325745,-504.3031950704735,-496.3637982137273,-358.9927801363562,-396.11632848062334,-112.44177694018498,-459.7604321575988,-449.5986580874416,-644.198450728488,630.1578071782913,-464.19582711349744,-453.2037975604357,-159.77032192777332,-485.2564662594139,-30.80787270541271,73.96671190592951,430.3078309312318,-153.84386113593342,-165.17488525978575,-75.14229019293316,-414.7528463708289,-275.80434153076914,-202.53502554678525,957.1835639070198,-309.89146230923603,-475.9330828137028,-580.688483392231,-574.6316849678303,-335.23033507561905,618.628597127359,535.8927719092706,818.9647203255187,-356.6576556434213,-436.9170678301683,-308.5843048639352,561.7250453745742,636.4421182111172,753.1875305908189,262.7436705084209,579.274811296919,514.3467990461087,-233.74334658351276,348.7788384235348,-994.0432320058792,-116.63914454684893,-533.8399556719057,-719.5757235962578,535.418710459603,-468.8240510854481,-184.76741036641664,-279.782584288958,18.91520098974592
988.32004743147,722.0679986994321,884.7383722882672,769.4137798772481,268.92449947911985,627.7357783026362,-1285.2134538714315,799.4021034529192,943.0185094987988,73.50441409523533,-513.6152037586257,-118.9312215943284,-859.9893415173246,725.3863739946264,-304.6294547050098,-660.0707264091672,1008.1360002082556,-197.5543505947173,-437.5481416623867,-403.2317521352283,-366.40560763626576,-367.8499539457917,-379.3277038277739,-263.7268798533354,101.07204367779558,736.3645848272647,-721.5342144787139,-672.6698485978764,-525.5105517022145,-507.1423482576612,-364.3715509877602,-413.5473852942544,-145.77051610547787,-480.2153674163928,-464.8549304435643,-625.0402669722837,664.7955753650791,-475.5725494424585,-477.8908698123798,-177.93647947383164,-499.96447673088886,67.19102019226659,172.36937453919222,383.023361575644,-163.0487016038534,-202.3486043424524,-120.04998970450772,-418.1658609037046,-304.86495074966274,-211.89584164684436,939.0364398774334,-334.4663549450314,-492.32777879004544,-613.1138332665273,-533.5497040513378,-249.8663233088457,581.3516069919924,479.39290117810987,778.1666027426241,-375.3963420784494,-381.3296068168603,-221.33006263293825,522.3762808784178,591.6089828291828,712.7779262198738,219.94817895768824,534.024891189175,466.3398401096404,-257.9365752045199,300.4494952040433,-943.3060658236802,-21.201140736711128,-481.95861485857216,-681.5699370551474,499.76662569058914,-476.7666948550973,-195.34082149173497,-286.80333663253145,-25.54507038307017
1003.3301818110664,696.1826424783419,857.1928410194646,798.0485546907046,219.95027136641565,571.229857169679,-1234.2170736884248,749.4336799331529,942.0978828207924,165.98492395937748,-525.1566514472026,-166.92385443661934,-878.092744674034,684.6157026447071,-312.8600519999887,-645.9029726317697,1009.0768638462306,-238.50678109831145,-454.7061422036522,-412.1279671092453,-377.0789428783932,-384.1355781467861,-389.510313821146,-280.8907402286049,58.46565427125161,780.7483679770389,-714.9243139633672,-681.4736283504124,-542.7293535142479,-514.3149436580477,-369.21171650422974,-427.9514212339194,-177.01925552720033,-497.3058683276563,-482.74789449589787,-598.7021085938337,690.7115768791288,-483.8064422707163,-504.56816947452216,-198.1537650359041,-515.1301692832526,167.6392161551765,269.98429805785867,336.4720175754758,-170.3883698342162,-236.68184158929364,-163.02919825371782,-421.03693280186224,-330.66815471534244,-221.5778591232071,914.7862791550566,-355.9140757328376,-511.1048778997194,-646.8858570705127,-483.85341172553785,-160.70292329824554,542.4971387208523,421.975840907612,735.4107979677384,-395.8559078918641,-318.4885503253586,-130.75534319962082,480.64224831945904,545.7629679333902,670.6910025868248,179.0252905932507,488.3456060859685,417.1580543013148,-279.02329348380374,252.7134198192048,-879.676961349847,78.26574240475522,-422.6368929433574,-634.5862131343661,462.2813418154769,-482.4735299993512,-205.14338969616904,-292.38146505087826,-66.98439832608406
1010.8669461129188,666.568748444342,824.832076459022,818.1540169716067,170.69830930048326,514.9058061354951,-1173.103213657934,695.7825041192701,932.1410368399596,257.5688974170677,-538.8508929442069,-211.9361260355432,-890.1605599213306,639.7311086009137,-322.65630997270995,-623.6395498239747,1002.8750882504012,-276.7120977595993,-469.1002209021024,-423.1081483762776,-387.58491225884194,-397.5661958999359,-400.59602425595415,-299.09899163881806,17.660778735427296,816.5840715401235,-701.320054748548,-684.8294930771463,-555.1391202168561,-517.0227451654695,-373.7657085442839,-439.4272183604352,-206.03541669514885,-510.9841580459524,-502.9973899868756,-564.9339125612297,708.0143506679048,-489.2747738097811,-532.9526701194229,-220.40934226958535,-530.2463456903573,269.02805232222147,365.37978742555407,290.96649773462,-176.21136944374743,-268.0466817741507,-203.82037723321432,-423.7285840002346,-353.22743201443626,-231.94576109178743,885.0480148577394,-374.2904770860147,-532.154331922273,-681.2300756392832,-425.8635945147924,-68.98288207350839,502.37131902072935,364.03712959991645,691.0434467889336,-417.91160347540807,-248.91737929562083,-38.25167231138349,436.9356385253254,499.15366456591016,627.3066749160755,140.1957214311305,442.5434325585677,367.103531707693,-297.0174096477591,205.7360710934652,-803.3405343221315,180.4170687122052,-356.4843728840479,-578.7554231380824,423.32206567552254,-486.3646654399231,-214.5454128067911,-296.8400276117245,-105.15786321833647
1011.4448811260568,633.7173224711696,788.3156544669281,830.0029501168056,121.3734976565019,459.0853089253913,-1102.207776786947,639.0308766956175,913.7870760889796,346.84803064364525,-554.4458116351836,-253.64016936609144,-895.1710064236925,591.3315674695699,-334.21292869193934,-592.9535704070059,989.9836699092442,-311.9011793393841,-480.9340775745532,-436.1736925837982,-398.2024611207266,-408.503515617888,-412.9697106529208,-318.2620599778897,-21.120281694724103,843.9376236066515,-680.1544768705808,-682.0172977753078,-561.9667320060731,-514.4323658773361,-378.2865155428702,-448.12553527732166,-232.6906322858206,-521.269461663165,-525.1894115314641,-523.6400567418583,716.9830708361158,-492.40986413200176,-562.6566429492983,-244.61941994167583,-544.7199621714597,369.8162210965766,457.1928912213189,246.8080567342882,-180.8931582948282,-296.3572482652038,-242.1854179851679,-426.6085737739685,-372.60659808071625,-243.3414712667551,850.4372926547495,-389.7180745368147,-555.2541157888911,-715.2575714606496,-360.12191758473034,23.982760523116585,461.2239429245095,305.9733999300485,645.4014986860658,-441.3324295333191,-173.32556715781843,54.73460968989029,391.6314938494793,452.0107591493928,582.9870018667829,103.64271457553622,396.9100731112151,316.46577369753027,-311.99323600342103,159.67970551270065,-714.7975981854485,283.8229694021529,-284.3017561552702,-514.4193977297404,383.201727771604,-488.8864157994217,-223.9095950034101,-300.5087341817715,-139.89017006558316
1005.612130390709,598.0771372063533,748.2689643692948,833.9956760758073,72.20015576104247,404.0788246746065,-1022.0511408735842,579.728750604753,887.7402112733669,432.4801317386734,-571.5533332503529,-291.75219696446266,-892.1880244939086,540.0031531599918,-347.6560753988452,-553.6866729699511,970.883976794338,-343.8445326462714,-490.47325340610166,-451.2367761606215,-409.2003608428468,-417.3454338102164,-426.9650628639427,-338.25453187811354,-57.68214915934929,863.0188211920746,-651.0075718557345,-672.4065819489102,-562.5127658516716,-505.7647529220404,-383.02361114171424,-454.2462688953419,-256.8854784505025,-528.2490595873641,-548.7801341540128,-474.8944389751345,718.0430113803681,-493.6873831078696,-593.1869402253474,-270.627252318676,-557.8829911158366,468.4751945266117,544.1665227453499,204.2819224095524,-184.82775748639105,-321.57336704005075,-277.9142840568859,-430.0411041496049,-388.9226477413736,-256.0710010320869,811.5574199029065,-402.3848929090517,-580.065320357277,-747.9820457004186,-287.38386684063977,116.85177222788408,419.258497950727,248.18115902399515,598.8164143341434,-465.7791540462992,-92.591679075667,146.74524440848373,345.0732295930808,404.5521116673783,538.0779139227895,69.50741072132925,351.72521547751666,265.5271704120833,-324.0844472946796,114.70479943026795,-614.8667902814416,387.0126126675121,-207.0612234011648,-442.1316859557264,342.1929598357073,-490.5016359106583,-233.58434311720345,-303.71747072761127,-171.082884293285
993.9272452309935,560.0525276721687,705.2741273457748,830.6345140102858,23.42789855954145,350.1857729955555,-933.3387331304878,518.396337639424,854.7452558584812,513.2233540327536,-589.6545479601533,-326.042366551504,-880.3987084416194,486.31654837207935,-363.0333908877372,-505.8645779328091,946.0710539740166,-372.3598725941813,-498.040364357532,-468.11706892323394,-420.8295834926773,-424.5166809907984,-442.8535094446667,-358.9114736303623,-91.86301149229716,874.157035535534,-613.6300679298212,-655.4829006571132,-556.177249255177,-490.3249261116426,-388.2185297036464,-458.0342515079562,-278.5539354613845,-532.077142530584,-573.1043806317073,-418.9501649273909,711.7380729424287,-493.6132536653703,-623.9475889025738,-298.20206477783927,-569.0065821299522,563.5338338524476,625.1813159822509,163.65196910335837,-188.41895204844877,-343.70323038657506,-310.8316499567305,-434.37727680950434,-402.3475621291687,-270.3913729271544,768.9894967562658,-412.54109843943706,-606.1303960668595,-778.3416033892315,-208.60325280612275,208.28856156105476,376.6440820655037,191.05438006200143,551.6168611619564,-490.8057132501565,-7.739169112594187,236.3531059681798,297.5802282024314,356.9908489433554,492.9106589825428,37.885145417933295,307.2581577525984,214.5677452217158,-333.4817709554073,70.97022510770516,-504.6745970772734,488.5199118394698,-125.8797683690994,-362.6502715810827,300.5358307332663,-491.6791819251637,-243.89788746994145,-306.7899697604445,-198.7188683607327
976.9401233560144,520.0043401785274,659.8645081025938,820.4974377459093,-24.665810196555224,297.6937909883409,-836.9556127670985,455.52853841332734,815.565841404729,587.964955123378,-608.1095570525657,-356.34408132930514,-859.148847416203,430.8261830930744,-380.3050927595789,-449.7073379985329,916.0421451755988,-397.31895871984847,-504.00831751439904,-486.5401879401903,-433.3150147299208,-430.45932452663743,-460.8339899090931,-380.02413335806415,-123.54066381267462,877.775368830163,-567.9623038031189,-630.8721843843019,-542.4838637462586,-467.5314340139763,-394.0999981996523,-459.77379177349127,-297.6673855097173,-532.9715852484436,-597.3885572207873,-356.24306075165777,698.7018760547733,-492.7094623327959,-654.2460631441147,-327.038937748354,-577.3183991330948,653.620095459664,699.2809096166366,125.15485551350254,-192.07136682594785,-362.8048421283195,-340.80319118153955,-439.9448753900298,-413.1088496654365,-286.4980892036568,723.2856741292969,-420.4934890040032,-632.8750634263312,-805.2249409783731,-124.90856189541157,297.0008736433278,333.52827798060423,134.98097916337954,504.1301102978698,-515.8642130894684,80.09401949899893,322.20345002111094,249.45616397875216,309.5409771226176,447.8027299195076,8.822829173901749,263.7682058104135,163.868879163621,-340.4296214041297,28.63222623970693,-385.6335568896014,586.9280852142956,-41.986537077238296,-276.9222501423209,258.4465902557285,-492.88267220053103,-255.15317484941437,-310.0376420599198,-222.86362714500797
955.1777195637744,478.2535673901878,612.5225200155616,804.212220721429,-71.77644715076067,246.87711714855627,-733.9550975854611,391.6003820186377,770.96591756853,655.743694067403,-626.1720327516358,-382.56207661074814,-827.9749189133722,374.07042929906544,-399.3366039295672,-385.6334052373514,881.2885029624174,-418.6533233810867,-508.7917162228192,-506.1381652853334,-446.8465621135153,-435.623284892124,-481.0236979249741,-401.33539516437673,-152.6375849754574,874.3648025778307,-514.1470197244545,-598.3619520992144,-521.1016082266059,-436.94423028228056,-400.87855850405737,-459.7820836566975,-314.23796724464444,-531.2088357983093,-620.7679336926614,-287.3885060985691,679.6288408057699,-491.4990736431182,-683.3034900676015,-356.7597371030322,-582.0228897134753,737.4979366498713,765.6897731212862,88.993881403489,-196.1816697049778,-378.98610713763264,-367.7411854785341,-447.0375959025869,-421.4886167501214,-304.5136167761744,674.9653271902679,-426.598003719731,-659.6143128082981,-827.5013960887073,-37.57197101598586,381.7736027266495,290.050026863132,80.33829908698368,456.6819940622878,-540.3136457105196,169.6905223127415,403.0515186829653,200.99721412637624,262.4211740746348,403.0581132550528,-17.682499395120693,221.5038497323194,113.71578198987164,-345.22183143920523,-12.15769621886422,-259.4090356297249,680.9107902218996,43.31442014483566,-186.0609507754819,216.12668576901535,-494.5587373246911,-267.6234048882672,-313.75353924355494,-243.66346448341503
929.1347905055655,435.08710723152967,563.6802846649553,782.4322097177507,-117.57639204178297,197.9941815241896,-625.5416927136978,327.0726594526502,721.694821376357,715.7653754208367,-643.0083241205319,-404.6787089085236,-786.630916075298,316.5722768806164,-419.893144149951,-314.25688612469764,842.290325831825,-436.3585769931331,-512.8367104376389,-526.4522064541877,-461.56978410789645,-440.456931957278,-503.449926199229,-422.53547192401294,-179.1247286314762,864.4597274251237,-452.53511905038215,-557.9182117171,-491.8629413212236,-398.2895785941744,-408.74064782510993,-458.4016191220962,-328.3211288742698,-527.1171778019897,-642.3079904303538,-213.17140211932903,655.2465248215924,-490.49074456709417,-710.2689028375357,-386.9152388425652,-582.3241124532226,814.09784406486,823.8231535201256,55.33285866910933,-201.130108070442,-392.4035208501736,-391.6091083541348,-455.9039026996105,-427.821005198366,-324.47733612470034,624.5138080239936,-431.2504868917066,-685.562791140711,-844.0541039707678,52.0276685828235,461.4982311126311,246.35158502732813,27.487760699654277,409.5954241767839,-563.4323299441706,259.79145254306496,477.79488556834383,152.4993712934992,215.85658918354827,358.9667721264001,-41.68391445713705,180.70080933107644,64.39853190890886,-348.1965569740457,-51.25581479605606,-127.87562256509952,769.2678327450564,128.6842867785023,-91.316438690953,173.771361730638,-497.12495696160505,-281.54801780641145,-318.20638603238643,-261.340556967846
899.2695642312545,390.7650163353558,513.7226086707925,755.8146741940293,-161.721725076887,151.28449487579354,-513.0487656761421,262.3969843762303,668.4759471004359,767.4114495733679,-657.7207811608484,-422.75797065786514,-735.1085136122781,258.8399573730245,-441.6367132896921,-236.37767058757368,799.5144756276283,-450.497052500374,-516.609578049178,-546.9379887035998,-477.5762550663492,-445.39774915594086,-528.0431724314813,-443.2584104956973,-203.0237751853631,848.6160164213142,-383.683762218872,-509.69696956195713,-454.7774724223318,-351.4805800351861,-417.842147287757,-455.99174945291855,-340.0172548756745,-521.0686561337507,-661.0294023694959,-134.529429230234,626.2902961135343,-490.1630433699486,-734.237493865615,-416.9886464494249,-577.4506071574505,882.539822305408,873.2891930037265,24.29032457622166,-207.27253024267327,-403.2595052410586,-412.4249483817854,-466.7357482330888,-432.4878878680897,-346.3373569313827,572.3833518324097,-434.8759965650789,-709.8497196663897,-853.8153006348796,142.44617549369156,535.1967573334927,202.58874625941957,-23.231121249023257,363.1875908310179,-584.4339757702967,349.13513281571926,545.4992484924444,104.2641917668011,170.07863426534263,315.80334881900205,-63.28364685294376,141.57910423780316,16.211569658751703,-349.7303564789132,-88.52989550896521,6.93517777478037,850.9538715404241,212.79063507464235,5.959283072937893,131.57722142735642,-500.9576851290454,-297.1288970118175,-323.63461147101594,-276.18524428530293
866.0038879900195,345.5285943429166,462.991687340804,725.0024499865483,-203.8613907323825,106.96494023546272,-397.91157046357,198.01960927497063,611.9988416851301,810.2409558566542,-669.3748046627164,-436.946893676091,-673.6492986930984,201.3670609655528,-464.125867008143,-152.96448003051532,753.4144948379898,-461.1986462113029,-520.5843323217612,-566.9736932139908,-494.89398197304126,-450.8629980519016,-554.6317131194336,-463.0800280205982,-224.40767764916728,827.3925167216299,-308.34653399648806,-454.0494449712264,-410.0403721496874,-296.6319947237286,-428.3014630888887,-452.91954746725446,-349.4722813779868,-513.4699564279057,-675.9360794486757,-52.53009261002288,593.4811911183191,-490.9488948439764,-754.2726448254643,-446.4007289213589,-566.6816444073253,942.1481514312655,913.8837105798038,-4.065554567097967,-214.93298789335216,-411.7985131562405,-430.2630299787305,-479.65746087776137,-435.91277670253726,-369.9445469426597,518.995658248711,-437.9169832471341,-731.5383088973052,-855.8026308419812,232.21774068910483,602.0393868378039,158.9386622785897,-71.5071259631401,317.76605460911713,-602.487158178088,436.4946607435825,605.4167760907886,56.60248225997533,125.3228814115728,273.8251384972401,-82.63096554363425,104.3393544039256,-30.54839394629577,-350.2313903421728,-123.86333903341392,142.89373686376524,925.0990563851057,294.3476765665916,104.35076855932957,89.74822071254155,-506.3799696591494,-314.5265319523767,-330.24031985561226,-288.5459973059975
829.7271299177544,299.608638713826,411.7929357145695,690.6093475692113,-243.6481688357197,65.22558634888311,-281.63636238171296,134.38345682478456,552.9143997793507,843.9864229642462,-677.0289593542522,-447.474163770437,-602.7481163358144,144.63179878256355,-486.81863740690346,-65.13126006088464,704.4323586694636,-468.6598104311584,-525.2296440745828,-585.870887520965,-513.4782860703448,-457.24029249359074,-582.9379093259578,-481.5178932105309,-243.39943497155895,801.3365122777208,-227.45585045105,-391.5203469465399,-358.03482931259686,-234.0682075521008,-440.1922736584906,-449.5501290081211,-356.8772559317989,-504.75249725230896,-686.0455394286292,31.657616014495,557.5075661075497,-493.2204991408602,-769.4313249196947,-474.516810351577,-549.374041868932,992.4577095428118,945.5785230238736,-29.72103630859524,-224.3969616890105,-418.3020754349004,-445.254206415634,-494.7151729101134,-438.55296310343016,-395.0490626195925,464.7456494315056,-440.8206804123312,-749.649438914158,-849.1551708331788,319.8988988049412,661.3556868136625,115.60478261033052,-117.06384892159532,273.6240037171939,-616.737861323082,520.7124577387209,656.9965599752952,9.835628807022315,81.82528753881982,233.2694411421702,-99.91894493571203,69.15855688927533,-75.58601739345929,-350.131659755999,-157.1594517160879,277.83495201073964,991.0211066537832,372.15376773448907,202.41954250908503,48.49967311436891,-513.6497809694449,-333.85590279765074,-338.18317076908323,-298.8176375458238
790.8029095895066,253.233253226138,360.4013784463432,653.2095396208224,-280.7508347073235,26.225169049427123,-165.766471106602,71.92798809423321,491.8327343873404,868.5446006692614,-679.7673111570273,-454.6459301801249,-523.1469947159245,89.09518589383985,-509.0788847416135,25.89227633363085,653.0013586288953,-473.1407388754998,-530.9953512495689,-602.8882817323687,-533.2036443009451,-464.8780047537654,-612.5765629236835,-498.0339101701541,-260.1691318972473,770.973379060521,-142.0982133458087,-322.838902619236,-299.32809360191635,-164.3234664819663,-453.5361568104034,-446.2365965884392,-362.4668328477858,-495.3619405960404,-690.4207550815431,116.7958096614412,519.0109044024471,-497.2751014555519,-778.7922595964704,-500.6558177009872,-524.9885979934136,1033.2121243229549,968.5044751287824,-52.71947479997758,-235.9052024172636,-423.0829933468965,-457.584361319847,-511.8672247438923,-440.8899752509978,-421.2996163635114,410.00591226170457,-444.02604833328,-763.1891603141843,-833.1677691352156,404.1107066594956,712.6393176972873,72.81864811399714,-159.66605393907514,231.03497871687424,-626.3346169224592,600.7302218086373,699.8871814305136,-35.70551946758039,39.81704378626658,194.3504397903629,-115.38017463884196,36.18561695226591,-118.61239164989895,-349.878215682653,-188.345551640419,409.6219067004943,1048.2289034956848,445.12452459490095,298.74459563842765,8.059972103572019,-522.9487850554768,-355.1819045148216,-347.57417892663284,-307.4284333368781
749.577616853833,206.63467270430144,309.0680907503597,613.3308939158446,-314.8668577253035,-9.913576140543832,-51.84631379296295,11.086714655216452,429.3232432216048,883.963074860052,-676.7329696140898,-458.8389377525606,-435.8196008611165,35.198049644819896,-530.1862847241434,118.79479373684634,599.5495186277047,-474.96084711255145,-538.2988100204881,-617.2482794106012,-553.8570418710891,-474.0754763709614,-643.055680009067,-512.0399577852636,-274.92938494799154,736.8003413514724,-53.48334165587932,-248.90270700043604,-234.6609080440548,-88.13389102962549,-468.2953940141171,-443.3097715677098,-366.51672140166033,-485.7472678596535,-688.202496522801,201.61316556958468,478.57590279396953,-503.3220206896181,-781.4860854189039,-524.1015442002397,-493.1150852830902,1064.3544362280652,982.930539411211,-73.16231928163008,-249.6481367275533,-426.4788847171676,-467.4912203387679,-530.9760339280597,-443.4184987516697,-448.24566533513337,355.1313546489593,-447.95060129616775,-771.179349937561,-807.3222511231762,483.577232428243,755.5468159753409,30.838492751146266,-199.12552401863715,190.24737046448604,-630.4556143698863,675.6130654662438,733.9318351426768,-79.68410435246345,-0.4815960009099324,157.25578168674855,-129.28147661214308,5.5369343957234936,-159.35131907649577,-349.923315671941,-217.37663149854916,536.2076672332537,1096.418188161372,512.3201822011381,391.9611765067946,-31.330125104678917,-534.3719308418968,-378.5142241453408,-358.46949500121457,-314.8266882404212
706.3896471032904,160.05467097236698,258.0262599335907,571.4519879692689,-345.7349812110515,-43.10850379547829,58.61556985716317,-47.71763843405815,365.9163639264068,890.4239090793054,-667.161644834476,-460.49122161123785,-341.94669592019363,-16.643109069560055,-549.3500612131832,212.2207006965269,544.5029848356733,-474.4926840188581,-547.5113267023094,-628.1561347112764,-575.1334103991833,-485.07308996171776,-673.7800090424245,-522.9068925514977,-287.9294205683368,699.283964301905,37.0914243427626,-170.75485917005517,-164.93044518355228,-6.421187574682498,-484.3663226364501,-441.06788656308265,-369.34011875962784,-476.3495216970065,-678.6410832457515,284.8416835759622,436.7247375710512,-511.4713718236188,-776.7265309273869,-544.1162131932375,-453.4946810025092,1086.0113045616406,989.2404253258036,-91.20821559669416,-265.7607560894336,-428.8452794513208,-475.2595186734133,-551.8019487589896,-446.633964497126,-475.3426569086136,300.4636388369304,-452.9774305184535,-772.6906351306737,-771.3140325346366,557.1587387477144,789.8911922949729,-10.055181961083466,-235.3060742916801,151.4789807171167,-628.3370122634321,744.5670362253102,759.1568297385303,-121.762781458816,-38.86811767960942,122.14306000343817,-141.91770774290669,-22.70764385268156,-197.54651556369632,-350.7135824767517,-244.23833525567323,655.6925041779054,1135.4603945152546,572.9661804751438,480.7962480732287,-69.42066404522774,-547.9181757675152,-403.8017151453631,-370.8642860080562,-321.46737484530365
661.5783275728019,113.7482359059683,207.49651850389904,528.0023427474791,-373.1470480395249,-73.32230445049629,164.18330192278344,-104.08011250187366,302.1065032337359,888.2254624795029,-650.4138822901285,-460.0906775242479,-242.88356875185963,-66.04126709436878,-565.7264640495658,304.8090447277612,488.2888986276385,-472.1544208209499,-558.9449039017094,-634.8214114845736,-596.633710047353,-498.0423656297948,-704.0576989842742,-529.9770461182756,-299.44807682209034,658.8607991171415,128.27977800086077,-89.55523121286946,-91.16720207884246,79.73151232150211,-501.5736595110207,-439.7664208615947,-371.2831623520544,-467.590290571674,-661.1263743018412,365.2530799102151,393.9152121880194,-521.7249328220045,-763.8415062911253,-559.9563311369783,-406.03870546908746,1098.4720505198609,987.9081143578117,-107.07008480545164,-284.3178955881341,-430.5484332707459,-481.2145943281095,-573.9996081155998,-451.0190594299149,-501.9604108832161,246.33499382506568,-459.44271534431374,-766.8764923192452,-725.0727545451848,623.8783073648381,815.6313131276273,-49.566712969072285,-268.12741459260167,114.9119056979932,-619.3015429695963,806.9496598102963,775.7545809917472,-161.61092447381057,-75.16477296612558,89.1364110000678,-153.60474685935333,-48.508201249714894,-232.969366051862,-352.67830984806926,-268.9490566384968,766.3741496235958,1165.3859684272174,626.466346880354,564.0992158916923,-105.95797967892184,-563.4827421764799,-430.9264623521058,-384.686896431211,-327.79926628941223
615.4916232785938,67.98531382281135,157.6912792428077,483.3652560524762,-396.9584869857745,-100.56611458619714,263.52907103995426,-157.62225204374988,238.355630717745,877.7634666879828,-626.0045411298926,-458.161860692545,-140.12088259154555,-112.64482259450033,-578.4398608879343,395.2321237559217,431.33735030942273,-468.4010599479301,-572.8395425906645,-636.4813168815987,-617.8661553513174,-513.0763609408824,-733.1103680340202,-532.5801498783993,-309.78605994116214,615.9404416048826,218.7263406169264,-6.547055772540006,-14.506660060251086,169.1107880441321,-519.6662420580018,-439.6082805017166,-372.71942924507374,-459.8600179259569,-635.2147696121267,441.69316247642,350.54232229560114,-533.9696062110777,-742.3028553386065,-570.8906976126199,-350.84259452886045,1102.163997662577,979.4736275629268,-121.01016544618236,-305.3298196124378,-431.95799206762456,-485.7144863003689,-597.1172970084689,-457.0294607352287,-527.3946557629232,193.0710540490947,-467.62399539451866,-753.0072439776142,-668.7757000186094,682.9410675329934,832.8581509732556,-87.39457268284072,-297.5676068378651,80.6879669192705,-602.7863857631932,862.2735865305573,784.0624134394554,-198.9130483343667,-109.2254215621552,58.32345446550195,-164.67179467753834,-71.86718473697722,-265.4268042236317,-356.2171511060618,-291.5610301092709,866.7891454241703,1186.3637247584436,672.4084610040653,640.866840238441,-140.69223853023675,-580.8513666226595,-459.6978804596944,-399.7935363361837,-334.2528943988987
568.4918797938572,23.0505378105574,108.817881068293,437.8825142853434,-417.0969522151781,-124.9021976592304,355.4659683442404,-208.00206880760103,175.0970466728463,859.512318520768,-593.6280576934107,-455.2513823496234,-35.24073324580905,-156.14404554338432,-586.607154227088,482.2320080712972,374.0821133794247,-463.7144950607624,-589.3513662408945,-632.4253522549516,-638.2509840540303,-530.180756545797,-760.0867902735243,-530.0524070370392,-319.25779948786663,570.9101776124625,307.1059576998195,76.97970722985846,63.84315264074378,260.4096815360953,-538.3146239298734,-440.7345496837568,-374.0434954192524,-453.5062512945548,-600.6519865381338,513.1126508994528,306.9426456719957,-547.9739031885241,-711.7534330014356,-576.220293867863,-288.1941566298306,1097.625634399879,964.5201591265176,-133.3331214894179,-328.7380662603153,-433.43959859369807,-489.14062063661976,-620.5997228517193,-465.0791309105745,-550.8816644693756,140.99242525739956,-477.72945583810736,-730.5025386655767,-602.8529851530932,733.7456218193338,841.7790209823756,-123.24226873163688,-323.6639489657574,48.90487643014791,-578.3692016960109,910.2038291706712,784.5385854330415,-233.37795338375253,-140.94179583789764,29.75281019665184,-175.45314985386258,-92.83067315727442,-294.7688558847786,-361.68750122665824,-312.16035440074273,955.7438684095252,1198.6778605896227,710.5624035405505,710.2615947222475,-173.38664894796534,-599.697052847403,-489.84731705310185,-415.96380613981023,-341.2295338085004
520.9590671792647,-20.75904202317236,61.08043581946205,391.8602230756308,-433.56870685039496,-146.44543317699618,438.9771341527796,-254.924604211366,112.7388683576377,834.0073800389229,-553.1781090411231,-451.9122795585996,70.13003825717887,-196.277703475731,-589.3650482485393,564.6533020998726,316.9599685722962,-458.5925437458317,-608.5418704309957,-622.0205897013653,-657.1290318076377,-549.2660820460572,-784.080296584574,-521.7582181292697,-328.1832308292394,524.1403730059926,392.1606650426887,159.7265736095734,142.63677770110343,352.2683198874432,-557.1109247558559,-443.2160661388488,-375.6635491078995,-448.8220039340906,-557.3904315865946,578.5931229547951,263.40087901653555,-563.3878314676517,-672.0301324589063,-575.2996028559996,-218.5753558420007,1085.479085945953,943.6534950941652,-144.37742416801288,-354.4115611086434,-435.3474934016205,-491.8871765472624,-643.7945462113746,-475.5255399564175,-571.6158526037691,90.41474613069374,-489.88845652712416,-698.9608182958061,-527.9838421399093,775.8876825011885,842.7008780974415,-156.83019989476932,-346.51222249014256,19.613290832434377,-545.7911834947887,950.5494264159612,777.736955346589,-264.74809035340905,-170.24882504487664,3.4324150679484324,-186.27965713003232,-111.48833841356222,-320.89538835949577,-369.3919356269597,-330.86595995471134,1032.3344049950365,1202.7041901245348,740.8714844704488,771.6231050019254,-203.82784669046652,-619.5798470502739,-521.0237218175905,-432.89742475682857,-349.0912929658565
473.2912174315662,-63.13811298992192,14.680350452165872,345.57502419597097,-446.4624544164437,-165.36341277621668,513.2402238032005,-298.1524062525641,51.66683279699431,801.8288899522872,-504.7604747291859,-448.6877381369351,174.36712413187564,-232.8395035773529,-585.8994789418972,641.470726372036,260.4085367103536,-453.5370722483847,-630.3686430870998,-604.7367466336749,-673.7742116394481,-570.1415689852091,-804.1498444688631,-507.11385915689135,-336.8797930238666,475.9898202047839,472.73279525265474,240.42456397809048,220.6275136709129,443.3163928062561,-575.5712749784631,-447.0460941563156,-377.993034795559,-446.0344735747456,-505.6001223528396,637.3670719734322,220.1578028020488,-579.7464955217313,-623.181515084064,-567.5587333660213,-142.6571174458145,1066.4032539403038,917.484397739107,-154.50530172566744,-382.1430894172072,-438.0171278951991,-494.3492507244456,-665.9628870850984,-488.6552021346277,-588.770107016496,41.64709925355118,-504.1435151689489,-658.1842706382844,-445.0837057356862,809.1563179746962,836.0136384987062,-187.9077965778171,-366.26435136001606,-7.18511627879555,-504.9759823894528,983.2506249870788,764.281622167346,-292.80867101748333,-197.12870570186828,-20.67116063878216,-197.4700467017387,-127.97204927690396,-343.7616466784688,-379.5660971415189,-347.8275989862209,1095.955056270344,1198.8870114803706,763.437883358196,824.4726673252674,-231.8368801181761,-639.9501106490767,-552.79098655157,-450.2125732252315,-358.15230105016843
425.9019799459083,-103.7789363028803,-30.18441924565664,299.28005193205775,-455.9504429508172,-181.875029106204,577.6463808791749,-337.51522295709475,-7.7539109581463554,763.5878966634136,-448.698183946805,-446.0945563976088,275.8944903491556,-265.68398580072875,-575.4762970675566,711.8104414075711,204.86264230527732,-449.0413424291148,-654.6779369031555,-580.1701008287747,-687.409814531408,-592.5111112467764,-819.3445354258384,-485.6122214402768,-345.65486844780014,426.8103696004244,547.7929673638755,317.8703278883856,296.6029896556116,532.2153467151132,-593.1411218867771,-452.1343812821277,-381.4412965402139,-445.2944371556108,-445.6723360378468,688.8314218892815,177.4189579644702,-596.4776185466561,-565.4788100673866,-552.5255461980125,-61.28696573275785,1041.1087782617888,886.614386858421,-164.09160863111026,-411.6463047761875,-441.75778280139946,-496.9099885030621,-686.2938955604595,-504.6699289845488,-601.5184996872197,-5.011272728413736,-520.4439376492221,-608.1978455234397,-355.28227148283906,833.5235476467954,822.1743244265581,-216.26527686127525,-383.1246215776774,-31.538450279662538,-456.0434366498946,1008.3628326026763,744.8427148234184,-317.3960949462049,-221.6134764105012,-42.63224564830836,-209.32239148897455,-142.45316121188873,-363.38222893212935,-392.36742982941456,-363.22299327872827,1146.2958459553092,1187.7177836873982,778.5033944738734,868.5111838129945,-257.2801631994513,-660.1556702305136,-584.6275526975127,-467.44629346314673,-368.6709243524605
379.2154402177349,-142.37858002594996,-73.32125681894593,253.2101135833736,-462.2867893555373,-196.24754137067217,631.8131205517286,-372.9182375364995,-65.17825406963053,719.914435793395,-385.5284069392076,-444.6067485893825,373.2266079405837,-294.7315177933268,-557.4720749332371,774.9644356317648,150.74932015373554,-445.5767367425089,-681.1994979469627,-548.0651799006157,-697.2283558189051,-615.9717760173877,-828.7311498155154,-456.847558009759,-354.7988146464384,376.9503361800642,616.4620205437318,390.9587505630544,369.4185000736272,617.6982001622306,-609.2035722871351,-458.3028881382596,-386.4032008017388,-446.6667035013857,-378.2154631451493,732.5542362537008,135.36335865461257,-612.91306999772,-499.4192646535615,-529.8468324105496,24.530337955612055,1010.3157221812892,851.625102833494,-173.51199177975266,-442.5535402939951,-446.845172250345,-499.92692672449647,-703.9233235774889,-523.6742072544721,-609.0609091340065,-49.2758742050512,-538.6412759792873,-549.2610865799926,-259.8931804337635,849.128304704804,801.6926267404119,-241.74437834437708,-397.3446915383051,-53.54415986747664,-399.3171513343408,1026.038650642244,720.1142871644652,-338.4053214569736,-243.78594717121015,-62.56436505545492,-222.10589758387596,-155.1386166956333,-379.83325059652367,-407.8651499687526,-377.2543128617189,1183.3299365520993,1169.716511409276,786.4268354673025,903.6111423257722,-280.0797382004364,-679.4530821941293,-615.9288272418958,-484.0573850258351,-380.8429276875207
333.6585413226234,-178.6471888312296,-114.54573500888932,207.5857367358124,-465.80308833131335,-208.7921948712244,675.5907570637424,-404.3482290394174,-120.28195363732196,671.4480029564414,-315.9909731749973,-444.63969863686,465.0054790812223,-319.9720798853686,-531.4037177740283,830.3977270251207,98.4816509413906,-443.57905612202086,-709.5440569337985,-508.3330944067408,-702.4145022790509,-640.0152502521793,-831.424036376027,-420.5390541422351,-364.5786583243765,326.7563581268873,678.0262988161572,458.7106477156152,438.0266580526509,698.6050835511754,-623.0908393291944,-465.2834792044898,-393.2477571450275,-450.1220479365356,-304.0429114151841,768.2747429561284,94.15163619195944,-628.3043353379758,-425.7211471024197,-499.3074926058293,113.65860483496807,974.734607008524,813.0712057084753,-183.1307279278416,-474.4147645314425,-453.5140129127535,-503.7178872732615,-717.9558628745127,-545.6641092400954,-610.6489223722313,-90.88329154504858,-558.4867847603219,-481.8717949695072,-160.3764692935949,856.2559971819446,775.1182535181987,-264.2474838495557,-409.21767443100856,-73.34728807813738,-335.3251724861117,1036.5092572310857,690.7950188408374,-355.7958801572525,-263.7789370623729,-80.61730472835775,-236.05321236288424,-166.26604085244446,-393.2525588448705,-426.0318268951764,-390.14417274896334,1207.2922985065177,1145.4164325855015,787.6595442164863,929.8035040068128,-300.222195251708,-697.0230706906826,-646.0128517367808,-499.4322159459807,-394.7955088146257
289.6516016050054,-212.3168697143217,-153.6852114658729,162.61588739274077,-466.9014720935828,-219.8585479549321,709.062242905593,-431.8771349208449,-172.76385316186605,618.8302231166732,-241.0088436585397,-446.53528299504006,550.0311283138925,-341.46758162798545,-496.9554246817812,877.7485511239013,48.45166752241435,-443.43463477279744,-739.2038693819836,-461.06538632952487,-702.1704378558497,-664.0325352697218,-826.6164517541736,-376.55196377376654,-375.2324455865375,276.57357401828216,731.9460480285798,520.2944589105024,501.5022064565187,773.9129299130741,-634.0987361048469,-472.7178613217546,-402.3058216218986,-455.53107067536,-224.15330888970303,795.8971502786011,53.9331041137548,-641.8417043968279,-345.31012461452195,-460.84662915066747,204.8615416779396,935.0511515335038,771.4765611589761,-193.28858060631944,-506.6980788531581,-461.95055176285103,-508.54685658476166,-727.4908263289475,-570.51813399643,-605.6122368001206,-129.59863549796933,-579.6310387285993,-406.7608885933801,-58.29536162183727,855.3150273475438,743.0302084841853,-283.74464663210927,-419.0715934409509,-91.1373600172066,-264.79326378419086,1040.0662922589322,657.5721497221879,-369.59627664640016,-281.7728766842167,-96.97303832147674,-251.353388149068,-176.09805375427618,-403.8379687479644,-446.7369224756313,-402.13132223811874,1218.651299509184,1115.3523047251251,782.720355710924,947.2605373348094,-317.765633594121,-711.9899965230272,-674.1295417982743,-512.8938026635673,-410.5821653572945
247.59752524737036,-243.15073000592017,-190.5829347460803,118.49930772124988,-466.0453666132862,-229.8277108964745,732.5365130460938,-455.66261479274857,-222.3494164692618,562.6994971329657,-161.66130384992093,-450.5483826125837,627.284653328402,-359.35251138269257,-454.00148851625255,916.8220945079968,1.0226126203132857,-445.466569545925,-769.5566477931216,-406.5423527618647,-695.7428710339534,-687.3221196755791,-813.6122135110745,-324.9150447960888,-386.9641787735134,226.7441608209942,777.8570288860094,575.04122169165,559.0611653958007,842.7581540686145,-641.504020196789,-480.16005926233447,-413.85705791557575,-462.6604173258072,-139.70366472724,815.4790302851558,14.85134699648448,-652.6767924880372,-259.29723099708724,-414.5695027095137,296.83830640942915,891.9148229969161,727.3332963745473,-204.290985272464,-538.7921781564964,-472.28507903109926,-514.6103667098478,-731.6505528213595,-597.9903631509526,-593.3846409825103,-165.22365424946028,-601.6258663727516,-324.8782351222516,44.73067796238529,846.8116702984706,706.0279429178888,-300.2781349230828,-427.26249852127074,-107.14390633226186,-188.63062250237465,1037.045213863953,621.1088120312237,-379.9066065128649,-297.9919194762781,-111.84069942687135,-268.1455848588226,-184.9160333754744,-411.8435920708366,-469.7426078316906,-413.4661636286269,1218.0750758797565,1080.0523074514806,772.1713282079494,956.2757516739304,-332.8441180232672,-723.4450086953453,-699.4736630036297,-523.7144153383766,-428.1783943265379
207.87035178064497,-270.95158671767456,-225.10241926104905,75.42453857006825,-463.7482436524797,-239.1047250150328,746.5356390709169,-475.9453605498912,-268.7954011479225,503.68731711644926,-79.15104987116612,-456.8351957042969,695.9433764900035,-373.83277912002336,-402.6234710860704,947.5786551538692,-43.47914523005742,-449.9214125915329,-799.8731632039443,-345.2349869964851,-682.4507602512327,-709.1017689734425,-791.8563295254776,-265.83309857682065,-399.9392225260414,177.60442230260233,815.5657621982917,622.4525193130573,610.0738529609099,904.4516173468844,-644.5842465566578,-487.0817210692352,-428.1164362027573,-471.1717793408381,-51.97653254696999,827.2152747006662,-22.951939950461327,-659.947853394633,-168.94916051006194,-360.75442571549456,388.2617373898469,845.9310897453411,681.1031823283037,-216.3968285353048,-570.0111879726843,-484.5845073513965,-522.0249430743407,-729.6107196557796,-627.7062972663181,-573.5285443477148,-197.6049853296304,-623.9287483191682,-237.36969885624316,147.07447972706237,831.3246643772084,664.7241663127778,-313.9642494652784,-434.1674926367509,-121.6306846266642,-107.90824794400964,1027.810871247745,582.0346916155786,-386.899238211928,-312.69876927221054,-125.4508487576618,-286.5135437204963,-193.01355302729016,-417.574409246876,-494.7021382118366,-424.4061824046428,1206.3946167486874,1040.0333338729774,756.5952914654238,957.2421335697902,-345.66918188753226,-730.4723341506635,-721.2015391774793,-531.1318256048207,-447.4782681376283
170.8037910271136,-295.5698817384737,-257.1318554369628,33.568777990005955,-460.5606955617728,-248.1103076177035,751.7762900182062,-493.0430575479292,-311.8954170183793,442.4158833825185,5.233313695430941,-465.4437443253098,755.3880748471557,-385.18266668613126,-343.1204528436896,970.1173497407434,-84.77221466015531,-456.9567178918671,-829.3287036542102,-277.7999533715269,-661.7127395119846,-728.5239662547566,-760.9631211077754,-199.693581201186,-414.2800324695649,129.48072679223444,845.0390907994229,662.2015106504804,654.0716596705553,958.4856501175002,-642.6396366602675,-492.8805388153793,-445.2206570064205,-480.6240562548196,37.6574414682679,831.4187741522136,-59.33500488181532,-662.8071997084874,-75.65212204202162,-299.8538644625528,477.81751193693054,797.6570858358124,633.2207174108618,-229.80804932321016,-599.6022452844685,-498.8451724291067,-530.8161952870438,-720.6315630415036,-659.1617190544375,-545.7569635240004,-226.6419554092594,-645.9098239059512,-145.54612142043615,247.1490609101276,809.4807364142129,619.7389936558551,-324.99231222687,-440.1778493722819,-134.88872970329965,-23.830575712480503,1012.7457907886932,540.9397611676258,-390.8174663542407,-326.18846534925694,-138.0493257078609,-306.4808274990834,-200.6896869965793,-421.3792930346286,-521.1610213415563,-435.2113123724696,1184.565444666229,995.7992383327844,736.5760422331119,950.6298734666834,-356.52805393544776,-732.1779849529587,-738.4513059705334,-534.3691326650882,-468.2919751922424
136.68035163199986,-316.91038952218423,-286.5883422353253,-6.904213180971516,-457.0561648098368,-257.2721615332533,749.1461643453333,-507.3410635948309,-351.4860487394112,379.4966227684319,90.15758737902298,-476.3069394410113,805.2026638051899,-393.7398510220828,-276.0113375377986,984.656633969548,-122.6279727885682,-466.6298619559825,-857.018462216038,-205.06736430442885,-633.0731666393748,-744.6949178215235,-720.7402916819187,-127.0665076178847,-430.0620525056186,82.68465976712842,866.3889596168405,694.1275369883534,690.7477653936705,1004.5333648270924,-635.0163267702991,-496.89203329667566,-465.2149846866668,-490.47900725977775,127.77993860292884,828.4990302011312,-94.1560052587678,-660.4499134392098,19.12909139351848,-232.48928686932516,564.2424101137208,747.6002579726877,584.0972528819054,-244.66026157561996,-626.7561086360682,-514.9860983308944,-540.9101007616531,-704.0888474570214,-691.724907046708,-509.9518687087777,-252.29332564408728,-666.8616423254693,-50.84542209124684,343.4526956850963,781.9320891588956,571.6950525305961,-333.6208691979401,-445.6923178461444,-147.22842717829022,62.29861141809764,992.2414194023428,498.3706887457894,-391.97207861053073,-338.7813693118392,-149.89098204966012,-328.0068102218152,-208.2423344881124,-423.64272660281335,-548.561161702648,-446.1392115309107,1153.6296301598309,947.8414488398416,712.6817407022385,936.9646897065046,-365.7784398562596,-727.7200109119534,-750.3663323153534,-532.6578834051892,-490.3444565749828
105.72160507356917,-334.9373896092475,-313.4217616854333,-45.84690706601614,-453.8156488420373,-267.01600040632337,739.6761967315737,-519.2800261647209,-387.45317090256833,315.52919779083294,174.28317448401114,-489.2385326961706,845.1670461444714,-399.8985174898373,-202.02858100472736,991.5129549245552,-156.87771264574596,-478.8885767232188,-881.9767884939531,-128.0215325111705,-596.225692171973,-756.6968979120527,-671.2074316393928,-48.69720777828938,-447.3096456546775,37.50778157688195,879.8534779721406,718.2251259578666,719.9522487289693,1042.4409120837893,-621.1302259594677,-498.4048621243843,-488.0410527180307,-500.1106406728068,216.96654010353555,818.9398874051972,-127.27478678800225,-652.1429077498449,113.89486261232965,-159.43960922547035,646.3598931166084,696.2194682589353,534.1255129616818,-261.01458081137605,-650.620968335062,-532.8430610249724,-552.1269748169227,-679.5032999512894,-724.6424947251247,-466.1778533825205,-274.582421800835,-686.0117797160785,45.21057758521635,434.609179225224,749.3366380627265,521.2131676689218,-340.17128272927863,-451.1106127623769,-158.9708549983671,149.11461871591172,966.6923284050506,454.82943459050415,-390.7358293894015,-350.8155724713511,-161.23357342931743,-350.98341565148417,-215.96166479387765,-424.77546866424177,-576.2481039850813,-457.4403970405402,1114.679654790057,896.6412463106618,685.4517944529612,916.8077156663624,-373.8398667271779,-716.3393009471279,-756.1212406502839,-525.2639527394126,-513.2753133298935
78.0800415220393,-349.6780843118016,-337.6181542405521,-83.13122639200009,-451.41168308983646,-277.75637848489686,724.5094507157431,-529.3407944644495,-419.7380484651241,251.10060777572264,256.3072082174013,-503.9322385384108,875.2441007368047,-404.1006344983333,-122.10318612656636,991.078821906143,-187.4188161964349,-493.563640485755,-903.2000788396574,-47.77529296728782,-551.0332595246924,-763.6135495590385,-612.6076102246167,34.508102910370994,-465.99197148750113,-5.783631041601424,885.7754333081391,734.6284551311328,741.6822495941749,1072.2136884941117,-600.4906040466682,-496.6796581370959,-513.5262549752568,-508.8184780780689,303.82758249901235,803.2774847205691,-158.55627257247923,-637.2532940318345,207.15523329920416,-81.62344502628504,723.1113540201658,643.9279741530005,483.68391832790735,-278.8508310261874,-670.3194842626858,-552.1638641606041,-564.1785483417382,-646.567147952252,-757.0492322918188,-414.6902149138992,-293.6001796408991,-702.538411009988,141.06266173778008,519.4016197586873,712.3415248629312,468.9082766106822,-345.0189966461702,-456.82698910296153,-170.43866818677137,235.2329380082662,936.4931696944972,410.7735062494984,-387.5358746683289,-362.6388947117858,-172.33203437029223,-375.23264617327936,-224.12374626012783,-425.20440573101695,-603.4814344487585,-469.3531814187793,1068.8253626387914,842.6729670993811,655.3872774981287,890.7377250011947,-381.1817885363788,-697.3898380004297,-754.9497685833489,-511.5153887724907,-536.6402008931249
53.83287568208197,-361.2241547649608,-359.2024917731828,-118.65188751573464,-450.3918921672508,-289.8873470092191,704.8676798470093,-538.0270961259522,-448.3427930174005,186.78401610779693,334.9997545706149,-519.9642566174002,895.5619694394522,-406.8255165952559,-37.34132779552565,983.8014766099632,-214.21962669934703,-510.3641721079082,-919.672907639962,34.46111118871723,-497.5435018546722,-764.557588973319,-545.4109916982069,121.50353946418495,-486.0187987737961,-46.95352175221882,884.5794690184428,743.5924841636617,756.0680081063938,1093.997776502013,-572.722447928631,-490.9711945263555,-541.3753629381087,-515.8446794010187,387.0464929519845,782.0793905345771,-187.87517281996804,-615.2749298118783,297.4730109718121,-0.0757223321910939,793.5816565565398,591.0976994986821,433.1402131689334,-298.0623142259095,-684.9689127878482,-572.605298943195,-576.6684971494512,-605.1663829987937,-787.9818574629383,-355.9367179287131,-309.5057664019222,-715.5888632085897,235.1618942970789,596.7985060257239,671.5701808882305,415.38529667824895,-348.5828318588219,-463.2237181928271,-181.946810483596,319.2911140516449,902.0380074639446,366.61734448005205,-382.8442920404154,-374.6005877886334,-183.4332896225399,-400.5050039106877,-232.9843942572548,-425.3618018342569,-629.4483287298998,-482.0983609133871,1017.164938883678,786.4074034411805,622.9447369359682,859.336244876848,-388.30883481896535,-670.367240193195,-746.173534698027,-490.8311762780857,-559.9139648350616
32.97805555527193,-369.7314484452889,-378.2407729995106,-152.32957070294606,-451.26240017607313,-303.77290349124644,682.0165733115674,-545.8465356832087,-473.3347350323238,123.1369899532449,409.2364609663082,-536.7993603329306,906.3929070254889,-408.5778588854313,51.006501408720766,970.1631794570844,-237.32270372748783,-528.8759648259869,-930.396821495775,117.41524084629005,-435.9986061072578,-758.7001846931511,-470.3098139114803,211.13072031849612,-507.2363388553434,-85.80039306849092,876.7491183388836,745.4720130543873,763.3557198885446,1108.0580673955665,-537.5865776092689,-480.5534225225752,-571.1650098918249,-520.3948262655625,465.4139818759173,755.9257197972812,-215.121658807651,-585.8519888084211,383.50355496629936,84.08041121875983,857.0179284833081,538.0642441699631,382.8540104892736,-318.4523418861914,-693.704003108229,-593.7322854243288,-589.0966918984976,-555.3974311863743,-816.3972119835681,-290.55255257511294,-322.52459282435325,-724.3010733567246,326.0162148502355,665.97127114385,627.6129830721999,361.23474672818935,-351.3127104966354,-470.6642313417221,-193.79332161608983,399.9893913233549,863.7215286904791,322.73435729574857,-377.1668822265612,-387.0428021175977,-194.7716674224884,-426.4789730698322,-242.77325835588337,-425.6741178018443,-653.2801559862643,-495.8736225766976,960.7605484735832,728.3147543244759,588.5330946822105,823.1758678267161,-395.7437411519054,-634.9343782860752,-729.2306075380236,-462.7496561495537,-582.495797362763
15.432621004769382,-375.41786656529945,-394.8413766121346,-184.11364080032843,-454.4714089900969,-319.73717088233315,657.2306967582672,-553.2905331710109,-494.8492758448493,60.69890734302043,478.0253499184356,-553.8006421959976,908.1299925335816,-409.8744781394172,141.58244980657378,950.6639213531918,-256.8461657237927,-548.5632749219078,-934.421036578958,199.7901715238736,-366.8388776788028,-745.3011071727728,-388.20455498049273,302.1506887434491,-529.4232940651951,-122.16084229055944,862.804802949029,740.699883560042,763.8882201367915,1114.7545815644637,-494.9965060047693,-464.746660205616,-602.3416616633206,-521.6619429463049,537.8567445454908,725.392846367561,-240.20760138275745,-548.7984192832408,464.0295707060334,169.6651631206046,912.8409939871972,485.132146623927,333.17799480929466,-339.7327521402953,-695.7021558376276,-615.0196790911398,-600.8673620905089,-497.5770523515944,-841.1946422510371,-219.34829297302423,-332.9436884200736,-727.8277228854956,412.2337929788926,726.3030691256251,581.021351619777,307.0280139973785,-353.6762183614478,-479.4856924013175,-206.25047387052933,476.1281989915131,821.9415615932307,279.4592004045232,-371.0305167291871,-400.291839931081,-206.5648905954073,-452.7617965485419,-253.68816057303147,-426.550537439841,-674.0719595037474,-510.8476531007216,900.6189767321889,668.8666049678121,552.5132550969064,782.8118401363204,-404.0086124210539,-590.9428544338197,-703.7026433585019,-426.9551809584903,-603.7166986300979
1.0334581791641944,-378.5595679237703,-409.155597420932,-213.9841894847872,-460.3932863590012,-338.0542533778655,631.759098830179,-560.8138576340252,-513.0908052335562,-0.0126309458817835,540.5268637684505,-570.2429194609597,901.2629691805336,-411.2300427501624,232.96259844279217,925.807135228006,-272.9828672102883,-568.7744406804027,-930.8741042517968,280.30294316481564,-290.69946482558635,-723.7385800385238,-300.18164732500105,393.2790820521285,-552.2874253087755,-155.91216486337933,843.2837650004371,729.7654287164983,758.0845334002755,1114.5184568400668,-445.0310660962485,-442.9459529254969,-634.2236484917989,-518.8531040933296,603.4596670938952,691.0401272474008,-263.072954713532,-504.112249274837,537.9896019531756,255.4756741185395,960.6492821653916,432.5800000147766,284.4576441085587,-361.5246612195872,-690.2101516758506,-635.8571725178672,-611.3012831731888,-432.2445156538476,-861.2425837634382,-143.29100111335845,-341.1045581928317,-725.3626227834189,492.5612103771269,777.3889613551678,532.3049844444711,253.3122380377786,-356.1444070447662,-489.9908079789623,-219.5564242087389,546.6407148070285,777.1022967007922,237.090006867442,-364.9693548887802,-414.6492076482411,-219.01054220094068,-478.89183102039135,-265.88968888004666,-428.3713194225928,-690.9045339448164,-527.15394902568,837.6773507679026,608.5365682930378,515.1999751817997,738.7767951259556,-413.60522750233554,-538.4491733053237,-669.3392732181329,-383.30150720077376,-622.8495045869115
-10.459595382101476,-379.48563059530295,-421.3772650510143,-241.95324241320935,-469.3135471177558,-358.9377705035904,606.792486297353,-568.8144255709657,-528.3313159783949,-58.50645311497542,596.06671499266,-585.3297035792701,886.3543928886804,-413.1421137076915,323.7005461089644,896.0887354072629,-285.99722819981133,-588.7516399665083,-918.9954512729146,357.7219462594669,-208.39999070569257,-693.5376262940822,-207.483629424628,483.2228681271111,-575.4630418400146,-186.97396183946168,818.7227142278845,713.19411452075,746.4193004009028,1107.828935375607,-387.9419238924203,-414.64940358040633,-666.0077602136348,-511.2177570623188,661.4809180405538,653.3998563561092,-283.69186722206314,-451.9838603841705,604.4993243381598,340.3199769708765,1000.2154993003578,380.6651123361912,237.0294443582092,-383.3617125894191,-676.5715839232348,-655.5576305742094,-619.6519890447972,-360.1554054119085,-875.4090416536768,-63.47899427066784,-347.3937594963268,-716.1686954809134,565.9148968096489,819.0281472573881,481.9318100795624,200.60485583658664,-359.17721627433514,-502.4387812252878,-233.9075185078989,610.6190555333112,729.6176047925402,195.89037972229875,-359.5102965857746,-430.3824978041978,-232.2828436575864,-504.3427930271351,-279.49604090670107,-431.4760996045589,-702.8687142606665,-544.8843477430534,772.7937916128317,547.7993862242326,476.8655355096371,691.5783239012765,-424.9950969400937,-477.72454964367824,-626.0784014608253,-331.8304396597666,-639.1216895928999
-19.358419957118183,-378.5713200291112,-431.741316274847,-268.0650617995757,-481.4151508175524,-382.530167326012,583.4327865068171,-577.6140338809695,-540.9064178620489,-114.3234984578512,644.1415462957316,-598.2135237892646,864.0171339236836,-416.07585278214816,412.3711315655226,861.9895698136263,-296.2196343825324,-607.64499299139,-898.1655728869029,430.90151744738,-120.92718562543747,-654.3956104771944,-111.47310302653923,570.7169089030308,-598.5098915030057,-215.30874089822345,789.6437500960018,691.5291300682698,729.4030182480956,1095.192457469676,-324.1552550007829,-379.4851086379631,-696.7808009766853,-498.0766944987456,711.3597083613025,612.9704728637681,-302.07811916673785,-392.7975840237904,662.8651785445777,423.049681672437,1031.4767638283924,329.6274809816518,191.2176637584236,-404.696082060065,-654.25397326977,-673.3690764042349,-625.1258714749777,-282.2667905378258,-882.5954439883585,18.888823448720935,-352.2315275585224,-699.6066630385437,631.4046894998916,851.2092426920418,430.3301654658918,149.38791201456857,-363.20886992469127,-517.035450059109,-249.45134113185208,667.3330478296125,679.9138774514166,156.09106102832263,-355.15806081317874,-447.71617109557184,-246.5295510480564,-528.5302046701456,-294.57810406751867,-436.15229958701593,-709.0913865609555,-564.0823272883853,706.7426500981718,487.1284445919735,437.74475960780086,641.698939679246,-438.5799434398576,-409.2574884946185,-574.0611395762645,-272.7843649088358,-651.7310641385247
-26.039250048842398,-376.2301075344219,-440.5211773028228,-292.3955630865306,-496.76656657329056,-408.8920209219214,562.6658258673435,-587.4406867280379,-551.2085479186693,-167.04339407779622,684.4178164258848,-608.0192680352716,834.8940986986934,-420.4487839788974,497.61218246345936,823.9711437714869,-304.0384531983354,-624.5310749264697,-867.9335769536145,498.8122059994023,-29.410993646278648,-606.2036510882876,-13.592239858046554,654.5586621642112,-620.9139685092711,-240.92153747086732,756.5438773743539,665.3154850889499,707.5639113625523,1077.1246901001716,-254.267092216888,-337.2352529952457,-725.5363545927265,-478.8504667018103,752.7168966319967,570.2128715633274,-318.28951800310824,-327.1262689969434,712.5903076684465,502.58982106555993,1054.5192417053684,279.6929168038513,147.32982849698578,-424.9074639728935,-622.8744146696096,-688.4904010744782,-626.905848824747,-199.7139316187501,-881.7730733825086,102.54780212614084,-356.05883747944813,-675.163334823878,688.3488758960272,874.0898937436978,377.8926630232878,100.10228311290388,-368.633570212624,-533.9228040703556,-266.2805709163416,716.2410066769215,628.4318797391345,117.8912676871066,-352.3802863888367,-466.82236309560926,-261.8687721404875,-550.8203039846301,-311.1547552750452,-442.6238483214064,-708.7626295065528,-584.7361660763066,640.2138114381942,426.9917903642409,398.0409579766305,589.5978971379349,-454.6832068653793,-333.7485506958213,-513.6402499982904,-206.61154340258472,-659.8643645049002
-30.9335259683281,-372.9045730887982,-448.024822529758,-315.0509379998499,-515.3120620953982,-437.9916894582456,545.3377638293621,-598.4131592727617,-559.6772856077978,-216.29169505293925,716.7246689727069,-613.870063877822,799.6408281451442,-426.6160212667433,578.162376823286,782.4742777762187,-309.8898506823535,-638.4357190463277,-828.0407617884719,560.5654565973224,64.90498633325853,-549.0626327142716,84.68017753723899,733.6394791924612,-642.0907487734673,-263.8586078921638,719.8881882699729,635.0869787425132,681.4320957994697,1054.1360096526794,-179.03214992004445,-287.8559283832662,-751.1968237537778,-453.0859358771884,785.348978415,525.5495085770415,-332.4309291629658,-255.71881408393816,753.3731543696819,577.9644906373265,1069.5585630072476,231.0752059445725,105.65110215461414,-443.3151980822397,-582.2225148408863,-700.0907060413758,-624.1780755955043,-113.77918067627584,-872.0209984524929,186.2049869233165,-359.323322783546,-642.478217525513,736.2805778252964,887.9722022599552,324.9811958312979,53.14199464467368,-375.7917889613115,-553.1682246656986,-284.42768599839457,756.9924489331182,575.6272014356732,81.45973519956607,-351.5930437178777,-487.8118980667737,-278.3855322105419,-570.5415983308009,-329.188373179268,-451.04048575065855,-701.163293813866,-606.7721155274049,573.815416460934,367.8468470667587,357.9324103217208,535.7142753738677,-473.533101712871,-252.0970733722766,-445.3812156555978,-133.9633645228427,-662.7185739541846
-34.517249316086065,-369.0563180622247,-454.5894123788991,-336.1656246916908,-536.8646553653235,-469.6957596563887,532.1358343490941,-610.5284173835188,-566.7868060839248,-261.7474766965854,741.0417905817811,-614.9150710270704,758.9113974051944,-434.856398791784,652.8936239199267,737.9202056099489,-314.2457296077169,-648.3607692731836,-778.4389724317899,615.4318110428954,160.69751624089668,-483.2926921697718,181.87210617000372,806.9711808360199,-661.3913071967941,-284.2052667254904,680.1065523458726,601.3562178951379,651.5265199321541,1026.7206566267953,-99.34628615567676,-231.49135394483216,-772.6405748151429,-420.4796549716824,809.2163118400495,479.3658725752161,-344.65568210479233,-179.48103350518926,785.0994108478898,648.3172113428551,1076.917436766798,183.97724752085065,66.43782441419101,-459.1935980492104,-532.2793406632155,-707.3320043931884,-616.1609380827615,-25.85421733605565,-852.5641570252224,268.57736526007346,-362.4644811879044,-601.3670680979801,774.945803261049,893.2755318081097,271.93253394764145,8.848825518886121,-384.9574379279193,-574.7539230884488,-303.8605555669666,789.4231541082266,521.9690197310258,46.935537443403824,-353.1471305274649,-510.725746872985,-296.12796827611754,-586.9991112685045,-348.580586772554,-461.46798136307,-685.6922218827837,-630.0478191405896,508.0792484139023,310.13410188526103,317.5790376095107,480.4707199437042,-495.2476921607847,-165.38003843745776,-370.05537800911605,-55.6831862004791,-659.5246291177122
-37.29915624054079,-365.1550131936978,-460.5744685235561,-355.89978622103064,-561.1021262035956,-503.76082834052943,523.5738581283621,-623.6524773939923,-573.0306406604878,-303.1509081899655,757.4834129199692,-610.3584013836372,713.3478034608023,-445.3599561485215,720.8367802542429,690.7135100399083,-317.6002213173045,-653.314193852582,-719.3026258228766,662.8521347020964,256.600712583662,-409.4352864222846,276.55996479478307,873.7068879832678,-678.1116710675667,-302.08296054882686,637.5934537716888,564.6076909738665,618.3449712022231,995.3495138510714,-16.223151055044482,-168.4813922956504,-788.7337483199242,-380.8968088923887,824.4266794340468,432.01380621199473,-355.1651674796647,-99.45059890582452,807.8282863487675,712.9253109317136,1077.0019117683782,138.59115732836938,29.91051648419324,-471.79041185028586,-473.231132258038,-709.3948036953552,-602.1353614329266,62.602781184234544,-822.8100147288806,348.4290276311898,-365.8985932562893,-551.8409931894438,804.2938970647275,890.5082659374975,219.06398560986133,-32.49260019374582,-396.32619480029297,-598.5671507513943,-324.4789665592697,813.5434121059391,467.9370308561144,14.42875638455194,-357.3155028185832,-535.5272139612522,-315.1031044567096,-599.4912135275208,-369.1683420694733,-473.8796568247802,-661.8921964919597,-654.346305501089,443.46798043556703,254.27008757060696,277.12894953653705,424.2772632417684,-519.8224055735794,-74.82374212526823,-288.6249838431847,27.213146547329885,-649.5729586920329
-39.80803202264816,-361.6667176368031,-466.3536116373874,-374.4364541156697,-587.5664265093766,-539.827200299617,519.98289385681,-637.5152401168114,-578.9040620170292,-340.31040059903137,766.2796637606065,-599.4882303726698,663.5727970171197,-458.2172357618222,781.1999701213733,641.2462335618043,-320.4552342324573,-652.3427185328461,-651.0335233012678,702.4417916453372,351.2443783534154,-328.2472638680569,367.40689115699007,933.1554333346188,-691.5056266953654,-317.64569203040475,592.7104573420762,525.2937484001912,582.3572433784542,960.4662450240078,69.23404457209766,-99.36155873404672,-798.3659931862384,-334.38458853379774,831.2154583383314,383.81611882959294,-364.20652553265546,-16.76714602950936,821.7742543158688,771.2080267791721,1070.2776692957748,95.09738203809938,-3.7532905281213527,-480.3481845719914,-405.476655553518,-705.5058741163732,-581.4752621637892,150.11306782578075,-782.3820601050269,424.6053959443267,-370.0037653529813,-494.1197779039289,824.4614408949353,880.240015379855,166.6786353037069,-70.65903651393126,-410.0052655401937,-624.3918205787066,-346.1121565452551,829.5206361900558,414.0165546083733,-15.978938088961938,-364.2821664133374,-562.0951777065866,-335.2722504864304,-607.3287506496137,-390.7204519326432,-488.14964287692726,-629.4735930793514,-679.3709779974973,380.3834745168172,200.64000720945805,236.72458281344203,367.5347001237904,-547.1203791408228,18.230627661941824,-202.22042231333725,113.564510890329,-632.2400867001201
-42.57948621246084,-359.0416237071352,-472.3049580260619,-391.97846818750327,-615.6667591138228,-577.4150988229542,521.5072896386471,-651.7097661214434,-584.8845713657004,-373.108908758036,767.7564424029061,-581.7050266879185,610.1859053772068,-473.4108360437731,833.3792361924422,589.9024910706372,-323.3055816461495,-644.5658989994259,-574.2578704177834,733.988092626391,443.2919896860342,-240.6867409178473,453.1959839551129,984.7890718769852,-700.801030497394,-331.0759289306876,545.7906771745493,483.8332070722977,544.0013720672794,922.4863695985484,155.86436685944,-24.85509723802342,-800.4890632806458,-281.17907688401186,829.9237596617954,335.07192922237385,-372.0684107350344,67.36108639011704,827.2855578834669,822.7284451649076,1057.2475987189737,53.66292115117119,-34.426008319357685,-484.1281095931025,-329.6272851246452,-694.9672820474781,-553.6768378149089,235.2241383260935,-731.1483231781236,496.0628709093389,-375.105490319573,-428.6383059118887,835.7508753660316,863.0756275742087,115.06972896546418,-105.49196500103398,-426.00487219315823,-651.902202967855,-368.5174572179217,837.6577480310843,360.6919493410877,-44.23376729137345,-374.1328254648772,-590.2187358983324,-356.5461644525,-609.855998066575,-412.9348922103768,-504.048320631713,-588.3346121747683,-704.7421034996548,319.1753692835387,149.5903553373306,196.50817487071916,310.63708310732864,-576.866020571248,112.3660013973386,-112.11038415139473,202.0983566435361,-607.015327423124
-46.142491305744656,-357.7014043707085,-478.8003418225777,-408.74530055608847,-644.6865218320746,-615.9239685077467,528.1062719785543,-665.6963718906568,-591.4111274992001,-401.5089744941463,762.3149043748701,-556.5477228237452,553.7622159145644,-490.8096275779392,876.961668474178,537.0629469924431,-326.624181372831,-629.2103473650228,-489.815283718897,757.4416905503518,531.4767178888187,-147.8910127850558,532.8573421999661,1028.2446107158594,-705.2194871906247,-342.58014812668745,497.1445668895989,440.6121894694293,503.6826776454665,881.7987373426713,242.48307742955916,54.14287742132501,-794.1568970025794,-221.705006248876,820.9759009485682,286.06220983594505,-379.0748959498828,151.6925330127607,824.8207843252577,867.189771121989,1038.4317164019,14.438800784254395,-62.03630603647604,-482.43575359956367,-246.49921754081964,-677.1855605987546,-518.3853081721245,316.55512919980515,-669.2431388446655,561.8925821241686,-381.46310111653776,-356.04520802260816,838.6052462076748,839.6321511025151,64.52385488661757,-136.89989807611025,-444.2317625332505,-680.6593435363826,-391.3801898848669,838.3688512904488,308.4385870204913,-70.30938468636198,-386.8475528870347,-619.5936203443039,-378.7802212301636,-606.4728018846356,-435.437202818378,-521.2403919030544,-538.5769134577491,-729.9953482080258,260.14928802109904,101.42188100418171,156.6263505041767,253.97301212648284,-608.6421542865478,206.13122302445683,-19.66610064785428,291.4696611292211,-573.5264259103008
-51.00596199469397,-358.0263638378993,-486.193595228947,-424.9697941519162,-673.7942378593689,-654.6354025604084,539.5610657769258,-678.8118148911603,-598.8629074593431,-425.5561280473247,750.4115103651276,-523.7165957486258,494.8533558939152,-510.1659785822594,911.7215278743138,483.1085954032346,-330.8477508635723,-605.6426725363864,-398.7399592373473,772.9028731569757,614.6340201984709,-51.14717520368469,605.4881223672031,1063.3184610544308,-703.9990512785943,-352.38417034948594,447.0663473065832,395.9867324728072,461.7752127859422,838.7687945941237,327.91597546121244,136.5887207619938,-778.5655098156251,-156.5680873329515,804.8574977113954,237.0550604197,-385.5776467817572,234.98786793819312,814.9247673856203,904.4267372395448,1014.3502564023562,-22.4430197959937,-86.57436755955943,-474.647838221336,-157.09760860862698,-651.6997168716198,-475.41772278820713,392.8385847414399,-597.0805351195679,621.337355125136,-389.25747554754696,-277.1932377359679,833.580519036384,810.5196606204676,15.322663238584049,-164.85949111687066,-464.4850380744482,-710.1107935060484,-414.3149885286864,832.1537029209775,257.713726146786,-94.20650430585138,-402.2957145864157,-649.8207398634984,-401.7699201821488,-596.6571129671976,-457.7804266522094,-539.2859890636507,-480.5154892659951,-754.5829091180052,203.57413042119188,56.38322194400602,117.23363798777712,197.9255189449389,-641.8911083172851,298.08366029550496,73.67880839744745,380.3030884638844,-531.5628789489082
-57.64561948394003,-360.3426169568131,-494.80817829855,-440.8947771160122,-702.0585150065351,-692.7201485587407,555.4873730927112,-690.2836957490761,-607.5385062078994,-445.3803166007927,732.53944080639,-483.0916443725556,433.9900224547824,-531.1162540131679,937.6101821744572,428.4233898673164,-336.3633299685973,-573.3996043051488,-302.2345807986569,780.6038870776072,691.7295567583789,48.14342653055291,670.3652511007232,1089.9564403201286,-696.4193893474977,-360.7284356748782,395.8404357111221,350.2866609300761,418.62510340823655,793.7430008348927,411.03250357641946,221.3201826147274,-753.0908046847688,-86.54000105493236,782.0953089970013,188.3103094398578,-391.94655209941885,316.0442742533889,798.2049494974061,934.3931853780985,985.5104987449284,-56.87310455575821,-108.09569948005642,-460.2390739864978,-62.59288529884213,-618.2066649043462,-424.7805353809349,462.9566220491652,-515.3579151140136,673.8014912484184,-398.58033434675,-193.1213043334973,821.3168764523454,776.326566353008,-32.25702841514839,-189.41535878610105,-486.4545836060484,-739.5941521550731,-436.868753459323,819.5723801638928,208.9466870677024,-115.9526434964572,-420.23334624312906,-680.4071895154126,-425.2471406255365,-579.9870055592869,-479.44705755350407,-557.645170627231,-414.6817280378472,-777.8777410460998,149.6880652633759,14.665515011923857,78.49477621856849,142.87047598177475,-675.920061163264,386.83063392922566,166.47105961962214,467.2362195815392,-481.095624200502
-66.49135140621165,-364.90955314143343,-504.9245004777314,-456.7694395844876,-728.4669912477513,-729.2495376581105,575.352851594683,-699.2500356997306,-617.6365523102824,-461.195103600813,709.2120119763466,-434.7453516876044,371.6853906514807,-553.1847573120878,954.74090116274,373.3954002209039,-343.4958692856157,-532.2137608903412,-201.6379322196227,780.888518679717,761.881470690467,148.50540566504688,726.9508260175126,1108.2393908537877,-681.8286190244675,-367.8633552584268,343.7473335037947,303.8202180031878,374.5552028937639,747.0537586703657,490.7760727795191,307.0915995608479,-717.32229052014,-12.536561971369318,753.2397585615356,140.08311854164023,-398.5590414978548,393.7269676107475,775.3091505787955,957.1469790958532,952.397619393996,-88.76814809866781,-126.72315420045908,-438.80788825984274,35.71002667826222,-576.5826437971319,-366.68081956242986,525.969904580913,-425.0491129513731,718.8534389108684,-409.4254614952652,-105.02857171271548,802.5103196757475,737.6097273924685,-77.94478710437711,-210.67854436419248,-509.722349956032,-768.3448003653078,-458.5254577614601,801.2213489182316,162.52878370655824,-135.60198722038493,-440.3031507028562,-710.7700260923751,-448.877604517781,-556.1612005778721,-499.8534625194658,-575.6860548629287,-341.8188438051332,-799.1812869374137,98.70299684659852,-23.601745740136646,40.585723581459405,89.17358344241423,-709.9109018005234,471.0677789354401,257.2810084899596,550.9616444775319,-422.2918204286117
-77.91524853451544,-371.9078762632525,-516.7673169978262,-472.8452892754681,-751.949128234637,-763.2115427578404,598.4990302276004,-704.7837893467405,-629.2387305280178,-473.29447519463497,680.9485596528815,-378.9489117428322,308.4387544961561,-575.7911825103523,963.3697086065288,318.4163148565029,-352.49704495412374,-482.0336026805927,-98.3875233370933,774.1901639699613,824.3763836574203,248.43236183847492,774.8905862235508,1118.3658166172154,-659.6708299746299,-374.0448549030836,291.0685539733913,256.87897517786274,329.87045310430574,699.0242629807252,566.1902685041082,392.61270033511136,-671.090728525663,64.41002211530896,718.8507908441902,92.62634543713952,-405.7883566240541,466.9967346393654,746.9054700299911,972.8334264694028,915.4695601490968,-118.07453064608264,-142.64691421895577,-410.09978312678896,136.4083387262602,-526.8992494928985,-301.5302568380967,581.1383121270114,-327.3864174443906,756.2218749335651,-421.6821671381441,-14.24151844045335,777.8857565175001,694.8893717182486,-121.47970709808835,-228.82365099445192,-533.7666923425562,-795.5080608596359,-478.713036750863,777.711895184719,118.80350020865282,-153.2353499304718,-462.03725787312754,-740.2430552855373,-472.2600276599375,-525.0170941053531,-518.3571899566082,-592.6967221104796,-262.86919033829923,-817.7349909681948,50.80741856203254,-58.35337954161928,3.693329561765974,37.1860988408356,-742.9347552776674,549.6126833320413,344.7444910825564,630.2658008325451,-355.523562883646
-92.2204781281402,-381.42855071374686,-530.4936122347873,-489.371455998514,-771.4026021186415,-793.5315009999345,624.166891269441,-705.9218317662632,-642.2961615358087,-482.047190851894,648.2630876984549,-316.17128403522315,244.73882481503352,-598.2615424374092,963.8735578994156,263.87924754308466,-363.5354159272868,-423.03629894322654,6.021178311539636,761.0095576713775,878.6787888494412,346.4306849926353,814.0061252407953,1120.6327706146706,-629.51311143897,-379.53020284872713,238.09031177397185,209.74260028158864,284.86336117994625,649.972753012499,636.4398741364698,476.5891359021832,-614.4879126051043,143.18349479725805,679.4874274621884,46.1915027565327,-413.99107122550697,534.9325086821103,713.664819404,981.668325234178,875.1556440709059,-144.77163830858697,-156.12228133106228,-374.02701573129065,238.042258043368,-469.43288530179416,-229.9413531092496,627.932720033117,-223.8317440523576,785.7860782567286,-435.13131136742703,77.8246914696974,748.172577983856,648.6485134649832,-162.6149668003306,-244.08470026481996,-557.9699033642383,-820.1558587228899,-496.8125800177488,749.6516155725006,78.05741723974323,-168.96017900368804,-484.86286735186405,-768.0868040974158,-494.927429779387,-486.5453239985872,-534.2674755011085,-607.900869744997,-178.9534233907715,-832.735715133201,6.167684644386941,-89.5895590384762,-31.986320636502032,-12.760436506564073,-773.9711919670722,621.432481773732,427.6012669077156,704.0626917074527,-281.3695841122995
-109.6311396629656,-393.46302094874767,-546.1813974873407,-506.589113448381,-785.7229062124532,-819.0973357620186,651.5251545364879,-701.6977213400301,-656.6200009989126,-487.88871320857226,611.6558156067741,-247.0707984169024,181.0662022875512,-619.8424387499238,956.7270868223274,210.17493720200355,-376.6880323045123,-355.6325185005556,110.07712701298598,741.8932164817161,924.4338453389568,441.0620320209388,844.2817485191069,1115.416166851022,-591.0707797345933,-384.5741876348844,185.1058318560032,162.68312976536376,239.81905258529127,600.2157570068229,700.8259719295332,557.7627434928527,-547.8771226059494,222.618906864255,635.7010872026044,1.0282356123241525,-423.4941736816532,596.7483023855447,676.2463669202373,983.921605883278,831.8584213263741,-168.8747932305982,-167.46521678086,-330.68332675488847,339.13811794863074,-404.6667186306192,-152.7157148339418,666.037825866494,-116.03775810091132,807.5617437801085,-449.4442081356823,169.70879938074003,714.0835169900354,599.3362704861353,-201.1235177580607,-256.7498258703239,-581.6290064898953,-841.3077766331346,-512.1700044242899,717.6293997468646,40.51238237975737,-182.91051841386005,-508.1108741519963,-793.5017634758138,-516.351028191683,-440.8999886113614,-546.8591124775542,-620.4770369429607,-91.34198555665732,-843.354992844209,-35.07217298924562,-117.37514382771494,-66.25083075182401,-60.36015262903534,-801.9319750801284,685.6644856260851,504.7283556785855,771.4209922545037,-200.6092791217733
-130.28324012397022,-407.8951031383833,-563.8198521495893,-524.7248392788786,-793.8356186023295,-838.7888869665687,679.7001450386133,-691.1772932841145,-671.8769934746352,-491.3108399153433,571.6076042551362,-172.47944740303393,117.89464976077636,-639.7184423907001,942.4791235007522,157.68653925869444,-391.933627866257,-280.46252966490675,212.29582811509604,717.4134969351035,961.4638744751468,530.9824731082847,865.8470465418512,1103.1515641595183,-544.229436807204,-389.4256805302021,132.4162515792778,115.96846190847496,195.01944024420644,550.0700428807432,758.794737629745,634.9495882181543,-471.8932448093139,301.5392128179768,588.0324432820161,-42.61767017867819,-434.5820360422077,651.8041358364253,635.2859856470097,979.9023679825953,785.9580388211281,-190.4376620809564,-177.0456773006842,-280.3525672530008,438.2516642867456,-333.2846038397894,-70.82462072133286,695.34644914006,-5.800364917978834,821.6835405570147,-464.1847227899712,259.94801083393673,676.2973552022377,547.37424692553,-236.80452970599907,-267.1549327398585,-603.9697947885016,-857.9562019721644,-524.1103028668249,682.2040938219949,6.319374162178639,-195.24683523936693,-531.0275547316975,-815.6448821382098,-535.9470591629649,-388.4037584408003,-555.3896706884532,-629.5810382560438,-1.4199120172447453,-848.7618403956557,-72.7918779114485,-141.83732613435996,-98.89558313202308,-105.3391264477054,-825.6890150153313,741.6293723564246,575.1668971136039,831.5835236593267,-114.2087600948096
-154.21692312356916,-424.4949708347546,-583.3012277041543,-543.982833108573,-794.7306002759213,-851.510714513583,707.8060305705408,-673.4958966796784,-687.5905573694787,-492.8492354167484,528.5770956307682,-93.38043473067526,55.69089703186038,-657.0322595136599,921.7299754035251,106.78329287272966,-409.147574263696,-198.3834392032837,311.2593990906652,688.150985706767,989.759118611051,614.9765557689318,878.9563640348343,1084.3162995194798,-489.0625115229258,-394.3245789796458,80.3301745096607,69.86485570260467,150.74614882087712,499.8531211076635,809.9399154034812,707.0739901113138,-387.4321008850885,378.7912956780776,537.0113375257688,-84.50764601841082,-447.4835979941987,699.6109247600101,591.3876406462178,969.9459031334644,737.818297921806,-209.55402643451092,-185.2788861626999,-223.51030123682835,534.0093816932084,-256.1568655057544,14.61745950095977,715.9461518483195,104.99546459151254,828.385767357441,-478.8148500704458,347.1224009468722,635.4458089632109,493.164977655668,-269.49014625059414,-275.6764563384334,-624.1640096491309,-869.0950487687838,-531.95433310738,643.8968190263416,-24.44557260745508,-206.15560189943528,-552.7893566284828,-833.6491743764568,-553.0867566977367,-329.54729371596835,-559.1198340447023,-634.3710660602613,89.35356726921681,-848.1486160125863,-106.89732644308684,-163.16170368961872,-129.71884194544305,-147.46160530237535,-844.1059975446952,788.836898977776,638.141570207158,883.9785881459901,-23.299078658799157
-181.3700900997773,-442.9156705204412,-604.4149173812403,-564.5360361534368,-787.4971831298487,-856.2274900251399,734.9741926677079,-647.8958692100965,-703.1477892532516,-493.069124433339,483.0002738275165,-10.8799592087989,-5.087177048761879,-670.9072689086045,895.1103544735043,57.81340807712491,-428.0988232755334,-110.44788474861464,405.6529025161752,654.679740694634,1009.4635392928324,691.9849077124228,883.9663948072514,1059.4136559217386,-425.8430451467362,-399.4990821053318,29.161985011053883,24.63828515777404,107.28194514091447,449.8822776549301,853.9993216327719,773.1970232170362,-295.6291251350911,453.2796986381149,483.1590709558247,-124.41487322761192,-462.3600965609856,739.8296071606198,545.1175267413267,954.403092758768,687.7935047992019,-226.3588055290336,-192.61477060141695,-160.81779202823688,625.1459026323439,-174.31829815134532,102.38534269425332,728.0993656505266,214.43411935322257,827.9824111252451,-492.7039995268228,429.8970676355515,592.1046932316922,437.1013475507264,-299.05207392572584,-282.72334901806573,-641.3494515671076,-873.7513135650556,-535.0379399166908,603.1867390632817,-51.78312675386571,-215.84851794626368,-572.5207805714352,-846.6461723419583,-567.1095722316,-264.98260026557506,-557.3363983825028,-634.0347514023462,179.4887751349787,-840.7591785382742,-137.32368112594278,-181.5869790629856,-158.52766989446286,-186.53582257180196,-856.0729426458954,826.9845121145306,693.072052066302,928.2231766808392,70.8527691179754
-211.57356329808303,-462.692605585766,-626.8440726366873,-586.516324868415,-771.3591978658961,-852.0008512981361,760.380546073189,-613.7626718460403,-717.8125613487329,-492.5494634909192,435.2920464885151,73.82543802742897,-63.99402445256898,-680.4719335133839,863.2625930153362,11.0965524738528,-448.4491023599173,-17.874982234594373,494.2955436103844,617.5556958379933,1020.8566033011988,761.1244529676904,881.3131183456961,1028.959548182028,-355.0486800794194,-405.1631988695475,-20.77094588172492,-19.445438312947083,64.91054367300254,400.4722342716066,890.846055476502,832.5383445726529,-197.82813715728167,523.9965453046802,426.992258290144,-162.1297203961814,-479.2936758393251,772.2650697971327,497.0006757701472,933.6323733270768,636.2352278415262,-241.0282265429124,-199.52588743957944,-93.10819889525165,710.535837819363,-88.93919467548997,191.18018413015344,732.2184533210296,320.62931497596446,820.8477868245524,-505.1421165465298,507.0601027340346,546.7892440266046,379.5759032387465,-325.40754024225487,-288.72840832567454,-654.6526957580378,-871.01850407598,-532.733007149736,560.509923392017,-75.76998825994792,-224.56124270777383,-589.3152593657322,-853.79080631492,-577.3395440480582,-195.5102233508297,-549.3772425810849,-627.8173178989873,267.51059028697745,-825.9183690309336,-164.0388117551355,-197.39854532871732,-185.1444105175828,-222.41909021037296,-860.5427395820074,855.9495729114224,739.5764444743158,964.1185383870378,166.8789545319646
-244.54795918988856,-483.2464146121914,-650.1651192032065,-610.0040706877713,-745.708501557716,-838.0263779550592,783.2697441740775,-570.6580037643773,-730.7446467242311,-491.865953022502,385.8493631370568,159.48438064187883,-120.60149103039775,-684.8855105518869,826.8246043355198,-33.08366911445235,-469.7546460664504,77.98522029406845,576.1656479449091,577.3083418166773,1024.3321262026898,821.7008013797383,871.4892207094664,993.4720073157898,-277.35909125036494,-411.5143407871663,-69.15203047710028,-62.121800034888025,23.914773105252312,351.9316295885517,920.4753657848014,884.4906451946669,-95.54153272299352,590.0464181795844,369.0273768900536,-197.46575181869196,-498.2772176533158,796.8556713213894,447.5196886634615,907.9942843987247,583.4981525637215,-253.7790452283109,-206.4942407350061,-21.36528493510746,789.2187610249873,-1.2906373671318154,279.6693895479666,728.8372726883301,421.78277661797074,807.3987476894558,-515.3566309945049,577.5547456822701,499.9532853651922,320.98906414939785,-348.5242135040166,-294.13905404275573,-663.2139502361625,-860.0907787580184,-524.4698326344773,516.2608423564304,-96.55580960764038,-232.5514949672273,-602.2588175310398,-854.2881359462715,-583.1045289359274,-122.06049036882445,-534.6573756573492,-615.049831407275,352.00253071473264,-803.0616357201753,-187.0467567484768,-210.9212483180447,-209.41344725000724,-255.02191267723444,-856.5685020763477,875.7761795554367,777.4670204371656,991.6390019363012,263.35049946615413
-279.90246707909904,-503.8896342697541,-673.8504872553738,-635.0174622537368,-710.1355193332056,-813.6691727196627,802.9753911113999,-518.3482060083,-741.0245456421684,-491.5732905718074,335.05533145094176,244.8273008591572,-174.50527143725117,-683.3644108622319,786.4168535134878,-74.48685559310378,-491.4707359195114,175.69215645035646,650.4187051900614,534.4356077794192,1020.3753076426436,873.2128445678605,855.0230172794512,953.4635452907128,-193.6454545983649,-418.7308143813276,-115.6700822975513,-103.1299331904764,-15.426800740807757,304.5585815103496,942.9883161456912,928.6264768508772,9.596276807972336,650.6653125135974,309.78515641962963,-230.2659301620438,-519.2057449203612,813.6593329297111,397.1152126599473,877.8484602419725,529.9443606146748,-264.8667308605677,-213.99745654178025,53.3045746778738,860.4165300347952,87.29435580083653,366.5274876011431,718.580853958437,516.2388918033685,788.0792200960597,-522.5330579749976,640.5044722958643,451.9917647864059,261.75540035623675,-368.4237705179506,-299.4076622491487,-666.2134505983354,-840.2964690796539,-509.7600264316436,470.79595504101496,-114.35787375657772,-240.0963641878662,-610.4561400357848,-847.4211867474719,-583.75780212584,-45.66935479163719,-512.6949848374867,-595.1764482105883,431.6478230896645,-771.7634637638282,-206.39090234712256,-222.5116142391102,-231.20792510198515,-284.31093845806254,-843.3404096910425,886.6577454051657,806.7390181063648,1010.9152398672044,358.8196342463318
-317.1357582097079,-523.8374682695654,-697.2748192179896,-661.5020728525764,-664.4552394382441,-778.4964179548534,818.9356114514511,-456.8263541471547,-747.6834097677823,-492.1870962961244,283.2837634200748,328.602494177026,-225.3324673258095,-675.2084871687406,742.6324354394812,-112.92221132558832,-512.9592832225546,273.7581296135182,716.3981593546047,489.4017044290226,1009.5390955157202,915.35001638592,832.4597302286224,909.4362927784182,-104.95196183297428,-426.9690141071754,-160.02465529638403,-142.2160824458827,-52.84460589905393,258.6356304792067,958.5734883515736,964.6976595636048,115.879943855975,705.2331668939112,249.7940332241969,-260.408616572127,-541.8697653688627,822.8372704998021,346.1877755355789,843.5527948333181,475.94554674261695,-274.5825406286804,-222.49480772380517,129.70583984268927,923.5425880607174,175.46197142447795,450.4760043907294,702.1347555195347,602.5328556689481,763.3475569444308,-525.8388857490582,695.2302149718506,403.2460579839332,202.30735652433083,-385.1839130620256,-304.981577196848,-662.8986453256271,-811.1295375554804,-488.2189698684752,424.4388133046117,-129.45380806150104,-247.4886780934629,-613.0584933540787,-832.5789789132967,-578.7013299027532,32.55025927587014,-483.13627794764113,-567.7795075244334,505.2655890961853,-731.7631741130207,-222.15662506570203,-232.54980141842805,-250.4361178257404,-310.3106401966196,-820.2205654193019,888.9165779247141,827.5535147088848,1022.2133556103868,451.8627214424676
-355.6392789596675,-542.222871844276,-719.7248505767824,-689.3212217110294,-608.7271176806332,-732.3052393876294,830.703588591299,-386.3266397041879,-749.737179275742,-494.1659669918987,230.9035790920217,409.6099715489896,-272.7498838819255,-659.8264646927562,696.0302113961616,-148.25389351686414,-533.4996248271759,370.69264521650535,773.6390180946337,442.6375539773776,992.4209579513604,947.983029330799,804.3457794744228,861.8796308228361,-12.469839246073308,-436.3601297259235,-201.9319691264428,-179.138013472827,-88.0838843964175,214.42437963848937,967.4879661898054,992.6278801025666,221.5862905332397,753.2798683441417,189.59201804228772,-287.81297656673894,-565.9509427128156,824.6364722435964,295.10060220795395,805.46440344111,421.8829110745951,-283.24941725605174,-232.4135682447778,206.59108870266255,978.2033348503302,261.87902535344193,530.3204572484461,680.2155417323468,679.4302610850548,733.6669398008318,-524.4501858820873,741.2593739571415,354.01136083690744,143.09604059672247,-398.9387512099488,-311.2929416400919,-652.611299441042,-772.2774666223984,-459.5867558677914,377.486103946634,-142.1727013646599,-255.03229082669367,-609.2927384747184,-809.2836829334304,-567.4098382639584,111.44039296757236,-445.77783990817767,-532.6013109362767,571.840616277626,-682.9866376687112,-234.4732084995481,-241.43148439079823,-267.0471435732557,-333.10368240008154,-786.7743227794987,882.9817098309212,840.2156341342276,1025.911250691147,541.121592019828
-394.7031980486206,-558.1160014310395,-740.4130666242103,-718.2477191922744,-543.2674719681713,-675.1442649439778,837.9529555898431,-307.32994317726565,-746.2237771537723,-497.8941362661666,178.2825168459723,486.7317070564601,-316.4726454670339,-636.7596700252266,647.1308300181977,-180.40505103195505,-552.3026148508452,465.0456586816775,821.8647130188516,394.54333405612897,969.6410287551124,971.149167110694,771.2165308051309,811.2698925188618,82.4952243148254,-447.00622230782017,-241.13126362826293,-213.6701473505753,-120.91128302129128,172.1601464238099,970.0387547770954,1012.4994228133264,325.02686108466,794.4850092691378,129.72648288472854,-312.4434315255144,-591.0205005810715,819.3719883104342,244.18306699093264,763.941923734729,368.1447019807202,-291.2166513525879,-244.1361215833789,282.70026350386246,1024.192061203457,345.272664434397,604.9827865094705,653.543643110719,745.9566336617559,699.4988141589197,-517.5801828660057,778.326728391615,304.5454468529679,84.58894077436094,-409.8775740864706,-318.7485073724923,-634.8135439430423,-723.6440910581146,-423.746476629761,330.2140788014176,-152.88504720254394,-263.0361970695876,-598.4904699666214,-777.2157141148772,-549.4546550334044,189.8317941852415,-400.585218538145,-489.5614884723046,630.5455897203107,-625.5625253541535,-243.51491663537385,-249.5598182440829,-281.0357690465774,-352.829989167995,-742.7965330190257,869.3661694635025,845.1494738477844,1022.4737065535832,625.3412663709763
-433.5252726347711,-570.5478745445961,-758.4951145749358,-747.9575982049824,-468.6531879378296,-607.3274281866043,840.4781894766946,-220.55989829423856,-736.241964010229,-503.6652381520613,125.7896486274902,558.9571627683516,-356.27267901936324,-605.703173186766,596.4153510252979,-209.36037510572916,-568.5279898853196,555.4478431036885,860.9779425214916,345.4926028897783,941.8224328028824,985.0333936696316,733.5877178233615,758.0716016181788,178.56092698079937,-458.9755853947284,-277.39139389806513,-245.6091569502212,-151.12186298615038,132.04692349692328,966.5656336001628,1024.535212923598,424.5974350704445,828.6720043408147,70.75155263249594,-334.3128539111516,-616.5407718556909,807.4100021824006,193.73446831201267,719.3486485798408,315.1216100395848,-298.8532614957994,-257.98816015797564,356.7998989674018,1061.476287482302,424.4664719467416,673.5278532110275,622.8196296422573,801.41602450298,661.2991309064887,-504.50883788531866,806.3677622505774,255.07806781654517,27.26466807967352,-418.2421058465208,-327.71960421208894,-609.1118344073503,-665.3659941185091,-380.73874550789446,282.88487002849234,-161.99195892664707,-271.8074384688712,-580.1161294638468,-736.2355042359601,-524.5262042467979,266.5778321818139,-347.70652818262994,-438.7689692452405,680.7551071650269,-559.8318886673977,-249.5011673641145,-257.3375703845284,-292.44608532325566,-369.6845607983998,-688.3312443971607,848.6447564319651,842.8711841896491,1012.4275096264744,703.4023136245705
-471.22286456175215,-578.5378456623007,-773.0907945413843,-778.0264148082233,-385.7159088044343,-529.4388366874505,838.1904065071956,-126.96922330722803,-718.9902638619061,-511.6676902957645,73.79628018949651,625.403301656119,-391.9866055629486,-566.5234430605947,544.3261005534763,-235.16706618590268,-581.304864534522,640.6462240198455,891.0464519830034,295.83744785105614,909.5744042854392,989.9466334031084,691.9505259989069,702.7396485259643,274.3098321680498,-472.2973871008487,-310.5174414591248,-274.779737296754,-178.54616272634877,94.25291787493812,957.4262364402113,1029.0774919989556,518.8222805776825,855.7974286036492,13.22298180714938,-353.4842870119884,-641.8702893806351,789.15250669362,144.02784463717495,672.0559640585174,263.2003990967453,-306.54006517039727,-274.2282065267448,427.72039613926165,1090.1796238769168,498.41136176655584,735.1830216537495,588.7046662720985,845.3983978676592,619.5170023184627,-484.6123470960998,825.5052630475857,205.82031095924071,-28.394967612063205,-424.3223937742993,-338.5324529445926,-575.2777634904851,-597.8212929637168,-330.7714418846368,235.75224635112048,-169.91409398698838,-281.6428446915816,-553.7928017130878,-686.4006819119761,-492.4539900208732,340.5869184990687,-287.4800161628326,-380.5277515757755,722.0512585493831,-486.3501375829097,-252.69579150877303,-265.1594523120363,-301.37387822805573,-383.91410935300274,-623.6835569641198,821.4332276280024,833.9616050423415,996.337781969264,774.3465078834366
-506.84827094846463,-581.1242462979521,-783.3082704844503,-807.9286505450034,-295.5263314649972,-442.32789985459215,831.1091677157173,-27.716627453445387,-693.8042430870089,-521.9722296184905,22.67493326101403,685.3286497894318,-423.5225975756496,-519.2716383648029,491.26931802729774,-257.93420550306166,-589.7550785840888,719.5338540310555,912.2848493944032,245.91410045184813,873.4785959201156,986.3025922339248,646.7701092084778,645.7217862700095,368.33258834709073,-486.9556812486958,-340.3570846729234,-301.040257025004,-203.05695197459048,58.90689886948155,942.9839208447784,1026.5644881831358,606.3913341870434,875.936596142233,-42.30940139755011,-370.07106903475545,-666.2727602175315,765.0242203438218,95.3135783396431,622.4465806220775,212.75628598975217,-314.66044561165074,-293.0385806691264,494.3895794975533,1110.559470501582,566.2100037349279,789.350286916984,551.8056394674267,877.7761378126434,574.5952692035273,-457.3913407442759,836.0303167102735,156.97329105115767,-81.91506319270857,-428.45149860675616,-351.4590025727477,-533.2647036012886,-521.629940452415,-274.2238488508597,189.0664304193508,-177.08068766689635,-292.81973599860845,-519.3243344236586,-627.9774695807778,-453.2229292243852,410.8518670572436,-220.43477688409723,-315.3358996139765,754.2210008233236,-405.88084401398106,-253.4053817836226,-273.40464151301,-307.9675484101227,-395.8125932942469,-549.4226008821124,788.3696127080221,819.0397709766985,974.786475590867,837.3949282672099
-539.407429531117,-577.3972803824623,-788.2709449196304,-837.0406703004309,-199.36875288271236,-347.0943722429848,819.3510702874736,75.864847953053,-660.1903756257117,-534.522144590183,-27.20374192526261,738.1413171466527,-450.8658030686951,-464.191724798054,437.6191098439191,-277.8305929003181,-593.0189653956196,791.1725766042373,925.0336238236432,196.0484807351532,834.0787561699109,974.5944304640458,598.4871132789583,587.4608637254505,459.2708743265923,-502.8829779503295,-366.80644939799953,-324.2880143720391,-224.5753351048461,26.09554082987087,923.5987530547166,1017.506400964202,686.1890035597451,889.2664621277444,-95.31140517156123,-384.2353441978687,-688.9301662233509,735.4621669346824,47.8225613331087,570.9170905692065,164.14463798968484,-323.58986505716047,-314.5178477648721,555.8610536393331,1122.9819961751025,627.1339477647905,835.6108629544756,512.6651589581329,898.6905088669366,526.9724180471948,-422.4965064480054,838.3790028481106,108.73564303431117,-132.8392917982152,-430.9991591768508,-366.70845370848167,-483.2193382820735,-437.64505683886654,-211.6446051918972,143.07766552914524,-183.919034994291,-305.5857994451096,-476.7124538647393,-561.4452725033276,-406.9849822834133,476.474848875394,-147.28411597318296,-243.87747604130112,777.2459782111565,-319.38123096963125,-251.97673700103456,-282.42945951171663,-312.4274634625472,-405.7157331776287,-466.3749628993299,750.0981779974105,798.7384456006714,948.3537651363154,891.9581697760105
-567.8819177656839,-566.5330291915794,-787.1462431916871,-864.6475864323929,-98.70657494914845,-245.06349084063072,803.1160125776224,182.30667326923611,-617.8547708088481,-549.1267478093247,-75.476097086117,783.4012096772234,-474.0820024526793,-401.7227317866669,383.7222054499874,-295.0811626188208,-590.2829433740544,854.8083280703426,929.7365403624892,146.56117074979034,791.873740799441,955.3724716502544,547.5216177176986,528.3962994791698,545.8580419342934,-519.9536716003693,-389.8151549698023,-344.46385542222504,-243.0758943444671,-4.138102561847894,899.6217057671563,1002.4619081704288,757.3138509583639,896.0469197248126,-145.27588215759607,-396.185037149613,-708.9600867099732,700.908120879586,1.7687276648723504,517.8794562134183,117.69255095183168,-333.6842351422912,-338.6747194017703,611.3362312800878,1127.8958768682485,680.6330722658381,873.7225809426769,471.7563639262325,908.5293152333812,477.0852783912224,-379.7503580830597,833.1061884735032,61.309382775948656,-180.7424374089207,-432.3645902996553,-384.4196011426907,-425.4872729402369,-346.9352568901628,-143.74320223324918,98.03829092421148,-190.84467730467563,-320.1484279565623,-426.1676885224368,-487.4936921033686,-354.065191388006,536.6869147134046,-68.91144935748386,-167.0074446004161,791.2858037108076,-227.9796813700208,-248.793397615488,-292.5601705655795,-315.0036517079022,-413.9945844380598,-375.60832516109366,707.256351587671,773.6826489340671,917.6028444927966,937.6388310842724
-591.2539887521426,-547.8272217250615,-779.1753698456398,-889.9542561137877,4.85995737990558,-137.75193296702923,782.672074698146,290.0490391824537,-566.7251866652119,-565.4586107912155,-121.79244414605,820.8169444464405,-493.3192439706917,-332.49464426259425,329.9030140217956,-309.9621103938248,-580.8081532899589,909.878827381972,926.9175379232812,97.77137098861664,747.3136422497261,929.2239454920152,494.2787845548175,468.9644276126404,626.955537183316,-537.9777288667717,-409.3902854884924,-361.5559578120274,-258.59060536639896,-31.794908621855075,871.3919555374104,982.0162406200884,819.0889809532147,896.6015064364581,-191.73523535396117,-406.1694425395121,-725.4371489557352,661.8039073650714,-42.64920193687906,463.7611233833757,73.69081599485581,-345.2673306225015,-365.4233544012956,660.1793126099118,1125.8062413715547,726.3374385860465,903.6108286974568,429.4822143146391,907.8972988602468,425.371961572935,-329.16393985728024,820.8578284029669,14.903814501136212,-225.2430690167692,-432.968551161686,-404.654097616599,-360.6120984661631,-250.75842678019816,-71.37510327311944,54.20315996467181,-198.2524513753654,-336.6638727759174,-368.11315804105135,-407.011531673753,-294.9614640430348,590.8614346289353,13.650952278397307,-85.72992672432777,796.656108553441,-132.94607904262418,-244.27125820521167,-304.08588528891306,-315.9917794257831,-421.0482290563437,-278.4055833879681,660.464718711352,744.4719093565668,883.0684064852619,974.2268810976436
-608.5341845428409,-520.7272831246491,-763.7029454075218,-912.1004958731534,109.64198978144135,-26.825854651342183,758.3399515807706,397.488294961712,-506.9650064709724,-583.0550282208823,-165.82544992375838,850.2382002280194,-508.8072883506052,-257.3176671070113,276.46850169742714,-322.79486013660414,-563.9591845086076,956.0138864416824,917.1581617733466,49.9994652322079,700.7986800053559,896.755529231583,439.15542839402974,409.59749934775846,701.5834135765824,-556.695129901825,-425.599053293941,-375.60263253289577,-271.2113067463441,-56.91875377721878,839.2369808289718,956.7616738431524,871.0634761365526,891.2984533966865,-234.2743236596234,-414.4736344764482,-737.4182901828691,618.5893518999435,-85.24686816365025,409.0035573515645,32.38669647676213,-358.6175212108255,-394.5800161444588,701.9249318949505,1117.25016677458,764.0520555663597,925.3540658170476,386.1787410352538,897.5809992925967,372.2745589630252,-270.9473991897722,802.343115364341,-30.26271939172573,-266.01565234217327,-433.24479683446015,-427.3907190412503,-289.32751841315,-150.5278926533762,4.479076135788877,11.828317224031832,-206.50845102065813,-355.2266005520468,-303.1806150317855,-321.06776032742863,-230.33773092190987,638.5211994424157,99.2496267559597,-1.1705522717546142,793.8028661054017,-35.6562363982968,-238.85323769847884,-317.25158803984266,-315.7273928718681,-427.2956279315211,-176.23024582926294,610.3200057803655,711.6667160808388,845.2488669709804,1001.68885250489
-618.7908517685589,-484.8611000828028,-740.2053184752682,-930.1804342368054,213.9140478453381,85.94725450894377,730.477813040299,503.0253165916648,-438.9782147616929,-601.3240832923939,-207.2794355231968,871.644388518691,-520.8547765863855,-177.16489766330767,223.71244942298847,-333.938974192345,-539.2317694541473,993.028923093602,901.076425927414,3.567906826306453,652.6804057092861,858.5791878709465,382.5466987897021,350.7212826693661,768.9435989667495,-575.7716208077211,-438.5699762542101,-386.6940439413914,-281.09055960209577,-79.59437512352058,803.4750069560517,927.2810686501238,913.0056642658492,880.5329106567132,-272.5430262675985,-421.4119294257113,-743.9712754772414,571.702505511025,-125.85435757551028,354.05910716796086,-6.022164264360612,-373.95419181085873,-425.8610902483861,736.2786208497481,1102.774894268936,793.7454207361708,939.1651593571823,342.1215738309999,878.5098774887547,318.2411870136806,-205.5135829402389,778.3076943324963,-73.9633278390923,-302.80146348160054,-433.63100116960175,-452.5207089990908,-212.54244355984247,-47.77236602989302,82.73954161335323,-28.832058832770432,-215.9428453422735,-375.8592670710157,-232.19851737479203,-230.884840938685,-161.010447102098,679.3393124309994,186.6428359748276,85.45601901269337,783.2745943032046,62.447971759073525,-233.00299197278812,-332.25134635882046,-314.5784532883996,-433.16665696651626,-70.6844389138703,557.3908052726504,675.779382108078,804.602191204231,1020.1520537429044
-621.180674210314,-440.0609511666358,-708.3162843317502,-943.2657378476688,315.967289023988,198.7507855621631,699.4673504214494,605.1125020311163,-363.4048532075298,-619.5555481331603,-245.899961819716,885.1306121874961,-529.8441133190471,-93.1487822541736,171.91871161511028,-343.7840781541313,-506.27819952695927,1020.9125588754256,879.3078288712923,-41.19975810498616,603.2647398653237,815.3015391103264,324.8520973216694,292.7513498208273,828.4350161808734,-594.7963643609017,-448.4924550752723,-394.9727891690948,-288.4407926450192,-99.94412905738344,764.4192271540874,894.1348622581112,944.889337210526,864.7110577876848,-306.2677410078822,-427.3206412268527,-744.2056763498844,521.5816373029345,-164.31719875445552,299.38621568732776,-41.39248993750047,-391.42431383028014,-458.8825421382232,763.1106372600684,1082.91970165282,815.5329871732087,945.3698940568804,297.53496508681513,851.7154985961514,263.727037214289,-133.47410559901772,749.5089779979776,-115.96525502177256,-335.41776904245194,-434.5592178647488,-479.8443015728528,-131.31929972761606,55.908588577850125,162.2573525080886,-67.53034259787412,-226.8434111086475,-398.5037254276381,-156.1723318262757,-137.80528573387966,-87.92877508128586,713.1343433916581,274.53723742934375,172.88203724657342,765.6940325432203,159.90089420866946,-227.1976650069996,-349.22179488906346,-312.93624498217315,-439.092340593843,36.53868565964954,502.2156622793487,637.2692652969299,761.5449989624216,1029.8851247704297
-614.9791519522659,-386.381152258779,-667.8489350021794,-950.432238912884,414.16142431508047,309.7729329875317,665.7016115806869,702.2972437870417,-281.1069384284408,-636.9366789284722,-281.48305524693853,890.8918961446072,-536.224129638213,-6.492093410107056,121.3631771265092,-352.740840792014,-464.92915074105167,1039.8094210020286,852.4890511764794,-83.98179824575922,552.8163681500382,767.5167068633982,266.4801365329868,236.08826975781304,879.6601489068291,-613.2820636437345,-455.6147023824892,-400.6333099565726,-293.5316875937902,-118.12381984150431,722.3831561476234,857.8516783081907,966.8742701832704,844.2366623953019,-335.2611618237995,-432.5503503789383,-737.3052895401838,468.6683930280844,-200.49817497430908,245.4431030605925,-73.63866172615411,-411.0897085697418,-493.1609840096922,782.4440415654257,1058.2020802838306,829.6568939071752,944.3840225107368,252.60247976979585,818.2904966125611,209.1941573639431,-55.627696926488674,716.6943882746663,-156.03458760490855,-363.7648615321544,-436.4459320681174,-509.06856334164206,-46.84616557315566,158.89156840188377,241.84716997611443,-104.03157153543938,-239.44958576519304,-423.0134835011981,-76.25770091889103,-43.25274803462506,-12.149161455837564,739.8605011449098,361.6265752060137,259.8244764830684,741.7307807920678,255.25581004253732,-221.9196920141728,-368.2360070821052,-311.20479068751,-445.4943036684052,143.70597984867368,445.30305471105794,596.5420518476819,716.4544738802538,1031.2762907802037
-599.6098132206064,-324.1081700164104,-618.8124248524342,-950.789270271583,506.97280662514976,417.2598750495909,629.5750400301625,793.2600183811583,-193.14534961968613,-652.5727630127071,-313.8834554098028,889.2066372439841,-540.5006493593555,81.50548608378001,72.31423445519822,-361.2310327111949,-415.210624508184,1049.9994310363338,821.2446593192384,-124.46307293453148,501.5640737530087,715.802397572129,207.85108105051205,181.11202251293088,922.4231438761908,-630.6680791872265,-460.2400343599306,-403.9201315007775,-296.6858167795036,-134.31783348343458,677.6864480982587,818.9224977208864,979.2825140539716,819.5004871076617,-359.42979440701384,-437.4578749231984,-722.5607797877108,413.4114726440329,-234.2797912484293,192.68015667800205,-102.73453365440248,-432.91559841950686,-528.1166068967643,794.438151724437,1029.1085350046371,836.4633859800713,936.6901468050136,207.4785215310741,779.3489283540408,155.1097596656116,27.05895502403634,680.5831166091227,-193.94269561725903,-387.8306760702828,-439.6817527197918,-539.8067485960127,39.59627279536418,259.57670837108094,320.3212086809282,-138.12067787606722,-253.94684289682831,-449.1480163205963,6.272481703441639,51.31064960337793,65.19463210419472,759.5937908185678,446.6305362037317,345.02301544287496,712.076195795729,347.12606578980274,-217.6476900801816,-389.29787248389306,-309.7889630277183,-452.773490822603,249.09637516200365,387.1327572868783,553.9525974640582,669.6724886555266,1024.8106073617837
-574.6708530340793,-253.7622604580298,-561.4225690323309,-943.5107950552884,593.0364544488596,519.5658332801424,591.4759372000029,876.8456268712341,-100.74870778055934,-665.5120557879484,-343.02133619186475,880.4201410217272,-543.2251290649368,169.50378566711174,25.031657493032352,-369.6766929280428,-357.354822393651,1051.8749416311705,786.1769392844171,-162.34147291651243,449.70665083588,660.7187498296256,149.39738238628084,128.17601834940055,956.7200078582936,-646.3269665868477,-462.7215832961389,-405.1249347179681,-298.2725965678383,-148.7338587869324,630.6605352564712,777.7981239697765,982.5719651781636,790.8727779384262,-378.77881223462896,-442.3980822337671,-699.4011782715037,356.2701826319957,-265.5671765596851,141.5313540035708,-128.7138295958359,-456.761066108155,-563.0782987785768,799.3686569064444,996.0899793591522,836.3793384917177,922.8155817358268,162.2999059855999,735.9894763759453,101.9429290459484,113.47721689549768,641.8517568474382,-229.4740133814605,-407.6928518013664,-444.6208101789571,-571.5794134041535,126.67162520620757,356.4333015810514,396.5228093299466,-169.61045619231135,-270.4612344757651,-476.5693203942131,90.06567800468434,144.42875567134166,142.92469035763122,772.5152519548445,528.3319289053481,427.2764696243361,677.4215832260119,434.2227890261561,-214.8464995030148,-412.3370898292738,-309.0815352877782,-461.2982534115445,351.0515589729434,328.15808377621664,509.8106590732143,621.5112863762666,1011.0473632298026
-539.9578594042212,-176.09008736831206,-496.1054061706355,-927.8672212603136,671.1802047460127,615.1978593864034,551.7813751069125,952.0865824995452,-5.27573155523304,-674.7745210831114,-368.88705222633456,864.9290012807945,-544.9815753562933,256.15997423093,-20.23605111416416,-378.4884653019285,-291.8039876603827,1045.9170726950908,747.8587963731945,-197.3356804490857,397.4191140833708,602.8093761207924,91.5616137059913,77.60113054459738,982.7218623619426,-659.5747303879987,-463.4555234390664,-404.5824722820968,-298.70066634106405,-161.59749961524776,581.6535125096436,734.889497493577,977.3086703135656,758.6989001445438,-393.4140115968525,-447.7156278162024,-667.4227743696223,297.7172654350123,-294.2911622503216,92.40511895222184,-151.66922862575686,-482.3720333546898,-597.2912998309157,797.6057227530036,959.5613672921456,829.889195422711,903.3121582121968,117.19676466783577,689.2627745686178,50.15969786026835,202.40830879166256,601.1239306425892,-262.43468375189514,-423.5182244256496,-451.5699569406646,-603.8175703338932,213.02695623412288,448.0416819570296,469.3580830948868,-198.34981621620736,-289.05402580895264,-504.8410648337977,173.73030326834623,234.6954418814003,219.8537390965022,778.8924224970535,605.6104761170508,505.4760631708807,638.4404283588366,515.3875773514058,-213.9564736530245,-437.204878395154,-309.44946864876204,-471.39197620303617,448.0229216425973,268.8085445272099,464.3887416581341,572.2600328303494,990.5986328758912
-495.48132179502096,-92.04824643762204,-423.493152455571,-903.2566369485412,740.4497251066149,702.8535546668273,510.854413727229,1018.2181324752908,91.8270725122238,-679.38357202918,-391.54358164098096,843.1669440453751,-546.3719669948024,340.1660868971262,-63.25570339683424,-388.05322451278033,-219.20655401235945,1032.6725019662836,706.8294919988623,-229.19377723192397,344.8589752894979,542.6039359235536,34.7919132537619,29.670134958483786,1000.7525386633272,-669.684924028581,-462.8729238643507,-402.6653385835737,-298.4088428237098,-173.14707504953782,531.0337956775643,690.5702768911052,964.1392143552264,723.2980253223741,-403.5407777307671,-453.7366601860839,-626.4139149146156,238.2404898500548,-320.411261880878,45.675061268679,-171.7502639204128,-509.37732850811216,-629.9277316662506,789.5913821631859,919.9049200205096,817.5134536714611,878.7386985858133,72.30215767255034,640.1438918852608,0.2165582561824762,292.5594490843882,558.9638075869158,-292.6615316137308,-435.5598333259197,-460.77792150435806,-635.8681752653374,297.3324092594672,533.1296419240141,537.8242137928158,-224.2318290067017,-309.7164552639239,-533.4306461074287,255.87745332634145,320.7961046291896,294.81991635668936,779.0601474869582,677.4717514332625,578.6341267167091,595.7750921605532,589.6189108310239,-215.38215775101148,-463.67051644097927,-311.2197858732472,-483.3205016216118,538.6127160914892,209.4925223007859,417.9312333119137,522.1915765092793,964.109765984224
-441.4777299117558,-2.778134684296935,-344.41234151886823,-869.2341042704144,800.1237121460633,781.450376963688,469.0433329643975,1074.6848856899967,189.07027919428236,-678.3998127339643,-411.1264642735186,815.5926081852872,-548.0004301708109,420.28456365858455,-103.81459353417269,-398.72118546163546,-140.4053255914456,1012.7317929281484,663.592851142954,-257.7021403490364,292.1723932599642,480.6215479848568,-20.464860764157372,-15.377103462552563,1011.2620166355006,-675.9065294989384,-461.4303536183564,-399.77760475423776,-297.8558324758066,-183.6288659010885,479.1922023711677,645.1810207885638,943.7643804783172,684.9646194264176,-409.4601114916068,-460.7605021668872,-576.3742833525646,178.34259168474716,-343.9182905845528,1.671068513711516,-189.1601454475241,-537.2883418119022,-660.1002745888917,775.8173892535578,877.476099293655,799.7895862095328,849.6466474672402,27.75988379945617,589.5107161383947,-47.447409735760765,382.6026286059935,515.8732297235325,-320.0308059697572,-444.1515926943767,-472.42463328346673,-667.0022144037256,378.3194351818968,610.6020121808837,601.0332282570035,-247.2010617695187,-332.36476414945645,-561.7143900402423,335.16185453697443,401.5446066346291,366.7198845853646,773.4017596356528,743.0701065277815,645.9070767710341,550.0280826389837,656.0914496881486,-219.4805477316464,-491.4188454694104,-314.6654318601727,-497.2796968117762,621.6077602412969,150.59964249608214,370.6640065736335,471.5688186242781,932.242375019428
-378.413275130248,90.4268792376703,-259.864361141275,-825.5376193013684,849.7192075952313,850.1456901644837,426.6824792499154,1121.1394649805318,284.9667642404721,-670.9556147975406,-427.8411630613757,782.6795776322547,-550.4564375916294,495.38024338332303,-141.72643971048794,-410.7927696165954,-56.417847186982776,986.710112751604,618.6174718898637,-282.6940314945354,239.50001992801035,417.3743602237998,-73.77189081078457,-57.3474385624547,1014.7973251691724,-677.4853305415851,-459.59937097891606,-396.3473383444333,-297.5089100777571,-193.29299918778275,426.5422280110592,599.034280740869,916.9150779076108,643.9723417940605,-411.561878183273,-469.0513160742253,-517.5273811415942,118.5392735261013,-364.836403230297,-39.32878894799902,-204.1515753008886,-565.5026720231028,-686.8791556426925,756.8045396727283,832.6113604473957,777.2560309096011,816.5690881178658,-16.269898146344286,538.128649470661,-92.4195195716005,471.2141444913328,472.29199057321,-344.4661385383187,-449.70081347176966,-486.61101189240605,-696.425601996482,454.8158293926593,679.5624517221484,658.2303435455028,-267.2597155959164,-356.83574568035425,-588.9860667456031,410.32020838520526,475.9139505286812,434.538781351027,762.3315153024787,801.7248055591663,706.6118534348414,501.7577101300285,714.1678166229805,-226.5491786119095,-520.0489327963887,-319.9915675130143,-513.3835867434154,696.0044804889473,92.50258345795966,322.80372195455806,420.6501955925203,895.6601502357785
-306.9794661276036,186.1605539792552,-170.9990322922794,-772.1093843053076,888.9875252299327,908.3472211088724,384.0942546976662,1157.4339838800763,378.0751128265276,-656.2892361076416,-441.9578958457637,744.9088193111606,-554.2973323924498,564.4474840398702,-176.83769112017097,-424.505578172637,31.590419361674936,955.2309273881626,572.3384064590413,-304.0573065748529,186.98237028857127,353.3706423402484,-124.7125703684597,-96.09708474040244,1011.972530022822,-673.6882573768557,-457.8550363874844,-392.8180483173762,-297.83179092070964,-202.39007201541003,373.5184061991464,552.4199514754891,884.3313112615864,600.5798476650638,-410.3155238016971,-478.829782448116,-450.325181961845,59.35510067831358,-383.22439544140894,-77.1051175475811,-217.02157392037452,-593.3120533516003,-709.3124538509927,733.084250612557,785.636693219775,750.4396003858853,780.0131339121776,-59.60748631034907,486.6416910495172,-134.32321434886433,557.1130088829536,428.6006983363304,-365.9452134468143,-452.6787806244848,-503.34958609492975,-723.2930102103469,525.7759790940459,739.3269471985909,708.8063503445394,-284.4721314536069,-382.8831423032759,-614.4687910855178,480.2052931420927,543.0593969209109,497.3757356959136,746.2789895849384,852.92897863184,760.2353506113161,451.4776671988009,763.4028841364142,-236.81435444820056,-549.0741548857999,-327.3227823832008,-531.6535386026562,761.0246084281348,35.55813713123762,274.5661729904789,369.6938979124827,855.0176074519071
-228.08035578564431,282.9473243756535,-79.08229203233196,-709.111152080044,917.9017587710672,955.7140762506428,341.5917440471797,1183.6054442807902,467.03924459780296,-633.7771099844774,-453.8040870081789,702.7635207911085,-560.0305211798523,626.6313817606077,-209.03376191527872,-440.0218897661917,122.33905114879366,918.9129859975824,525.1597654389869,-321.74074378100534,134.76454402491694,289.1168439981522,-172.90149030007342,-131.53303370142652,1003.4393457088138,-663.8299399782634,-456.66360394772846,-389.6391309260418,-299.2719399053911,-211.16851107724617,320.57274909946386,505.6103115707687,846.7447256814753,555.0378985780678,-406.2585605873582,-490.2648614810869,-375.4442745148123,1.3172674741643722,-399.1761886268064,-111.50246764673702,-228.10529715010415,-619.9147183753298,-726.4495346267853,705.1829705780574,736.8760168430528,719.8464158370929,740.4554739537944,-102.0529947779825,435.56966922459895,-172.82814206157943,639.0964658223436,385.1255757218211,-384.5047253345408,-453.6095998208333,-522.5563649338535,-746.7246375897535,590.3050377508686,789.4289669443536,752.303868165329,-298.96730878108434,-410.1752700077552,-637.3302734408242,543.81446855555,602.3332401371541,554.4639799787301,725.6759343536764,896.3514055605616,806.4367494153158,399.6598566412927,803.5409600669486,-250.4198921418562,-577.9240367685011,-336.69174045788657,-552.009026031825,816.1213743065586,-19.89260618071292,226.1731490288088,318.9605785098387,810.9516723043006
-142.81152514337052,379.288212262922,14.540598441608488,-636.932590000606,936.6372052572276,992.1489096309864,299.4814811064494,1199.856354647024,550.6225977746976,-602.9629073801192,-463.7546679972425,656.7261671230169,-568.0957377235078,681.2424150643591,-238.24475464391165,-457.41715603023664,214.4702960298172,878.3606471306285,477.4577248113922,-335.7585959258228,83.00012849046487,225.1181670815945,-217.9956044744257,-163.61327939231336,989.8597371786155,-647.3004769728947,-456.4695745657585,-387.25543633480464,-302.24757619348327,-219.8725541140881,268.1693604643012,458.864310356522,804.865013709717,507.5971330262898,-399.9831584513019,-503.4657536400101,-293.7732390891453,-55.05264383904929,-412.8204953936705,-142.43274127211285,-237.7688142879101,-644.432200763231,-737.3672044797496,673.6097694815961,686.6586197716407,685.9562478602655,698.3406848064278,-143.38820881425062,385.3111134895375,-207.6601122380439,716.0710821027693,342.14451744850913,-400.2433128160309,-453.05753840846137,-544.0444173062137,-765.82578824053,647.6761443568278,829.6166287865725,788.4176780822461,-310.9391793745759,-438.29426568030857,-656.7012659681129,600.3115825073249,653.2909882457636,605.1849343574232,700.9458990621772,931.8315225043012,845.0430395468239,346.7396402722177,834.5065720302073,-267.41679974397897,-605.948240602906,-348.0297887972099,-574.2605227569851,860.9765589213124,-73.52500881746852,177.85744626912043,268.71443002383154,764.0758356978065
-52.43144695605129,473.7068870263172,108.48462961117822,-556.1918722414143,945.5462783404492,1017.7822031623392,258.0658979942467,1206.5319790315489,627.7356301591303,-563.5820095439768,-472.2205124700113,607.2775539137866,-578.8478438759641,727.7642238906767,-264.4502634520641,-476.67000687002167,306.58961853368777,834.1573730351448,429.5834845994337,-346.1931044335502,31.854119736501616,161.87733220232724,-259.70493687099247,-192.34595665479583,971.8816438848236,-623.5932286576639,-457.68233669437024,-386.09612208541296,-307.13464927950844,-228.74063594849375,216.7774012560936,412.4307967379101,759.3702253578265,458.5158386506716,-392.1211984152579,-518.474224836037,-206.39149160882755,-109.2486335622791,-424.31972267616334,-169.87658378269543,-246.40084051801517,-665.9304130021911,-741.1979449987946,638.847254945712,635.3249986992016,649.2199637368519,654.0818043639288,-183.38074291314436,336.1510369809141,-238.6104533808039,787.0781983975638,299.8937415703824,-413.3222765547485,-451.6131019556364,-567.51962120151,-779.7089873478767,697.3402554823864,859.8426028212085,816.9896699655334,-320.6444862454509,-466.73734298756,-671.6969231555648,649.0416744527105,695.6892116388707,649.0760014329866,672.496720966216,959.3683855939556,876.0383597821664,293.1226057704636,856.3897899752297,-287.7543390312136,-632.4231183862416,-361.1600568476876,-598.1050676340852,895.4892384200333,-125.032562288996,129.86581311968277,219.2226284433372,714.9764853273545
41.673686719379965,564.7936928338705,201.36555501891465,-467.7280349181368,945.1296047233602,1032.9499057442586,217.64506868223955,1204.0956505150175,697.4558772588955,-515.5801283104091,-479.6353286392937,554.8973120136005,-592.5406958227618,765.8546223831461,-287.68290000506585,-497.65429388689455,397.3072149700962,786.8620368347467,381.8658268947732,-353.1948554726714,-18.495287421448538,99.89137606587023,-297.80223161954734,-217.78754570018012,950.1186840048562,-592.3312961895173,-460.6626750893141,-386.56300161144907,-314.2540822769327,-238.0038747058489,166.8626634616901,366.55052377444736,710.9007952010654,408.0670977423712,-383.3281557544047,-535.257509947563,-114.54033965650817,-160.79155404210582,-433.86820922780464,-193.88272552338688,-254.403467228892,-683.4446527979139,-737.1593581869594,601.345776398391,583.2306329147543,610.0596335757803,608.0626024170562,-221.79016940572168,288.2727398473416,-265.5442874425483,851.3129053897037,258.5744303176904,-423.9640123235519,-449.8781087688944,-592.5790182724295,-787.5182058659954,738.9286167933753,880.2477680286297,837.999204852899,-328.39822349381825,-494.9204077633204,-681.4406675942993,689.5382810057197,729.4757813263916,685.8321535855309,640.7158204704555,979.1046058943735,899.5480826256353,239.1919475471283,869.4271988045749,-311.2729295727416,-656.5612124361995,-375.7935515395081,-623.1250014981367,919.7574521774612,-174.12940884380913,82.45976005790786,170.7532474178393,664.2109318457035
138.03018621103908,651.2456354801902,291.8394530421848,-372.5850092214866,936.0050087794108,1038.1658757941843,178.5174420961089,1193.103526395023,759.0403145449585,-459.1249802328713,-486.4413524764021,500.0654284070384,-609.3126495170355,795.340313111895,-308.030261525064,-520.1336904281112,485.2785103301892,737.0075546599011,334.61303267873745,-356.981000138684,-67.85616549264775,39.64649242119511,-332.13102470230984,-240.04031476287503,925.1344010624578,-553.291273087826,-465.70948570383865,-389.0186310314909,-323.8595985162131,-247.88429509803507,118.87806968313264,321.45688415145224,660.0569021235965,356.54474414332986,-374.2661887327908,-553.7020576229731,-19.587481447603007,-209.24111751410567,-441.68990892052136,-214.56536335511527,-262.181998937228,-696.008002062225,-724.5837499607145,561.5207168797423,530.7474126783395,568.870736898165,560.640974098104,-258.3756639282059,241.77264587520756,-288.40725482206966,908.1361131526425,218.3588535726104,-432.44819977917615,-448.4500475382845,-618.712154935223,-788.4546124417401,772.2483261599407,891.1398655122704,851.5498700775698,-334.5666926470104,-522.1843274035883,-685.0900258584528,721.5235460467384,754.7735798092958,715.3017044494148,605.9680944302248,991.3064696708748,915.8187899398708,185.3156200655099,873.9797429152167,-337.69933931394104,-677.5239948628215,-391.52870632922776,-648.7902988431243,934.0543167899896,-220.5535648042912,35.91428928093886,123.5718404981834,612.306608774613
235.12034283795904,731.9006233388614,378.6395355180033,-271.9876688510419,918.8760141530385,1034.0906873938193,140.97934936688085,1174.180037216211,811.9302552799415,-394.6101631912114,-493.0741943058187,443.2641976911454,-629.1742993264883,816.2060912064031,-325.635156945134,-543.7593274388415,569.2417511554231,685.1012722676,288.11402437891286,-357.8314860123921,-116.02366563901366,-18.388888586396675,-362.6117254468625,-259.2491716713388,897.4313187138101,-506.42286507673936,-473.0470845695404,-393.7744047112709,-336.1264634031721,-258.5924073856721,73.25346353707215,277.3754287694975,607.3986192152712,304.2676604082754,-365.5868140374925,-573.6084303054316,77.01340904775034,-254.20799222679517,-448.03562187625465,-232.09978343922148,-270.13407303821737,-702.6823896995694,-702.946611148099,519.7525351400126,478.26261594863087,526.0258379516588,512.1529202195227,-292.90462068298024,196.6771466297762,-307.23026223803845,957.079677517745,179.39559160038706,-439.1058818570481,-447.90602460923606,-645.305712181826,-781.8031171290247,797.2717962137439,892.9685339406141,857.8536874743726,-339.5583192511333,-547.804072059936,-681.8637756758932,744.9016957002106,771.8590176294506,737.4769159204012,568.5960865514934,996.3415640020572,925.1954260079686,131.85253451702292,870.5087121943159,-366.6445775892943,-694.437988892152,-407.8547682636568,-674.4648080591585,938.8002843749772,-264.0706549112648,-9.485297267333408,77.93696259028209,559.7609332179901
331.4271842350313,805.7646519901922,460.6085932188031,-167.31067047675543,894.5013445689511,1021.4984000442486,105.32315866692124,1147.99510220419,855.7494333954915,-322.650700993424,-499.9471931099612,384.98003547385,-651.9990325127218,828.5795763804279,-340.6940146006771,-568.0708754196596,648.0510429574787,631.6265027222132,242.63869261462315,-356.0835434396939,-162.7822142228097,-73.77242126574254,-389.2454277066675,-275.5980786947653,867.4447897860653,-451.8630811001767,-482.8135299270028,-401.0789507754014,-351.1414806745596,-270.32379220519016,30.385088763677683,234.5222944523799,553.4482015796852,251.58204765210053,-357.9135499216249,-594.6877244186292,173.76607410943237,-295.365301830304,-453.1798443768916,-246.7165136427985,-278.63829676202266,-702.5914009720827,-671.8926424313995,476.3891107107505,426.1754921280738,481.8790640877913,462.9166502380946,-325.1616372050488,152.9604407637105,-322.131887259384,997.8449057988904,141.81360817537902,-444.3116451584455,-448.7866262367141,-671.6516290931307,-766.9588241265075,814.1211858065657,886.2981709081774,857.213827728281,-343.812448490417,-571.0008514887713,-671.0696231540896,759.7467366426785,781.1368297866995,752.4802956476462,528.9220295049786,994.6552380067671,928.0969720541408,79.15722013455816,859.5511243533202,-397.6048609992403,-706.4142257412312,-424.1593037775091,-699.4165804530661,934.533298431134,-304.4779376661234,-53.44827083927857,34.094951544165696,507.0413651290279
425.4784616047214,872.0310748898648,536.725761918481,-60.04129618851773,863.6667040831801,1001.24285817307,71.83403773726215,1115.2439659386737,890.2962380844006,-244.0701059519673,-507.4356353132548,325.70462978505697,-677.516938135522,832.7126747052891,-353.4534993150372,-592.5013871851103,720.7035220619546,577.0446256755988,198.4374366586233,-352.12472750235423,-207.90907572419096,-126.09707425287546,-412.11531198237066,-289.3061611091986,835.5413772597773,-389.9439055246252,-495.0503848843182,-411.1071350765413,-368.8945798248637,-283.25442492138865,-9.374826065865143,193.10172296629688,498.6938036221389,198.86141064638144,-351.82490185975826,-616.5599194931156,269.175960198688,-332.4588658477831,-457.41726024677104,-258.6943487847395,-288.04267541791563,-694.9537412368234,-631.257928552896,431.7498667871611,374.89166052127496,436.7707296161697,413.2364334288909,-354.95726489120653,110.5624112459958,-333.3181559994278,1030.295067474596,105.72505674260856,-448.4741681455614,-451.5800378365999,-696.9588165229188,-743.4523787520037,823.0490283773729,871.7800394291227,850.0068021468518,-347.78640058961247,-590.9572632946094,-652.1315091664367,766.2854591187345,783.1126703213467,760.5475831864584,487.2512984086951,986.74715426929,924.9919677436028,27.58254962483476,841.6956832710559,-429.9659596507153,-712.5707804975143,-439.73997056180406,-722.8323190936895,921.8785434729928,-341.6083881695618,-95.68472674032998,-7.725687417179219,454.5852860295769
515.8878803017201,930.09157941524,606.126666866339,48.26211722163729,827.1598734590858,974.2249779633308,40.78536985282675,1076.6302694925332,915.5312641018896,-159.87924316918782,-515.8612058109518,265.9349919843258,-705.3125365493182,828.9610460988738,-364.2054558184933,-616.3860989230867,786.3597617204824,521.7972140349201,155.74000088545927,-346.38483398661066,-251.17920016278,-175.0006978251429,-431.3856355943569,-300.6236141905302,802.0212980727913,-321.19266160684293,-509.6943344729699,-423.9499998392753,-389.2723218165511,-297.5346010154729,-45.72795399787022,153.30289738302292,443.59391613091685,146.5041181652663,-347.83805560716706,-638.7545904409961,361.7933348405026,-365.3155934488286,-461.05883819847975,-268.3526121704043,-298.6531222610422,-679.1161103350663,-581.0869123622457,386.1311044035529,324.8156598465945,391.0315006156308,363.4059163421802,-382.13597019146187,69.40567250044076,-341.0795102669047,1054.4427767499262,71.22682103283856,-452.0254428549909,-456.7067766277256,-720.3684428353289,-710.9730912377372,824.4163469125241,850.1249391976112,836.6649706455042,-351.94111902836914,-606.8353475740242,-624.6155339539969,764.8769642078748,778.3649834500893,762.0085042350102,443.8767897805628,973.1490424290786,916.3751180252164,-22.519677334668604,817.5603625764032,-463.0111502417597,-712.0579180181917,-453.8205413754276,-743.8358199319275,901.5193307964778,-375.3346043072023,-135.91286598790018,-47.31995697100527,402.7994209901865
601.391757408842,979.5389575707655,668.1164293979243,156.01429280665403,785.7498886336432,941.362299310758,12.432955063884116,1032.8527160269794,931.5614196918492,-71.24773502931015,-525.4770621282689,206.1720814514252,-734.8267020817898,817.7628418136909,-373.2803626669604,-638.975254419062,844.3569476409382,466.3077419372027,114.75372883613456,-339.32698984154433,-292.37121112895926,-220.17532788349715,-447.29842342308086,-309.8274885896167,767.1243006805485,-246.3246507166648,-526.5710429482153,-439.60598284854575,-412.0536359559004,-313.2814805367741,-78.43880977479799,115.29635436853948,388.581864167693,94.92852737974704,-346.3936320016371,-660.7144124611447,450.25332517481,-393.849557452936,-464.4274421868588,-276.0430035198477,-310.72233413826405,-654.5841265837628,-521.6429593458128,339.8119781396924,276.3420873315148,344.9855940004382,313.7107080754652,-406.5828450903419,29.41103722840767,-345.7848916704478,1070.433293865499,38.40089244006127,-455.4089995145087,-464.50540471757887,-740.9726549573685,-669.3886644281047,818.6695267567379,822.0775993155823,817.6600477487773,-356.7257915519174,-617.7973104628802,-588.2534004276962,755.9899849101473,767.5175181564575,757.2663916968964,399.0837419529874,954.404579658836,902.7460758602588,-70.80030370319186,787.7724872182326,-495.9329041199115,-704.085179843671,-465.5709819798737,-761.5101128528011,874.1704333609794,-405.5723147348311,-173.86693378055477,-84.51179184444028,352.05863895937847
680.8795696839386,1020.1621925142392,722.1754625344793,261.6476375919317,740.1707838435983,903.5618436192613,-12.991785679742012,984.595437644495,938.6218113531036,20.530914788185104,-536.4539555066611,146.91780513538222,-765.3630431515919,799.6178878779972,-381.0395248313856,-659.4508751298456,894.2147789740447,410.9825388045798,75.66138653798738,-331.43817523283315,-331.2743331948272,-261.37564261132366,-460.1680555099222,-317.2174093103838,731.0382345642769,-166.22807420665413,-545.3916021955889,-457.9737820396866,-436.9080822215751,-330.57043628422485,-107.34234531004546,79.23024900267298,334.0698011797264,44.56580318172576,-347.8418477414358,-681.8018440137539,533.3112460685202,-418.065418026307,-467.8528173247453,-282.14133957694463,-324.4392962929812,-621.0498687281463,-453.4115390748744,293.06057473848875,229.8458361132822,298.9526391731422,264.4301032194318,-428.2287299838828,-9.489206860447478,-347.87298797358164,1078.524911383283,7.313766970952114,-459.0674741793053,-475.21959403342754,-757.8364746755665,-618.7603624208693,806.3171387940002,788.3937372824046,793.4881278880214,-362.5618679833751,-623.0285362071266,-542.9622245295965,740.1792358171608,751.2136845894923,746.7777315934953,353.15453836911024,931.0521114686836,884.5912929922231,-116.91637215485348,752.9519754029351,-527.8483245689221,-687.9495648295442,-474.1311889362072,-774.922840705511,840.5549037395399,-432.2832950548602,-209.30543012043657,-119.15896049759044,302.704077635404
753.417226011312,1051.9347465221342,767.9584054901972,363.65532078867017,691.1100998181577,861.6970451177527,-35.28930484855286,932.5219288245466,937.0565303530652,114.07891046530531,-548.8678593468244,88.67032531463458,-796.0988842657064,775.0683380851492,-387.8662546890538,-676.9472517388498,935.6344270198058,356.2107766169904,38.61872901234106,-323.219376451879,-367.6960061054268,-298.4260429797729,-470.3739947329092,-323.1112556507477,693.909501751733,-81.94168534339032,-565.7518859394761,-478.8472417932211,-463.39690698428456,-349.4255514531416,-132.3498385709294,45.22674765210421,280.45175887535527,-4.1492855285459,-352.4304159615619,-701.3092845724401,609.8719409078034,-438.0590225616837,-471.665791713117,-287.03942445581964,-339.9196573261388,-578.4145954409317,-377.0953760017631,246.1396122247633,185.67197542861885,253.24798773180157,215.83786474631967,-447.0535504341978,-47.34066416175937,-347.84080786722046,1079.0676490437577,-21.984897237599903,-463.42985908021984,-488.986909544336,-770.0224816819751,-559.3525471558797,787.907782470393,749.8204842668123,764.656598230886,-369.826938746008,-621.7623560585721,-488.85956195756415,718.0619168410657,730.0937411337577,731.0325955912182,306.3730786476054,903.6107066040912,862.3695954286858,-160.53636109016296,713.6981728011402,-557.8182204334018,-663.0638046175593,-478.6377944144174,-783.1542419643237,801.385106525228,-455.47754160351616,-242.01921296080988,-151.15721698779163,255.0406437714325
818.2623348205792,1074.997210795886,805.2869140448812,460.6308855743936,639.202089717749,816.5892364379562,-54.29975274163849,877.2721932591483,927.2993278481408,207.9766030854989,-562.6895987650755,31.9177427666074,-826.1008640877427,744.6816188001085,-394.156292020253,-690.5747836299979,968.491197023293,302.3633998920634,3.751998326932082,-315.17550731227607,-401.4698850101077,-331.2259147266192,-478.3519085502646,-327.84079714611323,655.8545543175735,5.373953274951383,-587.1350893420222,-501.91263225122094,-490.97712093584346,-369.8097565271392,-153.45277057920998,13.378801871936687,228.10544905689,-50.78916199909086,-360.2945081607672,-718.4728698708387,679.0122596960093,-454.0151647364349,-476.1915389501981,-291.1372000415158,-357.1972050483321,-526.8052709305306,-293.60132634703666,199.3113471820594,144.12582142538923,208.18141808603616,168.20202909748372,-463.0878068925078,-84.15913185074805,-346.2298702687083,1072.4814742582994,-49.4640873909542,-468.89876496957055,-505.82966082278926,-776.6177636515814,-491.6356867293303,764.0098612160537,707.0806158744655,731.6731646537232,-378.83897018230806,-613.305885337742,-426.2725712114338,690.2953296557135,704.7755649219606,710.5367779508719,259.0283578621385,872.5698216222039,836.501883975527,-201.3466905703576,670.580474188194,-584.8695647398184,-628.9836128421126,-478.2532535663423,-785.3269329052736,757.3483914472187,-475.2146055005336,-271.839134254067,-180.4435190525533,209.33403297585488
874.8712063489093,1089.6356523478555,834.1373056510544,551.3027494415777,585.0253141403676,768.9938871695069,-69.91071145968291,819.4625656426468,909.8550028118984,300.8057448711149,-577.7769977844831,-22.86964619241793,-854.3450238655474,709.0362537888273,-400.3076972287325,-699.446641857811,992.8217814554396,249.7910202668928,-28.844452801771823,-307.80518042016035,-432.4638763384505,-359.7527412822778,-484.5834192116245,-331.74724703346783,616.9716160039341,94.47034714546388,-608.9176969623968,-526.7486646980919,-519.0087727400698,-391.6152125661185,-170.72446367863324,-16.25248597102405,177.3926473197264,-94.94527122863786,-371.4490825324083,-732.4898938633378,739.9962146898511,-466.20262629800976,-481.7417785491018,-294.8352337712869,-376.2166841738954,-466.5836847712913,-204.01920003707843,152.84135382825323,105.46372183643936,164.05433293496492,121.78372932080477,-476.4122816780007,-119.92595905680012,-343.6104060655712,1059.2351951835426,-75.11342760970217,-475.8380049263244,-525.6481442176927,-776.7624832451195,-416.2822006600511,735.1940194688689,660.860766603866,695.037085088482,-389.84141300267976,-597.0660837608494,-355.7403865814213,657.556363538737,675.8395069351507,685.7962745412606,211.4169578061836,838.3826398057239,807.3650997084598,-239.0590321866196,624.1326972924193,-608.0209386646171,-585.4326970815423,-472.1962532205617,-780.6365279663776,709.0975396558279,-491.60404343314457,-298.6428820971983,-206.9981713672401,165.8074901117353
922.8977962171806,1096.2570706044785,854.6242389968139,634.5623206268714,529.1041105853877,719.5915327210814,-82.06438690561433,759.6875269773445,885.282149919506,391.1914945443659,-593.8700653111349,-75.24819997352368,-879.7411122584089,668.710906576215,-406.7104237407678,-702.7075777106242,1008.807167358797,198.8208942381748,-59.1102222626406,-301.5903664247323,-460.5878095856208,-384.0628681612466,-489.5846771261953,-335.17666639772966,577.3518582214484,184.04851309724285,-630.3790766477621,-552.8295329140678,-546.7655198454589,-414.654629210012,-184.319351364798,-43.63975086135303,128.6581092255347,-136.2402945258478,-385.783859676867,-742.539645688015,792.2827525039451,-474.9667375834488,-488.6058534363616,-298.52751523928924,-396.82822562674414,-398.3472100860682,-109.59323541997038,107.00091754445864,69.88502892827724,121.15567937360451,76.83506504761898,-487.1561293335561,-154.58643111112914,-340.56406294331424,1039.8270438606655,-98.94509401374542,-484.5607801587376,-548.2165611220144,-769.6792841766778,-334.1548434577494,702.0187679756784,611.803558598863,655.2325872407716,-402.989704510316,-572.5750517126352,-278.00901724798587,620.5233953353389,643.8175755623803,657.3045400601214,163.84422359525902,801.4629500306911,775.2903449406316,-273.4179401860389,574.8509606592759,-626.3104049372957,-532.3242717157113,-459.7723278749661,-768.3820051200734,657.2458423130998,-504.80498409923166,-322.3607436822196,-230.84579970986616,124.63858847763134
962.1852258568568,1095.363367963996,866.9816873690918,709.4848791722522,471.91325674314953,668.9831029417957,-90.76379847571124,698.5227394223427,854.1777293458988,477.841220534082,-610.5897204120334,-124.8104725719093,-901.1606781271056,624.2767257154858,-413.7357417473149,-699.5640427616224,1016.7523692933552,149.753182700111,-87.02043124083254,-296.98595550886233,-485.8003115308302,-404.2898607982573,-493.89390633886535,-338.4751345423337,537.0893471228968,272.7982113085452,-650.7148323706809,-579.531195698948,-573.4485101149288,-438.6542423173156,-194.469857690688,-68.79041413744463,82.22707290770728,-174.34006424010693,-403.0611917761653,-747.8072372124233,835.5264374999554,-480.7197716159084,-497.04071627240575,-302.59446687561723,-418.7836929278645,-322.9205942849764,-11.687407798025705,62.0678672977415,37.5256642760058,79.7569278346724,33.59608360135031,-495.4935849859303,-188.05100104644703,-337.66566710612284,1014.7677865468888,-120.99543503249298,-495.3187114800388,-573.181855302086,-754.7026327304224,-246.28772121601733,665.0196106714548,560.5033532473457,612.7243495186754,-418.33967100930016,-539.5134659621696,-194.01841582337508,579.8609494644844,609.1869413737627,625.5327536428287,116.62397546306042,762.1852497767859,740.564825167433,-304.2083398575544,523.1946322327744,-638.8250941020302,-469.7778114559326,-440.4034525540804,-747.9946292670461,602.3664245170037,-515.0248311014415,-342.98004876222745,-252.0551166730505,85.95634022246489
992.7508782681344,1087.525159454894,871.5424554707749,775.3428071569135,413.88502132573007,617.6891749866066,-96.07751943441168,636.5284919739889,817.1637346301619,559.5783828055224,-627.4405053747472,-171.1949629616728,-917.46836535477,576.2928389061212,-421.7256526102285,-689.3146310904409,1017.064204350922,102.85675546487458,-112.5866648059,-294.40923528622784,-508.11445234573023,-420.6405376149612,-498.0580351217821,-341.9835968710738,496.2891951868502,359.4370987800037,-669.0539545529722,-606.1410241580198,-598.2034859325403,-463.24916317677736,-201.48097154276655,-91.7468586303494,38.4014882011116,-208.9645173592417,-422.91702416219306,-747.509788275823,869.5716384389149,-483.9295329087557,-507.2599773173881,-307.39603637875763,-441.7352783098455,-241.33861012824116,88.25383785031048,18.325755411477783,8.453588203768492,40.106520639347046,-7.709024615358514,-501.63955564364215,-220.199067478303,-335.46462552675064,984.5669789350824,-141.32613476257362,-508.2919188566805,-600.0656666349753,-731.3070679324385,-153.8604607441875,624.7017716947753,507.5051488349935,567.954849294967,-435.8383047453228,-497.7310024904433,-104.88175649983616,536.2072940450329,572.3675251576723,590.9231283948225,70.07669023385442,720.8875998685083,703.4370868909559,-331.2624566584833,469.58976843822,-644.7316278348542,-398.1298584313967,-413.65531606429454,-719.0642012023864,544.9952139182146,-522.5171224411692,-360.5480976987242,-270.73750258785896,49.838959772732814
1014.7663452100646,1073.3566112952149,868.7174077499691,831.6111830410803,355.4177114289172,566.1525388652345,-98.14255702061456,574.2527758935116,774.8760586098732,635.3701078741562,-643.8176462846109,-214.09556251933503,-927.5556667642892,525.3046280449347,-430.9824082304804,-671.3797101195968,1010.2283053885365,58.36485113767496,-135.8571812576417,-294.22932236393984,-527.6017812480585,-433.3888847817673,-502.6185119546165,-346.0323107521162,455.0734937021691,442.74796854390735,-684.4796747230434,-631.8708322822398,-620.1409080812753,-487.9817484745422,-205.72269829341005,-112.58574403889014,-2.544816000707948,-239.89710791498132,-444.8650900080287,-740.9241469505466,894.4410436563213,-485.1065206627116,-519.4223072923902,-313.26473303786986,-465.2366873527272,-154.81989177475455,188.7475408386817,-23.93862226655304,-17.333620574138187,2.424237523595295,-46.87637172358804,-505.84435406780415,-250.8849017880724,-334.4665535509236,949.7227391944332,-160.02481872319692,-523.5803120568297,-628.269550980911,-699.1332203651925,-58.16647286916814,581.5364149915473,453.3060082410102,521.3433326232561,-455.3173439882188,-447.2626053600763,-11.857405794855351,490.1650140767892,533.7232346217314,553.8851286467248,24.526179555537563,677.8766339843423,664.1248765435299,-354.46583652333857,414.4343639097164,-643.30635442022,-317.93785833744835,-379.2609748349088,-681.3614100711648,485.6367771538213,-527.5785493245634,-375.1734211817929,-287.04449086173486,16.312584356370433
1028.5336842893903,1053.49231959246,858.9754408265047,877.9661599408904,296.8847866427815,514.7433808557696,-97.1650214298027,512.2332978751347,727.9555012869057,704.3474796863345,-659.0186917472824,-253.2701962268388,-930.376240112606,471.844240618566,-441.7582397683028,-645.3289899191533,996.7864840486787,16.47092705171862,-156.91634665664947,-296.75662504231553,-544.3944504849718,-442.8681572339066,-508.0964241546368,-350.93483074219705,413.5847657980715,521.6123860810296,-696.0537619420543,-655.8731933550074,-638.3587724589169,-512.3035324751072,-207.62065294119984,-131.41651285383327,-40.37175467979688,-266.9922259973976,-468.3044126531084,-727.415162219395,910.3195013878258,-484.7900426737136,-533.6196333985969,-320.4984941561943,-488.747228606808,-64.73280818343477,288.3148220480929,-64.43928979907695,-39.90898815780512,-33.10407776276432,-83.7272720798442,-508.3878020506165,-279.9452610153458,-335.11569412626653,910.7151559441676,-177.2050611407328,-541.1962252103069,-657.0835655862215,-658.0103734644563,39.42336814850938,535.9600608533143,398.3583142590024,473.28613149536494,-476.4900302340875,-388.3395434416469,83.68547165520008,442.2944992391678,493.5662617475851,514.7943168084421,-19.705110414091592,633.4340391754972,622.8248396131468,-373.76218228559753,358.10468522544915,-633.964244333085,-229.97626237532432,-337.13965461728725,-634.8551375701603,424.7721151073724,-530.5451127171599,-387.0252636148613,-301.16430558902294,-14.648791513419877
1034.4595284753648,1028.567031797302,842.8250589407534,914.2769020798528,238.6436256710681,463.7663611212208,-93.41831715515998,450.9978817852685,677.0407349135666,765.8180232606002,-672.2597912262676,-288.5481880634382,-924.9817395923914,416.4326634274543,-454.2454112867552,-610.9057124415973,977.3154145671118,-22.674969546942634,-175.88330812565553,-302.23246425305604,-558.6852175580212,-449.46153563571136,-514.977081199952,-356.98150409845164,371.9868542666441,595.0392824693198,-702.8437985076143,-677.2608208349054,-651.9676622475051,-535.581118868473,-207.64512323803703,-148.37916003364123,-74.87907981456013,-290.18032634152235,-492.5301189770161,-706.463402448635,917.5342954776957,-483.53363659701085,-549.8656953406855,-329.35331514085175,-511.63907074145845,27.445259641244316,385.52208518548025,-102.8965831047162,-59.41420543526176,-66.33102531011559,-118.11337037338986,-509.5728802267123,-307.20818708992647,-337.77866379912206,868.0031957008181,-193.0058035595619,-561.0585121900567,-685.6982639288527,-607.9743061165168,137.50000657889393,488.3767418104698,343.07412098035746,424.158042616472,-498.9513558442637,-321.3943499862161,180.30628844306912,393.1102034829877,452.1637465395759,473.9934431248494,-62.30195700403059,587.8237790301052,579.7232168972487,-389.1568014547139,300.9619680422585,-616.2852026624333,-135.22448800349488,-287.40960657981526,-579.7236929272943,362.8674284467059,-531.7873749823226,-396.33123293845296,-313.31764129175446,-43.12198907706534
1033.028578349269,999.1987885629624,820.7982109168221,940.5921312710276,181.043106224436,413.4688844008786,-87.2386971848491,391.0628924816617,622.7629455604879,819.2703261048815,-682.6964712540814,-319.835936875857,-910.556974898698,359.58261087960574,-468.5667484539544,-568.0461419224818,952.4074287725946,-58.96901002929052,-192.90996505552417,-310.81903417824066,-570.7251989969096,-453.5917407473284,-523.6942898068718,-364.43248226625866,330.46333337679584,662.1873910795798,-703.9527557551316,-695.1286646114004,-660.1174460550659,-557.1062593260059,-206.2989791938592,-163.64135112729022,-105.91258794167308,-309.47062893045324,-516.7474933025741,-677.6911256910079,916.5330250064492,-481.89012459553857,-568.085621773077,-340.0356402299145,-533.2078452047276,120.1734211626122,479.018939003832,-139.0438417271828,-76.05566987391575,-97.15105672523316,-149.92174069355286,-509.7190462877306,-332.5024877391974,-342.7300200104615,822.0247402427838,-207.5902283422836,-582.9882194678447,-713.22007951016,-549.2791959881747,234.65663401676892,439.1623122209076,287.8298998923939,374.31447831963936,-522.1820488474431,-247.0589605991211,276.535626311654,343.079464077484,409.7460546774313,431.7953171599066,-102.96307073725812,541.2993328921351,535.0066764461787,-400.7185201761701,243.35880905045664,-590.0365147431471,-34.84676609013199,-230.39413251094177,-516.3591471740111,300.3828456713038,-531.7047530959397,-403.3731172258357,-323.7528928381474,-69.23185359543763
1024.7779057180617,965.9758347948192,793.4368280451084,957.122515226336,124.42929026107493,364.049927031893,-79.01814888860763,332.929519154506,565.7418110245867,864.3711908801139,-689.448540970675,-347.12056110134165,-886.4530862927405,301.80146820925285,-484.7668478942844,-516.8931217515402,922.6540105965476,-92.35533154115716,-208.17832028135425,-322.5899419993672,-580.819319042424,-455.710009133625,-534.6146242196227,-373.5102918489542,289.2136979073083,722.3807951222873,-698.5499753126659,-708.5782464977143,-662.0249029086442,-576.1101569179707,-204.10483760053376,-177.39497797846897,-133.37006767038707,-324.95139750856816,-540.0891255445589,-640.885256712361,907.8602584214228,-480.39659122455913,-588.1072327763303,-352.6945840468453,-552.6866617749976,211.89540544712227,567.5712441712813,-172.6350046734187,-90.09874459814982,-125.50254177308057,-179.07967637831146,-509.1552931729078,-355.66741726797954,-350.1400950335973,773.1991857724691,-221.1441417339684,-606.7059665144261,-738.6900006583917,-482.402498135078,329.52838045793936,388.67023932464247,232.97106649605576,324.09410012925053,-545.5564661771826,-166.15564848916898,370.91900747722167,292.62359774845345,366.5159062113341,388.4869579933125,-141.40828762324003,494.11027583783846,488.8724458240218,-408.5799687441304,185.64466972998707,-555.1901664815875,69.83561553440495,-166.6201651482194,-445.3641825615773,237.78015146339044,-530.7188025686041,-408.48092945386406,-332.7410348047881,-93.14704842760756
1010.2733173221378,929.4474252487836,761.2822736649379,964.2202029923818,69.14868390708523,315.6688756011972,-69.19473023246107,277.0779598825084,506.5824550654939,900.956110428645,-691.6285200693497,-370.4712574560136,-852.2173354489144,243.59358252985265,-502.8042420201253,-457.80264173652046,888.6323702213332,-122.82656116879444,-221.8972888286608,-337.5216276996603,-589.3194572447192,-456.2848138349206,-548.0220750335172,-384.3920493175879,248.4477253571967,775.1172598824394,-685.902465938757,-716.7436373837755,-657.0014307342663,-591.7818304350641,-201.5919053342007,-189.8522424503493,-157.2066154205238,-336.7879160822462,-561.6349303350693,-596.0161168232797,892.1340755847057,-479.5595379709748,-609.654765559776,-367.41413244701727,-569.2634737784583,301.08797935787936,650.0880712334971,-203.45275557733584,-101.86053355358834,-151.36836387710528,-205.5588769318013,-508.2129810063512,-376.5621212882614,-360.0654852463076,721.9318896200965,-233.87390789687535,-631.8311874455832,-761.1053457873312,-408.0419523456194,420.8294341305452,337.2381650187397,178.81580807794228,273.82164619523144,-568.3544768750468,-79.68069239426417,462.0596846311128,242.1209162725357,322.6576284274512,344.33450930685456,-177.38584232718068,446.5076237918751,441.5369810121168,-412.93619375802814,128.17001394031095,-511.93388359877207,177.3786750909467,-96.809116775468,-367.54117866241165,175.52866292062214,-529.2654578439655,-412.0253009391629,-340.57031497713393,-115.07460765756883
990.088783544289,890.1184388157761,724.8676906626602,962.3567861673162,15.54875200740767,268.4539375020827,-58.24064398472849,223.95973367398557,445.87303634866265,929.0141778191148,-688.3727449780106,-390.03821950977766,-807.6180803375377,185.46130830313516,-522.5448662107816,-391.3426348133115,850.8952741591265,-150.42305069886677,-234.29901208961968,-355.48602771026447,-596.6153579061721,-455.79067718756295,-564.1035358816777,-397.2014482025114,208.3785194494677,820.0694292489729,-665.4052683506361,-718.8183671903436,-644.479879850257,-603.2901656300876,-199.2829187583263,-201.24135678478407,-177.43897464048942,-345.2183634518671,-580.4347360626069,-543.2507042745931,870.0234943571895,-479.8404357726614,-632.3456605357463,-384.2055513961423,-582.1015844641053,386.3073065437742,725.6417915976574,-231.3168150752251,-111.70150559321866,-174.77503281107155,-229.3787353027882,-507.21845459746095,-395.0744706230336,-372.4425215714923,668.6196679986143,-246.00394034286896,-657.8834180604607,-779.4443425706911,-327.1042134640797,507.3859195924008,285.1945403070767,125.65789995118688,223.81066598189568,-589.7773075077243,11.218913533563276,548.6583356609857,191.9112287597287,278.3458838546514,299.5884251942308,-210.67932165074603,398.74750799279474,393.24252550453366,-414.0416102280769,71.28871558399537,-460.6749205874121,286.2552688381508,-21.860081592161,-283.8736176915987,114.10856898737612,-527.7862251075637,-414.4083962935723,-347.5408723593744,-135.25352373603616
964.7896458957076,848.4475226175455,684.7130298238392,952.1008558878848,-36.02440052359832,222.5097893599515,-46.64851233667317,173.98849620431884,384.18267853058336,948.6687732850542,-678.8740874179957,-406.0490725929647,-752.6635495004992,127.90437743617464,-543.7572368612133,-318.2835854093147,809.9641153511677,-175.23085724430624,-245.63467917370883,-376.24490543051473,-603.1234283960113,-454.6973751253556,-582.9356515305664,-412.00069583804566,169.21481565745037,857.0793445832123,-636.6095351645178,-714.0824609666212,-624.0394545345251,-609.8090699056795,-197.68156429018327,-211.80194057604828,-194.14860373056612,-350.5478331961593,-595.5330637811998,-482.9594599104193,842.2276087469926,-481.6418729663929,-655.6909398804878,-403.0003129235499,-590.3629300284714,466.231059988274,793.4809665517835,-256.0919482138693,-120.01630540806104,-195.79041739977453,-250.60843947190256,-506.4854517842937,-411.1289761061034,-387.0839785283696,613.6565324074732,-257.77370764953065,-684.2858463386607,-792.6930994365534,-240.68502829256937,588.1631272583795,232.8646958938436,73.76837633820706,174.3658826087056,-608.9671911554371,105.27500792803092,629.5477631716077,142.30133526143172,233.75333557187145,254.48848066660196,-241.1139298241272,351.0929084405397,344.26107204806755,-412.20537770810927,15.35849205119282,-402.0358995381383,394.8980095478019,57.17412150207387,-195.50029457372665,54.01126254747997,-526.7183659862217,-416.05356647047176,-353.9593267603324,-153.9477191201007
934.9199987396872,804.8483187372062,641.3223767950699,934.096157345394,-85.23102790471481,177.9242269010306,-34.916465210452266,127.52984424456932,322.0595100042765,960.1555007674629,-662.4150295294468,-418.8028920874635,-687.6131726381257,71.4173589784927,-566.1097878286587,-239.58096346275372,766.325033221266,-197.37860010218049,-256.1698098260455,-399.446319564087,-609.2736265647102,-453.45977506187467,-604.4735947761716,-428.7826283306503,131.1531541666248,886.1470704418242,-599.2469339975761,-701.9287122440589,-595.4275566350385,-610.5449496832847,-197.2607073157872,-221.78017596516844,-207.4832453711807,-353.1407661896573,-605.9956335874346,-415.7156915353455,809.4570584405845,-485.29448466003663,-679.0995699822769,-423.6439244279213,-593.2336111982432,539.694408800074,853.0361118646103,-277.6952486716436,-127.22406863138843,-214.5202995790457,-269.3676306825309,-506.3073139642127,-424.6935370176393,-403.679206494956,557.4388979846773,-269.43415722305366,-710.3713766027288,-799.8744364420087,-150.04137560624588,662.286037740989,180.575813444739,23.396092495369675,125.78492003846073,-625.0305104569557,201.13298455194425,703.7210566366574,93.57097836204684,189.05684447475812,209.2682309388996,-268.5617540947234,303.8133498991189,294.89543131356027,-407.7853627688344,-39.26075516607322,-336.8423447139112,501.7435744742036,139.11717359045272,-103.6832365737348,-4.263560802631808,-526.4841627099554,-417.3939919474284,-360.13332739521263,-171.43878588513485
900.99431995728,759.6931897505231,595.1830810572501,909.0411367812997,-131.7450414066862,134.77366408951434,-23.532747093618514,84.89066371963618,260.02864021530485,963.7988802128988,-638.399697924976,-428.6619716697935,-612.9804670667572,16.485175944400567,-589.1708204269112,-156.34996945047857,720.4277442841305,-217.03339896992927,-266.1789224524233,-424.6237286949208,-615.494720057473,-452.5084845325284,-628.5423560455796,-447.463287166607,94.37049776120766,907.4144669331668,-553.2490217330973,-681.8872404451738,-558.5774227941703,-604.7655565464024,-198.4516788924346,-231.42375611086348,-217.65684608786745,-353.4120601668809,-610.9370460535287,-342.28716895408445,772.418225565007,-491.0448555278814,-701.8870335812785,-445.8911151857397,-589.9509779431899,605.7184157765188,903.9187715263364,-296.10228505606807,-133.75851941993994,-231.10402386149488,-285.82541048209055,-506.9490250240244,-435.7848231331907,-421.79779738920905,500.3695966817502,-281.24341681933464,-735.3914782367004,-800.0779153306045,-56.556504863453455,729.0525004131301,128.66038726536323,-25.232643168718955,78.35916269800553,-637.0639586143983,297.3902546303468,770.3521384429673,45.9787129873095,144.44193350184187,164.15862541101615,-292.9457952662657,257.18263068743533,245.4773234343889,-401.18092298868334,-92.210677660785,-266.10197047095124,605.2763340004576,222.70447883015848,-9.770638153302942,-60.214008085206025,-527.4794120961052,-418.8605960653289,-366.3660017988601,-188.01887311082635
863.4931292121844,713.3187607214578,546.7661340487842,877.670449190604,-175.26303081811676,93.12739871425396,-12.960560342662278,46.30861542412664,198.58994190633328,959.9892422237562,-606.3833806490758,-436.0415885523987,-529.5268194087274,-36.423165916919,-612.41149327035,-69.83354998184929,672.6866265930906,-234.39614270814903,-275.9395101001075,-451.1982287023538,-622.198288458418,-452.2414188869837,-654.8311160183565,-467.8752990977305,59.01779403109764,921.145320773433,-498.7603662752769,-653.6473371613653,-513.6204504055715,-591.8291085920457,-201.63478084380935,-240.97663247481336,-224.94774946910172,-351.81710160301384,-609.54898394781,-263.6198204990673,731.8003363579394,-499.0446154009177,-723.2881584359596,-469.4028813801101,-579.8314077297889,663.5298650404783,945.914619950135,-311.35174789373207,-140.05808129239878,-245.7095568568156,-300.1975609965064,-508.639125177217,-444.4721221226804,-440.8968221682301,442.8601716314989,-293.4616103156459,-758.5280843323601,-792.4902763550516,38.30069421672905,787.9388775739408,77.45789813951384,-71.91509154984308,32.37356046543486,-644.1830667804204,392.6367306658811,828.8081368099598,-0.232817923286296,100.10539034133276,119.39056583329838,-314.24261765986904,211.47480203007683,196.3626231580172,-392.8248002935069,-143.14013941562956,-190.97624126414965,704.0692970927148,306.62180595305546,84.84354004626152,-113.3450246259877,-530.0613518724803,-420.86952924216007,-372.9502181797009,-203.98405930240875
822.8622049414867,666.032540391754,496.5272465159787,840.7387662777273,-215.5142980731645,53.050617623551375,-3.623806133488348,11.94236946768485,138.21553401252635,949.1611260804078,-566.0980489625283,-441.3980712155761,-438.2459251222993,-86.8623286723423,-635.2122104708956,18.634920712084437,623.4835228887362,-249.6963460773256,-285.72528082132834,-478.48438086249854,-629.7619249122258,-453.0163284466244,-682.8912291069088,-489.7624613922538,25.21486277586273,927.7031322399964,-436.14441148736967,-617.0755941865891,-460.8922338988407,-571.212493772649,-207.1310794550569,-250.67353982109563,-229.6951513390154,-348.8409347402365,-601.1281631558064,-180.81392982203224,688.2654533177044,-509.3409947731458,-742.4740680522622,-493.7459065681176,-562.2977688511759,712.5720525836457,978.9715233513232,-323.54831135213965,-146.55618445722476,-258.52827779452764,-312.7419328552382,-511.56157118933066,-450.8795061607527,-460.3316123124143,385.3311027732127,-306.3446306815577,-778.9087569268185,-776.4253557585175,133.02013857482922,838.598417384328,27.314546380484167,-116.4734440437636,-11.894747536398471,-645.5522717496771,485.49542884254737,878.653557910592,-44.83265314195355,56.25600487033591,75.19627720595021,-332.48356799150577,166.95873734786113,147.9240879443362,-383.1744324222802,-191.7124999480256,-112.74520581823002,796.8205591576841,389.5455570288258,178.76141219243178,-163.179871093034,-534.5362749106962,-423.8095382763373,-380.16256489838827,-219.62846938672251
779.5147071263805,618.1198770692957,444.9081309654108,799.007011233994,-252.2711236265798,14.606160579676793,4.105716421851564,-18.13680029387844,79.34687781223262,931.7742612761076,-517.4724888595485,-445.2155121019643,-340.33913316494363,-134.4194524078465,-656.8726601756384,107.67254245773294,573.1716931263729,-263.1868246589446,-295.79868022552284,-505.7000067114624,-638.5121671481406,-455.1442623057312,-712.1382765783115,-512.7759917036575,-6.953154707749325,927.5278562877262,-365.9813863360589,-572.2293359405128,-400.9315526782144,-542.5373078579302,-215.19547602333776,-260.73426004065766,-232.29385680183287,-344.9867457370314,-585.103136707832,-95.0937081246113,642.4411917750681,-521.8691669170404,-758.5729450333884,-518.3948490996319,-536.9054439295137,752.5065844363717,1003.1836302994086,-332.86350802326183,-153.6719086345079,-269.76979475176955,-323.752052730172,-515.8476475867366,-455.18619446579896,-479.3699967662898,328.2098011699033,-320.13675387286656,-795.625230565444,-751.3524289017537,226.09666797603916,880.8530343152645,-21.41899580994886,-158.7562230241977,-54.17904136689398,-640.4155368357607,574.6612310921895,919.6467201143952,-87.59868678577209,13.113545112010405,31.80943271921217,-347.754601125455,123.89172278788672,100.54206136245428,-372.7029754569612,-237.6140878911812,-32.76707330173727,882.3837394067255,470.1827833375362,270.6224326956394,-209.27338035347813,-541.1471341976923,-428.0295412933692,-388.2569596728494,-235.23929001674392
733.83543728967,569.8505479023313,392.3375898681147,753.2309648078938,-285.3584872718795,-22.144898928750795,9.919211892850443,-43.95146791371968,22.39142299593769,908.2979322471066,-460.645819050669,-447.9914853676438,-237.1824600555744,-178.7235375058872,-676.625613657682,195.88938425219308,522.0803589023874,-275.1383618048239,-306.4027897526226,-531.9801971104474,-648.7077413282939,-458.88388917934,-741.8585534378968,-536.4729446702324,-37.43769959764442,921.1128227616128,-289.0579382782161,-519.3644644300961,-334.47186456450333,-505.5924764530383,-226.0109792499395,-271.3575839070949,-233.1874177491376,-340.7638014763235,-561.0589362611959,-7.77155433678661,594.9158899448961,-536.4467595537152,-770.6941334144487,-542.7379177349252,-503.3657231334572,783.2067053855725,1018.7726334760152,-339.53449702348394,-161.80105854964137,-279.65702801748233,-333.5490962418697,-521.5680801261199,-457.6250223887071,-497.2098472270174,271.92639472144265,-335.0620522418126,-807.7552820377432,-716.9218113904059,316.0755513182861,914.6795245757284,-68.39174999740575,-198.63948481838992,-94.22682337477,-628.1264050541839,658.9359360244647,951.7293287938325,-128.3164843157308,-29.09383865171461,-10.535958571901444,-360.1948218404152,82.51255818258213,54.59375726997221,-361.8902809757049,-280.5633175016766,47.56560087850907,959.7912912534216,547.3091091947623,359.1420952527126,-251.2262118862226,-550.061484522827,-433.82672773740137,-397.45782790422913,-251.0927142674248
686.1864185586236,521.484374043743,339.232125930846,704.1520451193395,-314.6625290106561,-57.14376049964753,13.579572323735851,-65.62199931981641,-32.28121993837831,879.1992076968542,-395.9734319394736,-450.2221312296723,-130.28655085637317,-219.4548802643816,-693.6544246151548,281.9304860578592,470.51933566344906,-285.8344677670898,-317.7527695919679,-556.3956081287646,-660.5237348233044,-464.4365483054064,-771.2202327636204,-560.3173113073462,-66.22710762927734,908.9829270180091,-206.34860376449052,-458.9369780727624,-262.4252489148097,-460.3522635955811,-239.6840683346011,-282.714949562656,-232.8597570226461,-336.67494934146794,-528.7584429490892,79.79133389097163,546.2359010086551,-552.7709546892459,-777.9549533021964,-566.0860434201452,-461.5653761199316,804.7430947853856,1026.0673544962526,-343.8606809627641,-171.30772959707554,-288.42173004407334,-342.4724537701466,-528.7255649421215,-458.4789784605809,-512.9997212660217,216.90749775278243,-351.3146691603929,-814.3876607793901,-672.9864743800459,401.5951516863598,940.1915026788802,-113.25835464742492,-236.02767896404575,-131.80468257123286,-608.1762711041604,737.2579606019249,975.0103859943824,-166.77983906645758,-70.13353036477477,-51.60782965530164,-369.9938999007189,43.03467607597902,10.4417880495519,-351.2139995220038,-320.31982332830944,126.87096668618383,1028.2700319183373,619.8028892674153,443.1462441983874,-288.6992581640189,-561.3601460080665,-441.4354933528027,-407.9528332053385,-267.4507205998296
636.9129930422326,473.2753939147875,285.99590996726147,652.4899642070886,-340.1371503700681,-90.33535864529723,14.927642461043323,-83.36750455313094,-84.34354766154215,844.9351875818928,-324.0247354165129,-452.3869586413794,-21.2513314726,-256.35404126536565,-707.1139784033563,364.5153335383944,418.7833315956465,-295.56625447103784,-330.0270788785168,-577.9749026339435,-674.0373300596134,-471.9418731602792,-799.2893056478002,-583.6842896148235,-93.34549451361362,891.6750039603776,-118.98968718889724,-391.597650695283,-185.8591813124155,-406.9885841137461,-256.24103053235626,-294.9437791395619,-231.82540418947912,-333.2037650912201,-488.15933897296094,166.226111229447,496.904649992956,-570.418596631092,-779.5094576308811,-587.685805463191,-411.5812828067095,817.3633905201684,1025.4827567514133,-346.19819761089224,-182.51638773074905,-296.3005299128068,-350.8691816720087,-537.2479989862617,-458.0758368426778,-525.8623145573289,163.5682994545251,-369.0481364912547,-814.6495701955587,-619.6184174810066,481.4247383189124,957.618498888403,-155.6864868254798,-270.85411447477804,-166.70399299515933,-580.2196193289325,808.7254157206492,989.7458319795926,-202.7930171957468,-109.77339526015444,-91.17936900763225,-377.3885395436269,5.639762991296933,-31.577393842383845,-341.1409021429826,-356.69296157907,203.82188371558388,1087.2487251279829,686.6741944373454,521.5994767232949,-321.427351968245,-575.0270091728742,-451.0175017841541,-419.88520199516927,-284.5584740800633
586.3497057601281,425.4743000131635,233.02005058166665,598.9369066661279,-361.80830726745546,-121.67061089648752,13.885974548947734,-97.5034189290486,-133.51476977312998,805.94911295171,-245.57248135894235,-454.93370283937503,88.28252950417156,-289.22984797341564,-716.1546437363531,442.4729665154769,367.1555884446296,-304.6273823080474,-343.3587514426052,-595.7309566348016,-689.2157352946397,-481.4738305315106,-825.0502273416483,-605.8681404654031,-118.85045194208126,869.7210909444008,-28.246569031677943,-318.17964809192284,-105.96696518078387,-345.8767178759706,-275.6251806498312,-308.1405959882349,-230.61848079088088,-330.80143906828863,-439.4255252958762,250.19723378994024,447.3830940412783,-588.849689340548,-774.578225944025,-606.7360937957419,-353.6891461375575,821.4669241644706,1017.4993947116412,-346.9523799207612,-195.7044672784582,-303.531507546456,-359.0826766566076,-546.9827682573658,-456.7809860669486,-534.9203308706545,112.30341199564752,-388.3640396196176,-807.7359380740625,-557.1186187275341,554.4957949681126,967.2836999010632,-195.36542416742765,-303.0810670715118,-198.74713767791775,-544.0949974146573,872.6117363214563,996.315402393736,-236.17449271383288,-147.78744706843077,-129.03318664116202,-382.6581846062061,-29.527694260782702,-71.16450801256084,-332.11843627603434,-389.54905791567865,277.1866367797568,1136.3580163295148,747.0875674514177,593.626516879348,-349.2314700210394,-590.9404312113714,-462.6531387153452,-433.3457554117955,-302.6420418439056
534.8253654363285,378.3290317284216,180.6811968715382,544.1528591978663,-379.7757180779065,-151.10925212981033,10.460077855618469,-108.4354752496354,-179.56557506903107,762.6699225595958,-161.57391773699717,-458.263557912541,196.68299443771912,-317.9659763688952,-719.9485881287097,514.7711971734121,315.9106340143938,-313.3089861516002,-357.8270313387583,-608.6901985030779,-705.9069392623953,-493.03705902201256,-847.4310159003021,-626.0939247802897,-142.82982629269756,843.6350633093584,64.5241324082676,-239.6792022277063,-24.033050018772737,-277.59377302449656,-297.6949150112889,-322.3540763028693,-229.7805844524657,-329.8735209989445,-382.9320158337178,330.4413120594432,398.0912312672421,-607.4145875433901,-762.4781657881957,-622.4082958118078,-288.3655220686522,817.5762678214084,1002.6441703570168,-346.56834233896984,-211.09548748400144,-310.3512261959937,-367.44093506137295,-557.6925071879598,-454.9886269990103,-539.3242475115334,63.47698422880061,-409.3004495535165,-792.9394781896875,-486.0195608535943,619.9256329680861,969.5817513168294,-232.0152951634581,-332.69961642344657,-227.79389063334668,-499.84058422442,928.373554393474,995.1981631132944,-266.7618484201043,-183.9619187480297,-164.9661037194997,-386.1201189179311,-62.3646044698102,-108.06734654812055,-324.56647032585585,-418.8168699160041,345.8643388769174,1175.4234200896672,800.377879643501,658.5259087450355,-372.02871630398334,-608.8666987761054,-476.33459613434064,-448.36484281660415,-321.9060501844778
482.66682940007,332.08359440039004,129.33956316503892,488.76174250403216,-394.21189308040925,-178.6230329396419,4.737251046806624,-116.65000355489587,-222.3228080567177,715.5146407501346,-73.14446548630274,-462.7170885347543,302.3744435603026,-342.5257203316337,-717.7176450964441,580.5388215363694,265.3159990850164,-321.89446050013225,-373.4496810440066,-615.9242030598908,-723.8338897790229,-506.5634754215546,-865.332354758842,-643.533263113716,-165.39785781015965,813.9029039049398,157.91579843997354,-157.2298362146766,58.60520797535463,-202.90955843850645,-322.22260884961605,-337.57826071952906,-229.8477375592332,-330.7667001811227,-319.2625422477829,405.8021683763387,349.41031598783843,-625.3650796252225,-742.6511853326465,-633.869595567925,-216.28267788505264,806.3072121280735,981.473097379794,-345.51990653207554,-228.85270113481076,-316.9920869988899,-376.24476168905176,-569.0527750095885,-453.1115771232748,-538.2812991498918,17.412613877597664,-431.8206399774022,-769.6803473789489,-407.0796172881472,677.0326249059899,964.9578845529976,-265.3964911140309,-359.72932448570896,-253.7475577704125,-447.7033652482341,975.6510089578812,986.9480710507368,-294.4174275161875,-218.10142625847973,-198.794300796338,-388.12408187142415,-92.81198560237956,-142.08908841763346,-318.8691403014412,-444.4908700627041,408.91336552972086,1204.452364721776,846.0590207802964,715.7758630040921,-389.8394880515921,-628.4560512336755,-491.9607995523269,-464.9044582341487,-342.5308867396722
430.201235097372,286.9753230221576,79.33649239931253,433.3480524656924,-405.3585711137807,-204.19905189447235,-3.116847325121193,-122.7006908905328,-261.6737415709571,664.8928475509466,18.47493339427549,-468.5611111196536,403.8815679925305,-362.9546417465672,-708.7617758054528,639.0801731517654,215.63282012199147,-330.6539794276956,-390.176271636488,-616.5824384223706,-742.592644566192,-521.9092314817985,-877.6600513427901,-657.3240738324935,-186.69094359786035,780.9766542742402,250.51448737084468,-72.0710111496195,140.59756651574762,-122.76989262088028,-348.894424879834,-353.7462143122434,-231.33659361810948,-333.75587578096327,-249.1994219833874,475.2606872516445,301.6854569164883,-641.8694337008268,-714.690524040271,-640.3087732796545,-138.29612056487426,788.338726227209,954.5565818258592,-344.2971201039141,-249.07330903332948,-323.67982140016164,-385.756276861272,-580.6520960888544,-451.56996913600585,-531.0848367005024,-25.61641287180852,-455.802681981912,-737.5340620410187,-321.2689581272318,725.3428853987581,953.8894034844454,-295.31867257866884,-384.2178605567472,-276.56047621623173,-388.14114831773,1014.2611415427184,972.1707246290596,-319.034272796215,-250.0349331180649,-230.35854003070844,-389.04646561013664,-120.85608869338265,-173.09466399984717,-315.3666988127118,-466.6321267785284,465.5716442538981,1223.6164979258674,883.8255357829528,765.0325570067168,-402.7913720685741,-649.2417623926536,-509.3343730434481,-482.850909406297,-364.66907567542887
377.75657530881006,243.2309150390072,30.99167845990021,378.4537951666471,-413.5208095276352,-227.8430027109913,-12.863684582798069,-127.19213358279562,-297.5695844312441,611.2124120867245,111.95525927988156,-475.97682703611497,499.8673482922002,-379.3808962222733,-692.4870576259804,689.8818523860859,167.11530571286838,-339.83864601936097,-407.88275376771225,-609.9248795063247,-761.654959813223,-538.8522259343549,-883.3600059593024,-666.5940371194023,-206.86325943186796,745.2718954362175,340.94101228886007,14.487577594079482,220.6208223828753,-38.2727794354041,-377.31115605917887,-370.7244705184812,-234.73013652618167,-339.03186209927446,-173.70563934533726,537.9583935351058,255.22830032687293,-656.0313374059792,-678.3634991918032,-640.9637032086869,-55.42500730803511,764.3843075176818,922.4675258636516,-343.39264622643526,-271.783294135297,-330.6309093480998,-396.1880398216476,-591.9947779852365,-450.7791641628868,-517.1430571489773,-65.39605299608306,-481.0305536861358,-696.2562709217242,-229.74708595499283,764.5887020924921,936.870289573894,-321.6488072041209,-406.24065701331614,-296.23850053281467,-321.81693114922126,1044.1853905278865,951.5022351619416,-340.54188728137194,-279.6212543903288,-259.5291788952283,-389.2840981430053,-146.52794153178897,-201.0149316331104,-314.3472860620406,-485.3667469063043,515.2681682818353,1233.2305531188963,913.5476616106538,806.1216005364756,-411.1194841229322,-670.6427564682267,-528.16082354543,-502.0084918700271,-388.44053064502185
325.6606708525996,201.06161820152235,-15.399841823060378,324.5755874591395,-419.0590966284852,-249.58214922905384,-24.199156517958453,-130.7606987997578,-330.0278406822076,554.8856611841762,205.9198169420229,-485.049493842803,589.1635242715446,-392.0131411567944,-668.432061064334,732.611928544595,120.00909374257076,-349.674207069984,-426.36759456455576,-595.3530742407942,-780.3756643973825,-557.0904855825295,-881.4546546327147,-670.4873058552886,-226.08243587005984,707.1684247516014,427.8904380517401,101.10451969570543,297.4167904765352,49.36170494491833,-406.990274221471,-388.3086228925832,-240.4631637578601,-346.6901630031562,-93.89953746452032,593.2140706340721,210.31953016014103,-666.912507791693,-633.6294622269047,-635.1495786568797,31.173960415073285,735.1659271425652,885.7723612081091,-343.2873135730711,-296.9329452071961,-338.0497055611413,-407.6930681891571,-602.506854047856,-451.1372113207543,-496.0059641953043,-101.77915515451248,-507.1874119844442,-645.8029980098728,-133.8326060128946,794.699436435565,914.3993802563562,-344.3177257942995,-425.9006514381482,-312.84416128987226,-249.5854648824509,1065.552449682171,925.5908918556288,-358.9113879282069,-306.75388338825906,-286.2107183093934,-389.2475542095538,-169.90142809437992,-225.84856151541535,-316.0385931892417,-500.8820221847391,557.6256664681523,1233.7290824880974,935.2605001389172,839.0237165264163,-415.1631430463768,-691.9701737357839,-548.0501112813363,-522.0946884983372,-413.92651671006433
274.2387202959757,160.65798215176363,-59.57082881065024,272.16187980744536,-422.3799292350954,-269.4678877981419,-36.76244896155575,-134.05336413785324,-359.1331455612579,496.3352022213621,298.9856012252062,-495.7599362458396,670.7924829479246,-401.13604253887706,-636.291447477189,767.1123196765443,74.54857238093058,-360.3543274466492,-445.3497503429048,-572.4381885399313,-798.0050140068331,-576.2418080323251,-871.0796724588871,-668.1937499570621,-244.52543492543663,667.0136375868782,510.1672071901924,186.4462636662131,369.82663733643534,138.82657819184115,-437.36939715604194,-406.220438453445,-248.9079085982459,-356.7213227035148,-11.022980842521712,640.5331139614987,167.21094855617272,-673.5585783106599,-580.6518714396287,-622.28675406724,120.23817571165633,701.3915331140224,845.0249300338132,-344.43512024260394,-324.3931538671925,-346.12507355590304,-420.355994546632,-611.5454002760252,-453.0121788538072,-467.389327804652,-134.6914361606634,-533.8516493321772,-586.3450743519163,-34.96633509489169,815.7859522369839,886.9722651641578,-363.3247724768129,-443.3281394444003,-326.4982593867463,-172.47223494722016,1078.617886803532,895.0820287246223,-374.15969414677954,-331.36498246009734,-310.3456735901995,-389.3538861436995,-191.09010653637088,-247.6616514470493,-320.5994633848047,-513.4205764058426,592.4548953784798,1225.642297048381,949.14828089233,863.8559343003184,-415.3589520617062,-712.4381953108543,-568.5207522168047,-542.7374580582135,-441.1623153754038
223.8096939838281,122.18457575019546,-101.28502157797352,221.61033142524408,-423.92531883634,-287.57780611811785,-50.14619556737172,-137.70531403267069,-385.0362478757894,435.9987149436949,389.80362339569234,-507.9782230950974,743.9800586038893,-407.1034925190659,-595.9356372040428,793.3853797619414,30.953283916374648,-372.03348592679015,-464.46872765656383,-540.9445714559721,-813.706032208051,-595.845095642879,-851.5195690521399,-658.9797893351158,-262.3747178128697,625.1279948381757,586.7144108034939,269.22587192453386,436.8201348062234,228.76660400840336,-467.811418694581,-424.1068598604269,-260.36021960581286,-369.0034024313272,73.59571911236641,679.6096810219126,126.12693451285206,-675.0276857656751,-519.8035786711832,-601.9269946297399,210.43496963897135,663.7368028528982,800.7629614261897,-347.24798993265046,-353.9525859602064,-355.0263661815781,-434.1855692836223,-618.4113534438249,-456.7296644002371,-431.1943814497903,-164.13547830136753,-560.4963021053775,-518.2756678398014,65.33069117075615,828.1198774836788,855.0767497717145,-378.74024251294856,-458.68072564479706,-337.3797466936099,-91.64548704151204,1083.7419329744746,860.6062492669748,-386.3524842222977,-353.42844593991185,-331.9176161046772,-390.0186450508826,-210.24303036912792,-266.58520996482963,-328.1115656007647,-523.2729257457512,619.741485113577,1209.572134414106,955.5248184338864,880.8497428452079,-412.23052667698914,-731.179284854051,-589.0065681752246,-563.4751842002125,-470.1287655818373
174.6818887600726,85.77504487957115,-140.34026872668653,173.26542185675967,-424.1616645483587,-304.01718675153603,-63.90767497969157,-142.31713824297057,-407.9508900452318,374.3321579614798,477.0963321592518,-521.4598625007226,808.1593059148988,-410.3297250572855,-547.4254684970379,811.5759500403004,-10.57642301900333,-384.8196209849255,-483.286963353014,-500.8474787686835,-826.5766308713403,-615.3638000104245,-822.2406882960832,-642.2196561446377,-279.8147369436436,581.8118662566241,656.6361164977611,348.2391099344773,497.5187545607463,317.81862697909827,-497.6115662672756,-441.5412430455638,-275.0267647503515,-383.2971351119483,158.58246241367647,710.3220307350173,87.26512317256979,-670.4209885929021,-451.6646920314783,-573.7768713560528,300.4000578148915,622.8315551624065,753.5067472686046,-352.0805920825041,-385.3158528765135,-364.8986486136916,-449.1086977615653,-622.365813151889,-462.560769750004,-387.5220449773552,-190.1925332979769,-586.4922892747484,-442.21008963817707,165.5023902679611,832.1091528635383,819.1914763330325,-390.705437672428,-472.1433138465463,-345.7238273015763,-8.38233746030319,1081.3667684005254,822.770939066724,-395.6057531829927,-372.9620082024619,-350.9532983477988,-391.64707686741474,-227.53987247545808,-282.81072383015527,-338.5713705245889,-530.7689342874068,639.6266380746304,1186.1695183403094,954.8113533539166,890.3276973365065,-406.3752452242925,-747.2638162553467,-608.866159068614,-583.75981874784,-500.7430265668119
127.14797387467053,51.52784367362237,-176.57150713686707,127.41641402688734,-423.56837132168926,-318.919924855957,-77.58080319177138,-148.4325031884668,-428.1484495366504,311.81098611189185,559.6905168128033,-535.8448847222696,862.9658334937341,-411.2785721426587,-491.02089974741017,821.9502572640134,-49.86428181580676,-398.766715093991,-501.29472441218047,-452.3437777637757,-835.6760691392193,-634.1918398207745,-782.9200597926656,-617.4257456741443,-297.0287314304499,537.3529902400405,719.2121174830135,422.39619008542553,551.211934251672,404.6516722249231,-526.0066515696219,-458.0271426230913,-293.0137497828076,-399.24426987722535,242.5596975776896,732.7217288342337,50.79621250576858,-658.9141637239755,-377.0127048821474,-537.7170450308939,388.77682110408153,579.2509515323466,703.7595101009022,-359.21556725015705,-418.1028418616392,-375.85713119918665,-464.9661909057618,-622.6496473652246,-470.71080375317086,-336.6806008187966,-213.02201433628488,-611.1158394197805,-358.97739830720303,264.0038291649292,828.2713672592764,779.7870845155334,-399.4303139176176,-483.9280208059713,-351.8182851498538,75.96961035332346,1071.994470645982,782.1548078962563,-402.0859022694338,-390.0284195944128,-367.5238339633452,-394.6244264592335,-243.1856590729728,-296.5840729080734,-351.88275227532984,-536.2686666316171,652.3832327481545,1156.113593387306,947.5129851313882,892.6799152972958,-398.4484938696668,-759.7238439369773,-627.3951190352527,-602.963662273514,-532.8490611290583
81.47984451939372,19.50291907371508,-209.8534747024934,84.29579181251492,-422.6265112576586,-332.44883322400545,-90.68869087094974,-156.517152930731,-445.9503350239648,248.9291306280049,636.5444195619024,-550.6601829404959,908.2257365585556,-410.4511419969626,-427.1830067478259,824.8730717309106,-86.76328490897708,-413.8675591668284,-517.9176861792489,-395.85473220736463,-840.0550698511769,-651.662259403594,-733.4685602205068,-584.2765850669103,-314.1957585528625,492.0337866631332,773.9049368122987,490.7477839863014,597.3662709261213,488.00491283146926,-552.1867534507935,-473.00490623153,-314.3176258266579,-416.369537611545,324.1884141008415,747.0176269187119,16.862887577224484,-639.7887710136985,-296.80495984955206,-493.816259586138,474.2546103701106,533.5113509315297,652.0088842626911,-368.8495471940009,-451.8494030660229,-387.9808623081535,-481.5104099816738,-618.5060413436303,-481.3089597317671,-279.1859865646064,-232.8586477743536,-633.5603105795542,-269.60372759428674,359.3462155495739,817.2063319710265,737.3291511191925,-405.1888364773865,-494.2738366975893,-355.99810006168724,160.03340768278116,1056.1665801985644,739.3050562974447,-406.008370342892,-404.7357374004369,-381.7449458031888,-399.30535715681447,-257.405399609782,-308.198067893419,-367.85062670860697,-540.1531106005858,658.3890178103759,1120.093522348153,934.1948635211936,888.3417507483144,-389.1459299165006,-767.5805492104149,-643.8409549754331,-620.3900795591435,-566.2084628258475
37.92356621123529,-10.280434794354084,-240.1030332094464,44.0782852253439,-421.8077378896486,-344.79529847392683,-102.75654493039656,-166.94004143833817,-461.7182602558269,186.19564542413627,706.768182538814,-565.3254572897828,943.9375157556196,-408.37222713526506,-356.5687950779303,820.7844810363945,-121.1608664807507,-430.0469877124931,-532.5272889084857,-332.0203311388725,-838.7886792678473,-667.0587716850362,-674.0469477853343,-542.640889101932,-331.4878566559529,446.1378020042503,820.359370719724,552.5043025989719,635.6277987213931,566.7217620245553,-575.3095088014002,-485.8612652389825,-338.81820791517964,-434.0865539076456,402.207791515785,753.5556957518237,-14.422057570491114,-612.4622592801535,-212.153925547551,-442.3390273208182,555.6043549707219,486.0704421953575,598.7289064867487,-381.0804222610254,-486.0096273308605,-401.3058222999372,-498.40499536972027,-609.2054372068959,-494.3992038872731,-215.75419138201283,-250.00733493329108,-652.9524263600543,-175.28771115408966,450.138548727087,799.569213881698,692.2820760074634,-408.3122779162293,-503.4458021838311,-358.63845633430407,242.44472081612508,1034.44599992651,694.7366579756348,-407.63487266106944,-417.2367736969077,-393.7763125186876,-406.0025840035945,-270.4388486307511,-317.9838742496374,-386.17611205920286,-542.8151708107664,658.0985998077203,1078.7932305230297,915.459208892956,877.7737149597588,-379.1843009104674,-769.8746721082186,-657.4205938771197,-635.2882560143271,-600.4923438264367
-3.3053500476232487,-37.844410334215794,-267.2809759782542,6.880575499631345,-421.5635794953957,-356.1782357253652,-113.32469340413604,-179.9573019473295,-475.8426337615905,124.12906491760434,769.6371831442124,-579.1630505198797,970.2495959485568,-405.5757671861184,-280.01868110087094,810.1775019006219,-152.98379304436662,-447.1559229172898,-544.4538948307468,-261.68506239029625,-831.0107453696974,-679.6301892273074,-605.073544162922,-492.5962008634738,-349.0672104735529,399.954656136251,858.3952538100668,607.0478823418841,665.8178546226055,639.778617263326,-594.5170808829622,-495.94200806298977,-366.2745410119503,-451.7078345570497,475.4706666135335,752.7959048808362,-42.978240870146855,-576.5153293746615,-124.29617538630524,-383.7462413360232,631.7099604201605,437.3310727373071,544.3819351083253,-395.8963761147138,-519.9599735117612,-415.8176536756201,-515.2268811606506,-594.0721130134557,-509.9326102506941,-147.2856390186247,-264.8358380792791,-668.372753024223,-77.3688350553726,535.1240453950995,776.0453517445144,645.1130797567561,-409.1807816227657,-511.7334404561611,-360.14627898007404,321.89260315137886,1007.4016996868849,648.9331891293564,-407.2693408396685,-427.7277092418528,-403.8200363538879,-414.9749200679641,-282.5355598794369,-326.3015636590344,-406.45375164860127,-544.6512280619925,652.0158403908912,1032.8792774399142,891.9240897654804,861.4444452004957,-369.2813434574969,-765.6990222568137,-667.3402845135747,-646.8718787274228,-635.2750556172572
-42.02614883165912,-63.25215086413269,-291.3932051666337,-27.2382531468706,-422.3151667547722,-366.8422695389856,-121.96149912234804,-195.69963110209187,-488.7293943325407,63.249650489285656,824.5982368182791,-591.4118695060297,987.4351588796126,-402.5897021007166,-198.53687929880323,793.5775546798062,-182.2024697235109,-464.9666118632611,-553.0026715557178,-185.87551253914344,-815.9487163391233,-688.6076014888416,-527.2226586183461,-434.44074682529686,-367.0831802752834,353.7829969607014,887.9944537794263,653.936966884036,687.9233084544913,706.3071414425972,-608.9557257992179,-502.56769281755385,-396.3237467826756,-468.45893860404766,542.973257679779,745.2873880223227,-68.76063771420422,-531.7153743757327,-34.55633919825584,-318.6882891649076,701.5942762574771,387.648029030668,489.4199846009707,-413.16726262172256,-553.0055105462573,-431.4443529850562,-531.4708062031035,-572.5114584974802,-527.7613849040379,-74.84187863889971,-277.76545241716707,-678.8800374106372,22.710022143781444,613.2098298850143,747.3276432902283,596.295542151263,-408.2135579091053,-519.4481823139886,-360.9504567564597,397.1571550078061,975.5964621700148,602.3486208976149,-405.2526643727125,-436.4458309670771,-412.1182264935221,-426.41504148694446,-293.95029988481105,-333.5300157581312,-428.1713617519412,-546.0534332717928,640.6681005553882,982.9918429519588,864.2047081308538,839.8172344410731,-360.1352574258772,-754.231964403112,-672.8176055684938,-654.3413891383759,-670.0305242059719
-78.09636226753318,-86.60587717887813,-312.4911858395197,-58.27547574033819,-424.4433985775234,-377.05505027710336,-128.2759000451214,-214.1635203134067,-500.7856871601261,4.0698246008843055,871.2690396322745,-601.2454534498777,995.86598423657,-399.9205594557218,-113.265341292829,771.524580586118,-208.8343942893957,-483.1694805830164,-557.4720137073069,-105.77065963475276,-792.9573373888348,-693.2240138264755,-441.413269660372,-368.6973773282692,-385.6690624368163,307.93114799214555,909.2833384615456,692.903804204518,702.0821235693187,765.6093778833753,-617.7976958780698,-505.05220229425487,-428.4829794203711,-483.496582836141,603.877952208744,731.6431175929869,-91.76269586214966,-478.0347866788267,55.69238543452877,-247.99064661789745,764.4387694905805,337.3369097485676,434.2850656993315,-432.6389221747947,-584.3885237010354,-448.0493314066308,-546.5565296294143,-544.036835912001,-547.6348346186397,0.3846461544804693,-289.25986119347,-683.5388248714582,123.44424090464636,683.4888406627189,714.0971395909135,546.3110303543942,-405.8580821275645,-526.9195554922634,-361.49093296217177,467.1423685589036,939.57769389999,555.409522242847,-401.9563269382271,-443.6662945652332,-418.9496534519658,-440.43738286369535,-304.93879188978497,-340.0563832733435,-450.7130511261546,-547.4027742005462,624.583518522699,929.7386417248156,832.8977419787803,813.340350609582,-352.40421923500566,-734.7706045066702,-673.1051791459579,-656.9092181390412,-704.1319376711273
-111.4145753448126,-108.04378925788578,-330.6716148444592,-86.28269240293041,-428.27952154305945,-387.1036013977003,-131.92927541377398,-235.2066197814575,-512.4048129692554,-52.9167965680007,909.4315612160158,-607.7940762708042,995.9868681139076,-398.03812815174985,-25.45228403076083,744.558312972629,-232.9465258184248,-501.3720526556116,-557.1741832266214,-22.666168805892,-761.5497636899324,-692.7360288818659,-348.7879797169023,-296.1088113279903,-404.9384698518558,262.71534305621856,922.512092789586,723.8455597246164,708.5653250326405,817.1654263743224,-620.2650186492513,-502.72377467500655,-462.1545262093408,-495.9303983229747,657.5283918810244,712.5152369758573,-112.0193457888081,-415.6630558767764,145.06935657088343,-172.63237092585848,819.5964198966681,286.6841715938684,379.4082502855927,-453.9310092417885,-613.2996949211041,-465.4253183564901,-559.8389355787934,-508.2947875401056,-569.1975484410289,77.10655439150331,-299.81240119383614,-681.449588449122,223.3114245923674,745.2534195404684,677.0072392047126,495.6495288607486,-402.57863115375113,-534.4899715451679,-362.2068682709653,530.9027894537229,899.8711443330097,508.5171936011503,-397.7750183581229,-449.697770576318,-424.62539386109313,-457.0666720371973,-315.7536768700565,-346.2653294982144,-473.36589521450406,-549.0628362262519,604.2722089785249,873.6914385469533,798.5690820982052,782.4411143688135,-346.6863701609828,-706.7622726688155,-667.5155514638402,-653.8271923337405,-736.8554249695042
-141.92237372930504,-127.73591788180735,-346.0752770071373,-111.36301713714742,-434.09609463738656,-397.2895876009544,-132.6462938841985,-258.5473826622378,-523.9508931015764,-107.24726353763906,939.0203657397988,-610.1705580826554,988.2919714949736,-397.3605807784217,63.58332192027429,713.20694573557,-254.6563706547076,-519.1003778525752,-551.4576998391257,62.06563961527677,-721.4246203111792,-686.447024850763,-250.68280567789645,-217.62384558012877,-424.98125375556594,218.45566035998232,928.0322941690332,746.8100584340185,707.7564910438961,860.6338266532374,-615.6544885360687,-494.9479679121504,-496.6340172058959,-504.84783338907545,703.4565433322699,688.5720735586414,-129.6096270290346,-345.01177977296703,232.2273432487557,-93.71834826596694,866.5977301895183,235.95742294927064,325.20732351865485,-476.5388243373742,-638.8920031070086,-483.2896304458353,-570.6211591654543,-465.087286144122,-591.990070058095,153.98164726025323,-309.9319983414461,-671.780431641715,320.8156670184554,798.0005770246999,636.6716533127714,444.8075745809836,-398.8444392398737,-542.5080253804462,-363.5241063741139,587.6630383583987,856.9772297825562,462.0493557749829,-393.1182929035578,-454.87681759664576,-429.483364456403,-476.2276907912764,-326.64052009854,-352.5282418895346,-495.3306344319055,-551.3740910565073,580.2119503765721,815.3847357379921,761.7450884464992,747.5234823370755,-343.50069740288706,-669.832824831053,-655.4465445576063,-644.4151057703575,-767.3882158077333
-169.60546586093375,-145.87913702442907,-358.8850944843151,-133.6675361794029,-442.0983323610547,-407.9233987167989,-130.22436211966513,-283.7690137588908,-535.7436801420329,-158.5014639639088,960.107024860545,-607.4992155504699,973.3041639468228,-398.2404159924841,152.4896963017923,677.9791946980511,-274.1316196049997,-535.8033787565311,-539.7308507719463,147.01824013643352,-672.4876311323983,-673.7311663914031,-148.58892048246574,-134.37469916659302,-445.8589318283145,175.46996829970513,926.2740871008264,761.9773960497424,700.129863170189,895.8451777626078,-603.3630218401375,-481.1518443381894,-531.1216616233149,-509.34155523760376,741.3818940116001,660.4776892031776,-144.6586561737767,-266.71197327265025,315.89124422914284,-12.446541112772511,905.150090734268,185.41509098624104,272.0830317113211,-499.83951832404335,-660.2974004586861,-501.28134985070943,-578.1707766514859,-414.38973871304296,-615.4523383495065,229.6553471960372,-320.12807095415565,-653.7992822041505,414.5301255881339,841.4294208508289,593.6561221339705,394.2842024911891,-395.11769255549245,-551.3203132385484,-365.84220244627727,636.8296877017314,811.3695482365322,416.3611382874804,-388.4013424811752,-459.56084875353,-433.88164786596144,-497.73689369214793,-337.83366813261586,-359.19261419524,-515.7366042034884,-554.6484997662694,552.8386066958502,755.3161500165363,722.9072907602982,708.9687028941726,-343.26921998687413,-623.8102841875492,-636.4062164057549,-628.089297523725,-794.8415818384478
-194.4940049349464,-162.69156097360442,-369.32340440126086,-153.391103624189,-452.4158666875126,-419.3169629691969,-124.54127087632445,-310.32764109515495,-548.043914090257,-206.31397844203755,972.881885292686,-598.9471204974949,951.5580959925344,-400.9515965225904,239.92090107097877,639.3595365634072,-291.5881976119548,-550.860445464254,-521.4855238150948,230.793762936861,-614.8666046404385,-654.0574710011011,-44.107967614886334,-47.646205854080605,-467.5996390028225,134.06635247842317,917.7241461195358,769.6387905585214,686.2281050177816,922.7898465616952,-582.9123698575027,-460.8485045779673,-564.7364036458234,-508.53856826479847,771.2033312711327,628.8746277933894,-157.33867694357005,-181.60338244409576,394.8929610121137,69.92821331170092,935.1310378458824,135.3146900685465,220.41407111644187,-523.1028778505566,-676.6462044006622,-518.9609450581901,-581.738972827874,-356.3635579978479,-638.9301572460215,302.8034493762296,-330.89473848733684,-626.9053781514126,503.13604528725,875.4316520649095,548.4737045884272,344.57480350195607,-391.84152967211793,-561.2618662289245,-369.52130355076,677.9954454283347,763.4950969735371,371.7852301861458,-384.0349633026664,-464.1196185912258,-438.1905444785462,-521.296521872202,-349.5517752395465,-366.5717689012319,-533.6609026612332,-559.1642110728618,522.5412277362822,693.9479920119014,682.490277781765,667.1384739115359,-346.300897630089,-568.7424320279072,-610.0364114904138,-604.3899727639604,-818.2686408641717
-216.66215793509923,-178.40654842704447,-377.6485230221883,-170.76755439551346,-465.095041202406,-431.77523942000965,-115.56064043591005,-337.5645385730975,-561.0395919783105,-250.3849951894023,977.6344622376314,-583.7565853918337,923.5873886907668,-405.6782545632735,324.57448283992414,597.806244461066,-307.2866170855352,-563.592490762993,-496.3204180112545,312.0443055977955,-548.918799287497,-627.0130478892756,61.09702103451511,41.16191221094601,-490.19267522849975,94.5345927104028,902.9054020442708,770.1740771841364,666.6406384521803,941.6008716978172,-553.9720739553912,-433.66096710815,-596.532878600256,-501.6301528249904,792.9846266418804,594.3703006677652,-167.8689581369353,-90.71588367923084,468.2009819078978,152.13211035182684,956.5761888061388,85.91906540475033,170.55108008470037,-545.5067207674136,-687.0889997868393,-535.8128172256223,-580.5824286117157,-291.3623109904018,-661.6849173521878,372.17314725064176,-342.6947086597267,-590.658765512644,585.4566318484891,900.0763429057746,501.5833369719352,296.1631714939006,-389.4281852222316,-572.6453842346477,-374.86919502799697,710.9360256660354,713.7756699691431,328.63116042369074,-380.4148190782856,-468.92525033433554,-442.78334297799023,-546.4918085530935,-361.9928667725845,-374.9350617723771,-548.1515727198291,-565.160167774066,489.66150124331057,631.7096021528827,640.8823667953781,622.3799351620513,-352.7776931837766,-504.90714524136496,-576.1337631215337,-573.0059613304277,-836.6868690823161
-236.2269777975697,-193.26652715572604,-384.1506689458437,-186.06441832589448,-480.09194276464245,-445.5863957043975,-103.33480527139322,-364.7221492929398,-574.8335000972794,-290.4896954245688,974.7336519076632,-561.2775788758879,889.9160004902461,-412.5053229271407,405.2265039723098,553.7517244721149,-321.52656810801915,-573.2765247448508,-463.9625729546254,389.5099145565983,-475.2299900649282,-592.3245355090374,165.35280488811372,130.5780066635194,-513.5827862904633,57.137298811775686,882.3592560139651,764.0291861739981,641.9833596040612,952.53334009719,-516.3794915836883,-399.34429444584094,-625.5210365447281,-487.9016353850892,806.9347378300723,557.5272179426282,-176.51434310998113,4.756546965445855,534.9435802027892,232.91018318784603,969.6628238458536,37.50016493909364,122.80998996491,-566.1567397114143,-690.8206733360261,-551.2511629850846,-573.9874710052591,-219.9307307073738,-682.9067245639708,436.62040183814696,-355.9432388795567,-544.8064882240823,660.4845068838738,915.5903980194554,453.3912604902244,249.51215758165227,-388.2474118111468,-585.7495366610866,-382.1288452083019,735.6004580631494,662.6099196159491,287.18375604748377,-377.9101417531634,-474.3409350977036,-448.0258820561572,-572.7917904988191,-375.3288803735647,-384.4986755480616,-558.2543330139443,-572.8304957992029,454.49700274574985,569.0000685453741,598.4285263404003,575.0317737746461,-362.7432303220695,-432.8145619789266,-534.6669469545943,-533.7956294242738,-849.1049206473195
-253.34663291786927,-207.51684007599908,-389.1473205482893,-199.5772158600556,-497.2664729657519,-461.0107544884049,-88.00485209507688,-390.963586301288,-589.4323625237797,-326.4855940409614,964.6088044430974,-530.9986162156081,851.0535431014653,-421.4114280462829,480.7625618462729,507.6045937435937,-334.6397397397178,-579.1636258668569,-424.286100747233,462.05173556700265,-394.60491647938335,-549.8767027923651,267.02680575460863,219.104678189249,-537.664377100855,22.101303273253816,856.6307442686984,751.6947949823835,612.8803905368947,955.9415952766263,-470.1557324865147,-357.80482219044706,-650.6882663222201,-466.7609317709862,813.3843447070318,518.8570364993853,-183.5823054420012,103.48839696625132,594.4249244858721,311.0622569812204,974.6902151788272,-9.659907433533188,77.4651581066116,-584.1104386395484,-687.1060062400421,-564.6294098064653,-561.2958133609128,-142.7962239048808,-701.7309913522174,495.1419643695962,-370.99257763772033,-489.3041626538279,727.4018656741999,922.3361653378496,404.254848501516,205.05344637554447,-388.6153394764068,-600.8066690250445,-391.46679333893,752.0958819116121,610.3756174007673,247.70088178500183,-376.8520585863131,-480.7085494707264,-454.26506937258415,-599.5541212686994,-389.6997101937098,-395.4170806975001,-563.0421512339918,-582.3186319662383,417.3075152558487,506.1910375305616,555.4349458596299,525.4307111426615,-376.0944902720012,-353.20052573615936,-485.7890019987038,-486.8027519028281,-854.5531049709844
-268.2180381135492,-221.39979402142387,-392.978072803512,-211.62340834727183,-516.3778447004296,-478.2686890891305,-69.79763474861282,-415.395215379175,-604.7379852743711,-358.31741943254985,947.7324938533424,-492.5745870289512,807.4940844851728,-432.264351727855,550.203659876077,459.7529233351819,-346.98094633439405,-580.4999856575192,-377.3270181957049,528.6791766245075,-308.04919976782446,-499.727165937576,364.5753194833619,305.2659352580532,-562.2759190048678,-10.390140507894618,826.2568654717757,733.6871295827132,579.948363804518,952.2556311515262,-415.5164262724555,-309.115364147698,-671.0237847234044,-437.7647624778364,812.7601438344507,478.8181669379829,-189.4184270908748,204.0604282989745,646.1338077332819,385.4754705047736,972.057873713974,-55.27059510965369,34.742748713532244,-598.4046174979783,-675.3060434893237,-575.253310263722,-541.9310085415245,-60.8529045416762,-717.2584154712478,546.9007120620894,-388.1172920594682,-424.3317023085171,785.59287126521,920.787618333927,354.4883171510293,163.17701720805627,-390.7839746562578,-617.9903141885142,-402.9627359415557,760.6680743855115,557.4317344026211,210.41059729742668,-377.52178754878014,-488.3355425630429,-461.8166212977853,-626.03413790687,-405.2068604278385,-407.7752305832988,-561.6467272341972,-593.711238622348,378.3235780003332,443.6294088938937,512.17461140243,473.91767618032446,-392.5769790138003,-267.01119203917824,-429.8436451970831,-432.26631801676456,-852.1166245862487
-281.0739150708266,-235.1490610066853,-395.9990359185881,-222.53606711738516,-537.0819425103467,-497.5277615244828,-49.01972767023489,-437.0918485808855,-620.5408099795187,-386.0192353423736,924.6055895964648,-445.8499913232885,759.717802783707,-444.81933409777446,612.7260997488112,410.5680909378229,-358.91772370909393,-576.5505009930672,-323.29316725343665,588.570297909126,-216.74325435140133,-442.1162242827511,456.5869226568437,387.6530475540965,-587.19487102974,-40.20388373155078,791.7580573711065,710.5316215859061,543.7835733871107,941.9579410898432,-352.87639959028365,-253.5253520786032,-685.5449473515314,-400.6414272042269,805.5584364130991,437.8164788242495,-194.400282658364,305.0011209295945,689.7450902141483,455.15204156094086,962.2428925527988,-99.0371819568486,-5.185160950556518,-608.0856802809162,-654.9042587300951,-582.3975902578649,-515.4245629191938,24.86139254729537,-728.5781137718219,591.2433844043886,-407.5008842660236,-350.30210260751846,834.6482263302303,911.506400000341,304.3697725236492,124.22085684779644,-394.9315890009386,-637.402951461818,-416.6006780163006,761.6790689728479,504.1200711356967,175.507886728548,-380.1389987272202,-497.4815288969032,-470.95237868585065,-651.3982731079509,-421.9068830833716,-421.5815760166739,-553.2907535846148,-607.0320474444188,337.75637368819594,381.63977341449095,468.89325872131167,420.84305196695726,-411.7837650113871,-175.37915627456078,-367.36471744981816,-370.6234816227423,-840.9704370635598
-292.1792894353974,-248.98453475448983,-398.5767847092643,-232.6573187295074,-558.9310018242329,-518.8895172958427,-26.04843626279014,-455.1239936601102,-636.5163201890598,-409.7136405558546,895.7449987185704,-390.8761645901553,708.1947384848442,-458.7204500308169,667.6748925551726,360.40874184587847,-370.818651145217,-566.6241973243261,-262.56837875565566,641.0850139460616,-122.0091576325196,-377.4709475935978,541.8192612011807,464.9668985278862,-612.133487394042,-67.2617597887144,753.6326220175648,682.7498312012435,504.95216288899,925.561945607189,-282.8475733472799,-191.4650241386676,-693.3249943231901,-355.309052176947,792.3194620537975,396.2084840895884,-198.92978119071057,404.8298861903967,725.1142951667402,519.2312775984426,945.7775132518912,-140.6673254146103,-42.2052976208647,-612.241876817663,-625.5313645639036,-585.3258492683502,-481.4405329790316,113.19424040182176,-734.7935021525832,627.7102734840303,-429.2240951092618,-267.8624191252113,874.3622396011541,895.118828228864,254.14903107949127,88.46145850563714,-401.1542878527161,-659.0644844669251,-432.2620266489975,755.5832335195347,450.7662801131103,143.1511296302535,-384.8506955762058,-508.345084375548,-481.887631429604,-674.7417390791254,-439.8048291064064,-436.7620308756719,-537.3196578375596,-622.2358640420895,295.8080749218045,320.52649545628714,425.81513313796,366.57050390018907,-433.1587328520163,-79.59194554701112,-299.06821451461104,-302.50517210992626,-820.4143869667608
-301.82740601549483,-263.1076835075627,-401.0818277403809,-242.33162098834708,-581.3760421739224,-542.3764680066548,-1.320144553164092,-468.58651149436497,-652.2247566278851,-429.6080211549135,861.6742257608752,-327.9212857088127,653.3898310751282,-473.50524271337065,714.5705188149395,309.6244311915566,-383.0407354598117,-550.1006028720537,-195.71027337942368,685.771046430068,-25.27184985165389,-306.402857615912,619.2278364985115,536.0548782377631,-636.735927589628,-91.5435551450568,712.3537563251468,650.8497498251013,463.9833658805636,903.5929297171294,-206.22969192867745,-123.5430011684618,-693.5215770225842,-301.8882991982695,773.6037678707308,354.30627732874314,-203.4240810477923,502.10004336732567,752.2660834485348,577.0051983918055,923.227931949402,-179.87933172013365,-76.26634780462405,-610.0364429406585,-586.9875037852569,-583.3132210203233,-439.79736102406656,202.9126263624153,-735.0503232940112,656.0368893595339,-453.25529070284216,-177.88637585792267,904.723028457215,872.2947381505056,204.055650184978,56.10558514506055,-409.4590671807768,-682.9019198876422,-449.7210098880391,742.9031080860696,397.6802276639837,113.45850023056296,-391.7210225161169,-521.0512773171133,-494.76894093353695,-695.1102434702308,-458.8479846183501,-453.15508817460255,-513.2314138788853,-639.2030430950791,252.68183424597055,260.57536876646543,383.1480827288145,311.4790442895893,-456.0043168486895,18.94582401179736,-225.8367639187836,-228.72424246024596,-789.9070773744378
-310.3350137976399,-277.69736957860204,-403.8815274131481,-251.898925899232,-603.7724366611369,-567.9198897646262,24.683564503541238,-476.6279340344655,-667.114587290208,-445.98796358305407,822.9167001388291,-257.4722723517174,595.7684210195629,-488.61273653316687,753.1091870410819,258.5586054075012,-395.9162542022019,-526.4560662604028,-123.44139562405007,722.3628906934173,71.98362543566738,-229.6988341501256,687.9858925738455,599.9407175813207,-660.5771170143524,-113.0879329796611,668.3687517462123,615.3193314146009,421.3656692274753,876.5721956558348,-123.99385404019792,-50.5368826080524,-685.4052394487984,-240.70866188637712,749.9716760562128,312.3834761202215,-208.30525046367347,595.439532955872,771.3775615097036,627.9275139311819,895.1752073921392,-216.41157356211303,-107.38027024744262,-600.74047984362,-539.26051863392,-575.671127604683,-390.4857102055439,292.740253794252,-728.566029814296,676.1480589567428,-479.4433237218471,-81.45841341705183,925.8967657595708,843.7287983634276,154.3066270022116,27.28370103033109,-419.7586615385537,-708.7407266711482,-468.6427956532512,724.206168373207,345.15572256213574,86.50450408278309,-400.722447820838,-535.6404765129513,-509.6629804851211,-711.5253347662193,-478.92019762765045,-470.50836154041104,-480.70295266944623,-657.734803625863,208.59070615927757,202.05478538824715,341.0876341279516,255.96314490262785,-479.49386980911856,118.75492847661889,-148.69688004573808,-150.25642630796492,-749.0968354035876
-318.03694321913764,-292.9060367875123,-407.3323785816425,-261.6877919021371,-625.3889188993487,-595.3491278147203,51.45144480779326,-478.47959721735407,-680.5301353885021,-459.2080527010541,779.9916517255645,-180.228064913968,535.8014489216498,-503.3948734337711,783.1570330110545,207.5506659165169,-409.7394916305405,-495.2889198089727,-46.6337268229556,750.7743454895249,168.25689518443224,-148.30522559187253,747.4950168226796,655.8461189757165,-683.1638182919523,-131.99128532878433,622.0998833344156,576.6228942470204,377.54564291204673,845.0048886358305,-37.25920808138815,26.623151809438752,-668.3868700330233,-172.3076812398701,721.9666410613133,270.681432882868,-213.9888940860539,683.5874640923822,782.7575470092271,671.6160602995074,862.1989425254259,-250.03239839806085,-135.6216105570433,-583.7643143794071,-482.53904945118376,-561.7733012608555,-333.68113686140214,381.3963371238437,-714.659542446781,688.1452985845384,-507.5132527464119,20.1505874100905,938.2070853359954,810.1246961470208,105.11327058615288,2.0453888788442063,-431.8684570746519,-736.2983426739177,-488.5846585428228,700.0835009524214,293.46969241021657,62.31688206425795,-411.72879515034623,-552.0589662496927,-526.5469183807,-723.0128140061785,-499.8371244295018,-488.47689600485626,-439.6117218291316,-677.5497899099267,163.76491812181808,145.21636327347775,299.8198313810074,200.43086108601128,-502.6886878553157,218.32666538124417,-68.78982014565592,-68.21477901039248,-697.8480913864466
-325.27987798299586,-308.8561115562975,-411.7715567655632,-272.00851942731293,-645.4202233735475,-624.3831173552799,78.45910241280956,-473.4836580513625,-691.723680480454,-469.68036772606655,733.4121767862451,-97.08426152284464,473.9696884881326,-517.131320679989,804.7389562419283,156.93693647943033,-424.7538128736276,-456.3423366608993,33.712999670896686,771.085397776058,262.07699424108046,-63.30553175935282,797.3865621331277,703.2035494050218,-703.9383558665794,-148.40459902050077,573.9465092005153,535.1998980744014,332.9290720905205,809.3716920134398,52.73642312012522,106.877346442999,-642.0430179573782,-97.42268959179664,690.1029862526948,229.4150748206395,-220.8720026982579,765.4248665599969,786.8230272983859,707.8491176637899,824.8641977328301,-280.5498716104176,-161.12480287837576,-558.6860147441312,-417.2193696952703,-541.0821075098669,-269.7505924775811,467.6339849981086,-692.7802342788631,692.2886038927626,-537.0652817373718,125.51521834761726,942.1109047652296,772.1823502485753,56.6868236229607,-19.64302573030981,-445.5057003208759,-765.1802753596193,-509.0004953414557,671.1311696665555,242.88091596037896,40.874123396537534,-424.5105968155686,-570.1518666701854,-545.3008501607181,-728.6334882124413,-521.3427361506745,-506.6236412794084,-390.0510541444158,-698.282292236118,118.45704799980749,90.29498469200904,259.5227430165748,145.30006735618602,-524.559556766807,316.16847534410795,12.662678623137188,16.181344463440738,-636.261554726358
-332.41522178656345,-325.6364348245054,-417.50768647908194,-283.1464002904089,-663.0034279272522,-654.6248055936868,105.1857489629181,-461.1190044086946,-699.8722043646587,-477.861046055905,683.6850308963046,-9.10956518198306,410.7664985198512,-529.0474854183218,818.0229982614527,107.05042599019028,-441.1395118504749,-409.52371567983465,116.498381120479,783.5244468260153,352.04504538826905,24.107580325644445,837.5144525947494,741.6600871841739,-722.2853793789972,-162.52851998928386,524.2879350881826,491.4655376266867,287.8839398980397,770.1243251103126,144.67084511639808,189.0651699002865,-606.13790031783,-16.97502837502024,654.8581951858575,188.7778590801946,-229.32030906816692,839.9984186423844,784.0740937564851,736.5563026479294,783.711871008398,-307.82073645754656,-184.07958099261896,-525.2757131189635,-343.9051184919843,-513.174086813497,-199.25197885507995,550.276289262311,-662.5348597746209,688.9740097632921,-567.5772416711145,233.09395556703956,938.1720019553836,730.588090138313,9.242502880661348,-37.89852202089869,-460.2911839568934,-794.8792142070273,-529.2489242513286,637.9348309950433,193.6284284044623,22.103824894979716,-438.73321348092543,-589.6588081031648,-565.7027468171998,-727.5153755361387,-543.1074227718976,-524.4225002250919,-332.338215499505,-719.4825223786769,72.94480871705515,37.508210168914594,220.3666518808301,90.99301545250351,-544.0125146262251,410.8478818099313,94.3961304004278,101.64140425948683,-564.6867461483515
-339.7909827362016,-343.2985495881031,-424.81085687341,-295.3551878057792,-677.237918380019,-685.5590952877893,131.13043384067635,-441.0240391239191,-704.098753172114,-484.2353123804367,631.3116178234088,82.48499647068748,346.69875375897993,-538.3354471871972,823.3013219449521,58.21934326707064,-459.0028433065408,-354.9194642217732,200.5526801336489,788.4469906453916,436.87301653797545,112.66480900790911,867.940327047862,771.072712103431,-737.5419494391284,-174.60688546779835,473.4866503815449,445.8125934764886,242.74474367513477,727.684526884345,237.175258585482,271.95870136001747,-560.6409265723222,67.95293775205457,616.6696216659445,148.9454910829268,-239.65544806304788,906.5364079277178,775.0686159122157,757.8049325259141,739.252562848771,-331.7580440885052,-204.72474251590847,-483.5144245669149,-263.39943075756463,-477.76354988341205,-122.92628589476172,628.2483889594496,-623.7110707897838,678.708377729593,-598.4108742237755,341.27252795421924,927.033689426303,686.0075523565678,-36.99826505631923,-52.91908384873268,-475.7535418621665,-824.7775323576673,-548.6051197460652,601.0579288635327,145.9297172739555,5.882110197231088,-453.9581092756437,-610.2127411741928,-587.4263260653094,-718.8863063896666,-564.7280152872662,-541.264348538859,-267.01431040968964,-740.6192928238742,27.53128212618809,-12.944944508739596,182.51303278720368,37.92950546926567,-559.9183458762011,501.03270305129786,175.14260943440877,186.841286335126,-483.7257426289606
-347.7426465134532,-361.8527157191105,-433.9020183348091,-308.8509030457589,-687.2087253327337,-716.5548326294729,155.82702584925886,-413.0153326561465,-703.498144429789,-489.3013758824725,576.7896187784406,176.38266016067146,282.2857923418653,-544.1773893067509,820.9689447473152,10.764382552982392,-478.366615933024,-292.8041490004407,284.6709828900279,786.3119770991801,515.4169509656604,201.05589567396692,888.9122877949899,791.4958646215391,-749.0110838599983,-184.9190593242119,421.8915974859199,398.61403037517664,197.8175855712028,682.4459908668603,328.873793338053,354.29906986831105,-505.7386415305132,156.1472917890739,575.9351961742356,110.07822597021604,-252.14222649593415,964.4566997526356,760.3978353881656,771.7828950508831,691.9637445070625,-352.3370036078276,-223.3406026271753,-433.6061655084061,-176.68936529323926,-434.7230266912744,-41.68221381016345,700.6040515848874,-576.2961613522081,662.082873064044,-628.8220932836703,448.4103758126297,909.391867880106,639.0808995906826,-81.807520866134,-64.97912516577928,-491.33624095302457,-854.1535006669951,-566.2764332043624,561.03357432362,99.97882673490292,-7.96571751656249,-469.6475921238943,-631.3421821255408,-610.0421745808558,-702.105711726478,-585.7300184640693,-556.4663649823572,-194.8356144338055,-761.0853811771735,-17.45741958466009,-60.88584542768504,146.11249483214635,-13.480991908422885,-571.1451395446201,585.5257507419659,253.66966142312947,270.46169989658773,-394.2273997109462
-356.58308087585084,-381.2636055463445,-444.9420155528658,-323.806086797663,-692.0127940016886,-746.8712391753627,178.85729112466203,-377.10119511019326,-697.1664836767638,-493.5535929551262,520.6147264311846,271.2015337265421,218.05637649528933,-545.7709782963389,811.5014050597102,-35.00514113569296,-499.16268799963007,-223.64316045484824,367.64856026153865,777.6570390425312,586.7034109838171,287.9668599552978,900.8387433504478,803.1624492929268,-755.9787206768,-193.77144843029163,369.841188536104,350.2259128715267,153.38546542693217,634.7785519614218,418.4229871256531,434.83421045032463,-441.8401378911798,246.2974116247766,533.0174669144418,72.32173724698605,-266.97631335960216,1013.3669842550828,740.6639195844252,778.7791238205575,642.2898780560869,-369.5987178668129,-240.24053030233108,-375.9823770782007,-84.92296450276147,-384.09939299706815,43.42639678149952,766.5456886337288,-520.4897758951072,639.7465104517139,-657.97529571591,552.8881262048777,885.9696152227569,590.4198717326354,-124.952354502945,-74.42279302042449,-506.4073152796577,-882.1914651763263,-581.4217244801362,518.3600014246462,55.94449098426381,-19.663167618727567,-485.17323113399664,-652.4770960654163,-633.022353450005,-676.6942684308177,-605.5723080171858,-569.2849131861778,-116.75635314583012,-780.2057782231233,-61.67695619349308,-106.15862266716266,111.30192041169516,-62.847903336863226,-576.5930663741179,663.2925965316603,328.8169137735621,351.22565771894256,-297.2718123262368
-366.5916028093381,-401.4457406104802,-458.02063275630985,-340.3445845089204,-690.7875444177903,-775.669042801938,199.8615294614725,-333.48932381602657,-684.233688362543,-497.4652875168807,463.28200654687777,365.5371834276111,154.5437869047471,-542.3560099309753,795.4324994960671,-78.79617007714499,-521.2266726285094,-148.08829216339433,448.3157297477762,763.0737882644113,649.9482775328462,372.1171296344978,904.2589573891952,806.4597103616701,-757.7338488988194,-201.48859510178616,317.665830663848,300.9902992066522,109.71322404294646,585.0338301938281,504.5493777633533,512.3561367210036,-369.5752101524533,337.0347330713102,488.25014203582185,35.806679493466355,-284.27267218293593,1053.0580026221585,716.4603302983047,779.1627788743126,590.6450032739658,-383.6516004084656,-255.7619780067417,-311.2979529243333,10.620284630998803,-326.1245910466678,131.22956007975975,825.4371678711929,-456.7095115687786,612.3809940258833,-684.9616694538257,653.153933531333,857.4942890070795,540.6061318358464,-166.19827424454675,-81.65535828777699,-520.2718423447379,-907.9961442299424,-593.1741753130789,473.4992968524281,13.96842244127196,-29.47913593866401,-499.82804908278086,-672.9585106139133,-655.7486114191123,-642.3600027571432,-623.6544960758623,-578.9320773497034,-33.903424074858705,-797.2489250105948,-104.77179145667772,-148.63297630257318,78.20107358192833,-109.8084489450494,-575.2303644934179,733.4814329171396,399.5286864270393,427.9334452695077,-194.14532334830855
-378.0024374613077,-422.2588488460584,-473.1461299938224,-358.5369168660885,-682.7408703106951,-802.0263977218398,218.5463779724234,-282.5878436780843,-663.8979615252598,-501.47162234146487,405.2864937500178,458.005072071373,92.27925494911182,-533.2415142309646,773.3331256288194,-120.337604938219,-544.2951268422873,-66.96597262768053,525.5705542886072,743.1842426467454,704.5674793196347,452.2949310276084,899.8119414825582,801.9015651764229,-753.5913432770548,-208.4042321694559,265.68976549025865,251.23786018375816,67.05164120577201,533.5515171132329,586.0834868756243,585.735993362868,-289.78480821880834,426.9736930319072,441.946207650425,0.647187073249374,-304.0550807481597,1083.490785550934,688.3556449236845,773.3621756867285,537.4172141781806,-394.6704071591362,-270.2573960237601,-240.41855130825428,108.5644100304769,-261.22003043835315,220.4753689000832,876.8092625477568,-385.588642216866,580.6778736855155,-708.8213048652776,747.7665863754892,824.6779008391862,490.1903746654273,-205.31414611292524,-87.13294207033836,-532.1871033917544,-930.6110783196189,-600.6671691843882,426.8789366528503,-25.836115909946017,-37.72305988412956,-512.8424586193955,-692.0518303127033,-677.5242149576344,-599.0194543011522,-639.3271048785188,-584.5957795585983,52.45597669740445,-811.4409436380462,-146.38410100556135,-188.2072358333184,46.90897684761329,-154.03651007096684,-566.129380358919,795.4345443791841,464.8812092438852,499.493677212498,-86.30694499251771
-390.99289594399,-443.5034372946481,-490.2358248535737,-378.3962497650343,-667.1815243662722,-824.9594985082178,234.68955860149853,-224.99928207591424,-635.4609263725381,-505.9529241990938,347.12272148251776,547.2807852274996,31.7839879337188,-517.8323954781391,745.7921105525412,-159.38658919293857,-568.0054639181063,18.74170974546391,598.4078693695169,718.6193132987041,750.179656879688,527.3894271603095,888.2052639193071,790.099047931956,-742.9168273963529,-214.85265481270048,214.2320717869661,201.29003906908045,25.640284697985265,480.66554361584247,661.9886980466842,653.9553175201784,-203.503693889487,514.752954264227,394.4066850752449,-33.06136371467651,-326.2471192944386,1104.7791607467886,656.8812302616516,761.8444070940717,482.9743981448119,-402.8929536600743,-284.0853673204108,-164.3993185085645,207.47580679322903,-189.99400320787709,309.86787337777014,920.3580470593456,-307.96557433906787,545.3188038339732,-728.5687555757413,835.4334585868036,788.2012733756014,439.6917200412293,-242.07840390316352,-91.35084741924469,-541.3802900486319,-949.041110238142,-603.0626092743137,378.8955364582933,-63.38532762333358,-44.73871712025326,-523.4037641486234,-708.9636917634122,-697.5892833983277,-546.8125906097266,-651.9046067285606,-585.4632031262088,140.9524437296164,-821.9827592357976,-186.1640917057438,-224.81146402883985,17.50036625398062,-195.25112111973675,-548.501399641813,848.6914027646047,524.1034201983707,564.9492965243334,24.65242515957129
-405.6716887763554,-464.9169730001772,-509.10831601285247,-399.8749435739257,-643.5486649189648,-843.4475893716359,248.14152231145263,-161.50731423249567,-598.3619395421987,-511.2188809231355,289.28297813395034,632.1361919430307,-26.43992514852806,-495.6545880072521,713.3997143567813,-195.73509315699653,-591.8987878437297,107.92260322995634,665.9433878867296,690.0000950258035,786.6011745624116,596.418293481046,870.1852031593108,771.730488075515,-725.1526891249218,-221.160709712086,163.60672329553566,151.46061944786803,-14.291170906273438,426.7094819257461,731.383858008179,716.1321808501914,-111.9355944854542,599.074983390473,345.9291511187862,-65.2449467748463,-350.66504794273834,1117.1689061894192,622.5229268497006,745.0964762259736,427.6706009443391,-408.6147113105385,-297.60221288867103,-84.45563255059666,305.9041979859279,-113.23176871856955,398.106757577225,955.936969542994,-224.86508768816552,506.95944004226425,-743.2215221274301,915.0416791836664,748.7022299573728,389.5970088499589,-276.2861668113989,-94.83077890598634,-547.0685148032798,-962.278585757039,-599.5808216153124,329.9201380154672,-98.62537896431957,-50.89678953137072,-530.6788864307505,-722.8620652546286,-715.1393933759739,-486.11034670973294,-660.6812849159479,-580.747023172841,230.15644766750123,-828.0698971887101,-223.7811746389576,-258.4103754249147,-9.97747280067894,-233.22425092430495,-521.7289302088184,892.9838709911272,576.5907209686766,623.4976761508966,137.0561802580387
-422.06786596551416,-486.1711305662428,-529.4779510443327,-422.8616418035761,-611.4392170415445,-856.4618528867147,258.82411458226613,-93.05647602791578,-552.2099642567055,-517.4940466174218,232.25416626044927,711.4700060146567,-81.91941302344219,-466.3776492146515,676.7342835696367,-229.21647792288343,-615.4257978193849,199.36568323582335,727.4319684251735,657.9224977174555,813.8342561444312,658.549689941758,846.50946776655,747.5129152676064,-699.8441934299801,-227.6406310208352,114.12163769922884,102.05660519183289,-52.52329281405959,372.0206923633716,793.5588315218613,771.5411860667946,-16.421565187772767,678.7421592548012,296.8152610143318,-95.85342933007009,-377.0130233589807,1121.014953744579,585.7166721504315,723.6086141465636,371.8524065245039,-412.1815707769753,-311.1542110952921,-1.9269535995867697,402.42378343961246,-31.878345256276774,483.9268036090508,983.5436704953802,-137.4718826023754,466.2172581372876,-751.8307541657789,985.681301927625,706.7678129302166,340.3597399362636,-307.7568617294223,-98.10724309481816,-548.4807541461246,-969.3327520367887,-589.5309756927371,280.30431749631936,-131.5322984540827,-56.58636642711718,-533.8397860137118,-732.8991747937937,-729.3470915759278,-417.5139463785662,-664.9497445908975,-569.7137132186938,318.6224611997424,-828.9146176973368,-258.9353686662996,-289.005842059134,-35.50721511369448,-267.78755813488766,-485.3940760201275,928.2244102097694,621.9114771363794,674.5043172021507,249.19145105867628
-440.12092759584766,-506.8705910879641,-550.9521106863616,-447.1788616905743,-570.631649688422,-862.9974403747717,266.7265415864413,-20.72545044373456,-496.8113269714502,-524.9051085363134,176.5132206573762,784.3316111768968,-134.220785358344,-429.83370436537206,636.3523068122807,-259.711695635868,-637.9558482622684,291.79642118530853,782.2795174277089,622.9455410511362,832.0493191326083,713.1179060492175,817.9234516591938,718.1759495306648,-666.664492642042,-234.5838696335653,66.07669981966929,53.37834735294014,-88.84888946868001,316.94290649509014,847.9826836512402,819.6266404399108,81.59731366800929,752.6878171238492,247.37666499256528,-124.86267989447684,-404.8811098867279,1116.757994528913,546.8477883364707,697.8602982746662,315.86477235425804,-413.9811198805037,-325.0704636998583,81.76469862962053,495.6726521805944,52.98553691778511,566.1351337166751,1003.3028486939096,-47.09741727938735,423.6633405917696,-753.5132935603048,1046.6597463150547,662.9302987248209,292.3985111041489,-336.341931927802,-101.71343427652344,-544.881210028376,-969.261603714404,-572.3407727014684,230.3864090846941,-162.11125793698673,-62.20560404140094,-532.0908719826823,-738.2366782323421,-739.3858307531393,-341.8455331983121,-664.0217564115324,-551.7129676600074,404.9330582329493,-823.7699148720599,-291.3682867709021,-316.63878723522674,-59.10312812087106,-298.837832437643,-439.3016766262899,954.4885135815684,659.8064458544661,717.5099785650744,359.3595395855361
-459.6726757032241,-526.5538636485389,-573.0318165635251,-472.5810791655195,-521.1048042056115,-862.1076883368972,271.8990438143112,54.30504568312412,-432.1917229159389,-533.4703810870366,122.5211195900903,849.9374599464082,-182.9601920567215,-386.0317162112028,592.7819061661125,-287.1547752121861,-658.7891764660116,383.9146319724531,830.0483985504515,585.5834210854814,841.5628034423742,759.6323011420778,785.1407106407348,684.4391282968156,-625.4372389372858,-242.25597532247485,19.76079450058276,5.718882431304121,-123.0764933091966,261.8271196061186,894.3046076621108,860.0086094798177,180.6214018901489,820.000964051389,197.9388766915654,-152.2759124711367,-433.7465123148432,1104.9017126958342,506.2534933129752,668.3093192166375,260.0558292468745,-414.4328072810051,-339.65634319453085,165.15976258143627,584.3886581194441,140.17344476879504,643.6443815555078,1015.4465899174515,44.85856662634551,379.8179561888092,-747.4840208686662,1097.5073151001038,617.6665906048868,246.09493988003905,-361.9322210024045,-106.1669214194077,-535.5934332865927,-961.2051998649378,-547.5840246089907,180.497185814482,-190.39527875802065,-68.15179126269165,-524.6974970241411,-738.0724249176203,-744.4557219627076,-260.130077868449,-657.2509529931984,-526.2070695550142,487.74094286379545,-811.9547575061683,-320.8730824352213,-341.3903199577819,-80.8116782264248,-326.3408692065067,-383.4959905375836,971.9928178756352,690.1816742899883,752.2313983603548,465.9250413947536
-480.4613765997279,-544.6965527731448,-595.1160714790461,-498.7533592699725,-463.0505348602999,-852.9393611245494,274.4447768474279,130.78836429639338,-358.61098968285023,-543.0919935141116,70.7156087770629,907.6798234067032,-227.8137892081633,-335.16618163149866,546.5195946043845,-311.5372546429132,-677.1722269812021,474.43294744530607,870.4566120350853,546.3012538194348,842.8119222063489,797.7795142557918,748.8280506271246,646.9932827630674,-576.1554747405519,-250.8925095965228,-24.55205716561939,-40.637521990688846,-155.03502224574785,207.0308264445982,932.3481241723148,892.4819469121989,279.1363248613599,879.9438040546944,148.84281923510477,-178.12403147789314,-462.97839323005167,1085.9916900545436,464.22806525476585,635.3840687872923,204.78023075674764,-413.9773578610146,-355.18738439436703,246.80751954523177,667.4401955627236,228.4279516086405,715.5002487386813,1020.2935707373804,136.9500999608179,335.1495687143216,-733.0873307284032,1137.9741184921295,571.400431039822,201.79112961989716,-384.4646456981079,-111.95546118658854,-520.0244300051869,-944.4192651654034,-515.0046948833083,130.96442159231466,-216.44347074613555,-74.81109301198246,-511.0144754803253,-731.667992275693,-743.8103754107541,-173.56900394947112,-644.0567244668711,-492.7988593390794,565.8070199876962,-792.8797889903963,-347.3028097492043,-363.3820292758235,-100.71105138863652,-350.33357003471457,-318.2698775579417,981.0704627046564,713.095720059343,778.5560595243787,567.3614824760244
-502.1187721796197,-560.717419634337,-616.5102141472157,-525.3106659951237,-396.8791387233477,-834.7675814084837,274.51045344148264,207.4503091740754,-276.5694348864215,-553.5512233715158,21.50285292491745,957.1281271238772,-268.5272090700658,-277.6195549262191,498.0299519471864,-332.91125236873995,-692.3159090364039,562.1140441380301,903.371352044378,505.51421620907314,836.3278035116773,827.4192559855759,709.5953288244651,606.4862428140937,-518.9955304225944,-260.6958976065422,-66.60730339933893,-85.41758427762456,-184.57920439823053,152.915760241987,962.0994133513829,917.0087760086748,375.6571664338849,931.9616555459186,100.44393508633296,-202.46485860938176,-491.8465405636018,1060.5967968716172,421.0300015327401,599.4790483623821,150.4007189478249,-413.0657787232584,-371.90344582125095,325.31160413006216,743.8506418388274,316.4584713282572,780.9023166238387,1018.228440003478,227.728676515173,290.07675656658625,-709.8264611731744,1168.0192050488909,524.5067857326334,159.786813134317,-403.9278085948544,-119.52326409179896,-497.68788276942325,-918.3077130299944,-474.5360097918356,82.11586679397527,-240.3389627286481,-82.54825130474488,-490.51343580266735,-718.3760986980633,-736.783985034832,-83.50645391260954,-623.9484844280416,-451.2568462367218,638.0328885065545,-766.0725489609839,-370.57677086859593,-382.7754248165828,-118.90962201692624,-370.9241171530151,-244.16568663643912,982.1452751871324,728.7422845300027,796.5316957648452,662.2915433316145
-524.1704196076516,-573.9874859250721,-636.4384182647067,-551.7980816821712,-323.21685433544155,-807.0289729938355,272.2763169795592,283.02791459771805,-186.80487451801724,-564.5073949341024,-24.751668878515066,998.0235244331384,-304.9239289961093,-213.95795459174505,447.7477270332404,-351.39091758743325,-703.4165208902689,645.8048531675487,928.7978232748276,463.58964818349926,822.708446866691,848.5742997446426,667.9898050591127,563.5128507071383,-454.3248083312797,-271.8330731246959,-106.17499602997316,-128.36192301228337,-211.59527895317544,99.84437954660426,983.6908824687092,933.7052327518826,468.7709807273191,975.6852914234112,53.1088973105547,-225.38124645154684,-519.5340266234316,1029.2936333376065,376.890461564813,560.9534333744479,97.28766311739416,-412.1482539936365,-390.0029668494028,399.3724454550784,812.8156362620268,402.9804322884065,839.2174594002937,1009.6824848179537,315.7865466943477,244.9724142424581,-677.3893529872429,1187.7930798196844,477.3177076575222,120.33635461757198,-420.3662496990791,-129.25803282671342,-468.22556993071487,-882.4526058362488,-426.313387099946,34.28029948629861,-262.18671353409235,-91.69651874040488,-462.8077483703729,-697.6669047301127,-722.8177050194676,8.610432564085817,-596.5493167443194,-401.5359770012931,703.4864959564659,-731.2011492450233,-390.6845732962584,-399.7705619696299,-135.5434881992856,-388.2901375006081,-161.96737929434437,975.7062627837464,737.4295078384138,806.3514201460749,749.5202896840175
-546.0397523805425,-583.842309528469,-654.0602956249004,-577.6922580902707,-242.895085304425,-769.3514638414166,267.9459976097568,356.30670310802776,-90.2799955902171,-575.5007092091032,-67.73260988618796,1030.267702569159,-336.9121444435427,-144.92001504904485,396.0817688411184,-367.1520582315728,-709.6789626110913,724.4661829448546,946.864381676914,420.8515578601972,802.5927982267716,861.4155446358435,624.494655512396,518.6090174327795,-382.70258270567774,-284.4337311010265,-143.0551927095976,-169.2285670429911,-236.0064641965588,48.17539081259699,997.381206673576,942.823545205481,557.1756641183442,1010.926148527409,7.210102513304395,-246.9781970122635,-545.1538548679663,992.6543299299904,332.02226963705374,520.1323851306831,45.81643048032799,-411.663178453911,-409.63718264377593,467.8246519363465,873.712809692228,486.75391016765656,889.985694492831,995.1164337395452,399.7976328648773,200.1695415721589,-635.6697318530562,1197.615061836372,430.128988793668,83.64582703560004,-433.8830954774837,-141.47907120464697,-431.42605708932246,-836.6400161660451,-370.6801684846931,-12.21353797668376,-282.11139657049205,-102.54807993636211,-427.67376712048326,-669.152157090826,-701.4842812943469,101.27547055084656,-561.6178880473828,-343.792658491154,761.4201124133059,-688.095252096118,-407.68777975667047,-414.6039157558917,-150.77325387984996,-402.6748504592898,-72.68380727427245,962.2837161526712,739.5572429708319,808.3354819036587,828.0602478527462
-567.0561446907683,-589.597421214427,-668.491381821662,-602.4044898187951,-156.93143858560452,-721.5791992173632,261.7367551865709,426.15462102173126,11.839824353928044,-585.9592996084762,-107.18405142614832,1053.90716541443,-364.489776782615,-71.39908110103374,343.4201291816338,-380.42981273351353,-710.3417345223105,797.1964793619225,957.8051528195332,377.586891848125,776.6370672276946,866.2432125572402,579.5310826987165,472.24937474584885,-304.8732887903864,-298.5889755368722,-177.08333481680884,-207.79692346914183,-257.7777148582141,-1.7413974491692692,1003.5331191946082,944.7306964469273,639.7134590488305,1037.6652075886384,-36.88174404314484,-267.3791922366841,-567.7694304035167,951.2377698188023,286.6287791598159,477.3106825638232,-3.6374344593079777,-412.02652847420825,-430.9042219814855,529.6677018231971,926.1040335157732,566.6198610509335,932.9187682454202,975.005969817026,478.5542558175674,155.96790529920338,-584.7821968279582,1197.9470886021077,383.2069468287932,49.87040789343957,-444.6409341957267,-156.42672897554124,-387.23976326972513,-780.8802892403224,-308.1854751501336,-57.04014463724104,-300.2555250861158,-115.3451852123367,-385.06719911868953,-632.6061103435359,-672.5098505691659,192.96956978566936,-519.0674430974909,-278.3928305266832,811.2802330276197,-636.763176650556,-421.7191867369766,-427.545560859921,-164.78027346422337,-414.3812753197905,22.476497871858214,942.4279828276084,735.5936059752289,802.9107185733633,897.1476216195867
-586.4671292727298,-590.5667514916361,-678.8270974906372,-625.285831071791,-66.50313002237756,-663.7911106567283,253.87054402947732,491.55109971341847,118.21755802714036,-595.2107116377446,-142.9181096068888,1069.1143743545767,-387.7472902129514,5.58070747777387,290.13566561962125,-391.5143067945976,-704.7030802683441,863.2488200175275,961.9412827900168,334.0528948140612,745.4941859637358,863.4653584977676,533.4633266528645,424.8479668945208,-221.75219084942933,-314.35013583919823,-208.13529669578736,-243.872030090548,-276.9193675293827,-49.57061171146051,1002.5901870302982,939.8849943737616,715.3977088689361,1056.036616598317,-78.8065300221242,-286.7219989974196,-586.4185199675413,905.5840761119308,240.911963592881,432.75816027756713,-50.705114459749645,-413.6217163846978,-453.8430914431154,584.0887546738477,969.7306860049872,641.5322324861721,967.892175707457,949.8302502541956,550.9981341508301,112.64087512754551,-525.0702670867972,1189.3656173708343,336.7947700701556,19.11234836615684,-452.8608223868586,-174.25340543549214,-335.78956860909176,-715.4213420193515,-239.57391504373243,-99.88246586978572,-316.7779279893839,-130.27218195287287,-335.1335749341242,-587.9821876614055,-635.7918173275361,282.2068688289344,-468.9807096710243,-205.9121966965896,852.709471942748,-577.4040112939218,-432.979896591358,-438.8956784560776,-177.76257952185557,-423.7646506034312,122.13820274876718,916.6916997099236,726.0519993865482,790.5887740626304,956.249418088151
-603.4547702395887,-586.0836973951245,-684.1695939532553,-645.6346608168695,27.0862351303128,-596.3118838486472,244.5662500243517,551.6100495838009,227.3832006646476,-602.4978794872964,-174.82231376800038,1076.1671535118728,-406.8680541153324,84.89355051881988,236.5915016693841,-400.744318097319,-692.1474840719102,922.0406668067716,959.6619053409336,290.48488557931483,709.7970561449882,853.5749119400384,486.6058046256138,376.7613867203397,-134.40377619453136,-331.7275255112068,-236.13180952576684,-277.2888873341995,-293.48938016619945,-94.99699930871562,995.0537107033912,928.811857010056,783.4319108004076,1066.3073096994449,-118.22462004566736,-305.1542294420023,-600.1401927017941,856.2120208678581,195.0791959592538,386.7263890844002,-95.0332649659142,-416.7900242104176,-478.42763397149264,630.4769108261457,1004.5028059464654,710.5844767167146,994.9316291603,920.0634809172748,616.2444698647445,70.44178791829577,-457.1065848883839,1172.5332106959793,291.1179495421895,-8.58023660385689,-458.8194006472618,-195.01629035833267,-277.3762331407895,-640.7538747679879,-165.76732783202078,-140.43878785488477,-331.8526019118232,-147.44858751286495,-278.21203094357213,-535.4244224049971,-591.4117787426123,367.57867210224,-411.619636522899,-127.12812375229,885.5409342630215,-510.41374077056594,-441.7344397894591,-448.9803532351744,-189.93069035705275,-431.22327884332594,224.79845000094025,885.6159900696996,711.4696416170351,771.9441036299316,1005.0617088683998
-617.1560288470756,-575.5242855275727,-683.6567162964534,-662.7070376081666,122.44509183471024,-519.714365529031,234.03335731030623,605.5960279041603,337.77834280933126,-606.9995109036441,-202.8652597540905,1075.4276876345796,-422.1260647664544,165.3451354307368,183.1457648046096,-408.4990560549323,-672.1715838190754,973.1563525220096,951.4057824200858,247.10381751711552,670.1459657731109,837.1264324727559,439.2315812371919,328.29377756949725,-44.013681806438505,-350.68893902300914,-261.0419899485083,-307.9166427727442,-307.59399218960993,-137.73106301665996,981.4607493601968,912.0800306821328,843.2205805666562,1068.853960678374,-154.82716785684116,-322.8289200618709,-608.004060715917,803.618868016999,149.3482995373096,339.456020642948,-136.29422817079015,-421.82166924320745,-504.56063608369385,668.42877096003,1030.4832920435003,773.029336605654,1014.1952077249592,886.1693849358746,673.5983401552746,29.60927598071004,-381.6847920117437,1148.1712400152574,246.38845362638563,-33.21354214950129,-462.84416071943446,-218.67198247035915,-212.4780426681908,-557.6077148713294,-87.83922648380154,-178.43086466961188,-345.6678651217097,-166.92330658471406,-214.8319209650329,-475.2728629364758,-539.6425982631987,447.7931576709287,-347.4290726198039,-43.00318581544083,909.7859181305242,-436.3846084639257,-448.304254197515,-458.1465639383503,-201.50344455430783,-437.18805313319353,328.8708831688196,849.7208511781148,692.3884259116088,747.5926896155581,1043.499678030032
-626.6867817977661,-558.3316915168647,-676.4921569589062,-675.7300772731343,218.13581723241504,-434.8128330966324,222.46720534283384,652.9332898580091,447.8044981696966,-607.8545948044198,-227.10011776595908,1067.3222794855233,-433.88092846991066,245.70833244832448,130.1551140779957,-415.1882434019715,-644.4084361316039,1016.342713730354,937.64441016456,204.1230650080516,627.100291027058,814.7136635883174,391.58139673761264,279.7031733016904,48.14462062436726,-371.1577318304729,-282.88574879142567,-335.66239490198524,-319.38674981836454,-177.5144856090796,962.3641090436714,890.2793071208694,894.3719085781119,1064.1386137311142,-188.34628739878275,-339.9003449429549,-609.1409753220119,748.2820636021846,103.95058864106424,291.1842332896851,-174.19723288678966,-428.94752361831263,-532.0683451076799,697.7456432230019,1047.8684930992713,828.2911995019789,1025.9525385331208,848.5982392099261,722.5630511331899,-9.628894906741,-299.8029779222496,1117.0349122945718,202.80743705092863,-54.84705757096583,-465.30695653769567,-245.07309880640105,-141.74429389271904,-466.9389492337741,-6.98304386398166,-213.61270974523555,-358.4256392624378,-188.6700573274729,-145.70213182650824,-408.0623288703037,-480.9489334754701,521.7091252186378,-277.033760902238,45.339178360629184,925.6160830633688,-356.0972234171606,-453.05984087890914,-466.756228819496,-212.70394215427052,-442.11094534125374,432.7324845423792,809.499688041224,669.3386999202676,718.172255491846,1071.6804782795568
-631.1689588733159,-534.041194040779,-661.9757362747173,-683.9184415994862,312.718155049028,-342.6469990083019,210.04590122056788,693.2078911604885,555.8727592890522,-604.1905233196368,-247.66567172566724,1052.3228124348918,-442.570102289509,324.7597947638749,77.97668278947373,-421.2407553574576,-608.6489902599654,1051.498667399973,918.8671938330028,161.75397977437976,581.1743457394059,786.9488183714528,343.8725522595116,231.20871007685463,140.74681725199167,-393.01040713091874,-301.73491761518017,-360.474396029125,-329.06594583292724,-214.12521895324036,938.314952976601,864.0006101396693,936.692620495666,1052.6842670360663,-218.56453300325165,-356.5202108236754,-602.7741884584129,690.6621380058883,59.13176387168734,242.15175296478145,-208.50001519812943,-438.3314993633995,-560.6957445852481,718.4231747675178,1056.9666089551424,875.9707844052881,1030.5623852917172,807.7860307703177,762.8405461643761,-47.0537998981552,-212.639021394702,1079.8915402120667,160.5664123502538,-73.591297058575,-466.6158894663541,-273.96697260639763,-65.98248140291754,-369.90800756377655,75.52431940766665,-245.77942300343835,-370.3406028962973,-212.58403651129493,-71.69336424122177,-334.5141764582786,-415.9807980607835,588.362468212063,-201.22835218255216,136.64594702261633,933.3414104978884,-270.50527939011585,-456.4118984925111,-475.1791607374883,-223.7555995981208,-446.4527419214052,534.7711417716527,765.4176943447455,642.8263217710148,684.3246019843252,1089.9002122447507
-629.7600631372558,-502.3044923420541,-639.5326403825022,-686.4938528292265,404.7921267999374,-244.45710714284488,196.9288592626309,726.1634229320813,660.4522418174586,-595.1540859737507,-264.78467160326977,1030.9306082748458,-448.6984860117614,401.3157528954577,26.968193797057896,-427.0921270301563,-564.8596145310144,1078.6598337412374,895.5690945473832,120.2098825769936,532.8370109296305,754.444344041267,296.3070578938169,182.99829799389408,232.4566347371441,-416.0737377472104,-317.713006797068,-382.344468032245,-336.87060791165624,-247.3821328546549,909.8485059312994,833.8190980079967,970.1758275401188,1035.051558605771,-245.32318975773052,-372.83430799866153,-588.2498671749375,631.206187883764,15.15067401230818,192.60897339104724,-239.02024648014836,-450.0636237522412,-590.1030178929059,730.634522704437,1058.175286727827,915.8424030269786,1028.449963027669,764.1552060866849,794.324372046131,-82.45531645960905,-121.51858889986316,1037.5026572080274,119.84694001245347,-89.60432303731592,-467.2057242899861,-304.99652731695704,13.8606468220944,-267.84939752605504,158.36185934592015,-274.7754249444397,-381.6389098221139,-238.47982870308425,6.185968788293887,-255.521054310918,-345.560069026557,646.984540354761,-120.96052448420969,229.57135598092057,933.3853767041516,-180.71316111685888,-458.80169954011376,-483.78482111727567,-234.87826212093188,-450.6703050234845,633.431842847709,717.9135558945436,613.3231285978511,646.6805114183668,1098.6065617124866
-621.6841323901543,-462.91221592776105,-608.740379219163,-682.7073550725047,493.0384389901215,-141.6509694641588,183.2568524167574,751.6912960933171,760.1148556486522,-579.9443639324913,-278.75938399471795,1003.6631050952896,-452.8255568711599,474.2653427065613,-22.51384928199789,-433.1712800384547,-513.1945839788991,1097.9795139780022,868.2409474345662,79.70828607530862,482.51458155787066,717.797703827083,249.07857887306287,135.2363806120187,321.96473600838874,-440.1215731835757,-330.9935902194308,-401.3094966299093,-343.0752323660649,-277.1491269900903,877.4731357799965,800.2806890781982,994.9829462104484,1011.8175288590694,-268.52895291023793,-388.9796250411175,-565.0657596420097,570.3513578166444,-27.72390247616392,142.82075981152656,-265.64614238817325,-464.1538678529984,-619.8636976020146,734.7084146530858,1051.9596626874156,947.8444740745382,1020.085170703058,718.116449952131,817.0860644595538,-115.63409316161544,-27.87698586898489,990.610247435603,80.81900713977946,-103.0872152393226,-467.5270104041378,-337.70340218111147,96.7236522630193,-162.23431570308225,240.20479600918355,-300.5015290774309,-392.5561520147273,-266.0905541348507,86.81920761183753,-172.12499069504213,-270.6602190086173,697.012095704933,-37.30769337473196,322.7175651574358,926.2587657696636,-87.94714210697852,-460.69092005782784,-492.9328327728381,-246.284273948504,-455.2036202159816,727.2595030988181,667.4037697434869,581.2607617608991,605.8474883533537,1098.368695974285
-606.2630101113335,-415.813415457116,-569.3522064817605,-671.8638358490099,576.2545635292964,-35.76425591157852,169.15338106585492,769.816733732955,853.5742050308228,-557.8463411531453,-289.9643273022669,971.0435275641088,-455.5503315127959,542.5999703609909,-70.1178416700596,-439.886844818427,-454.00258244776273,1109.707431460717,837.3624549013362,40.47127330712826,430.5961173059545,677.5794985213446,202.37785245709364,88.07143822112282,408.0257969121464,-464.8716071022622,-341.7973866649641,-417.4519329619857,-347.98349930163005,-303.3386098121908,841.6629091312727,763.8921814314772,1011.4209761587392,983.5572214075552,-288.15867271646425,-405.0818835547246,-532.8967608043657,508.527834264344,-69.21818125398433,93.06959106650092,-288.3456482648861,-480.52684930980575,-649.465037521192,731.1035809599351,1038.8318886369318,972.0643345381968,1005.9627504870408,670.0709358578484,831.3560982504372,-146.40539500654077,66.78354874824895,939.9270411779,43.63835709970038,-114.27871525354983,-468.0340951824085,-371.5333856740472,181.4597105130509,-54.62781282575018,319.7638975386393,-322.92039385241867,-403.3342722191453,-295.06826025618915,169.01494554423152,-85.48952656529445,-192.37993268269307,738.0889670881244,48.55181061341973,414.6771720774949,912.533484784146,6.478707420619696,-462.55107837131095,-502.9623075742769,-258.1743887042259,-460.4628754419042,814.936635425203,614.2887470822633,547.0276361537734,562.4004368599617,1089.846100268598
-582.9466361464389,-361.1308516518724,-521.315778154772,-653.348104463345,653.3849416496846,71.5842468789649,154.72709732819803,780.6817651453446,939.7168452851585,-528.2638718052011,-298.83627746705264,933.593497955542,-457.4945203697814,605.4374803620814,-115.50243351402982,-447.6134655060159,-387.8264916188693,1114.1676411457713,803.3976820800915,2.724076069248327,377.4404868240084,634.3250392357295,156.39638109752798,41.6429145975087,489.4920941825255,-489.9824948142365,-350.3881659581414,-430.8992963398655,-351.92122131229866,-325.91424992556847,802.8535400633741,725.1149180718876,1019.9165503930564,950.8286480847804,-304.2619490330219,-421.25341021463805,-491.6161228865613,446.1609821101365,-109.0596336561591,43.65677764231831,-307.17365073143355,-499.0175986107589,-678.3111418846761,720.3810763245104,1019.3329220481723,988.7186532208818,986.5851593061776,620.412535942742,837.5007432622331,-174.6045547027282,160.93919264031578,886.1305433556206,8.443097445281076,-123.44930535158794,-469.1722275793756,-405.8441855120986,266.86943906794016,53.35746865818785,395.8219633112383,-342.060036755429,-414.21718995912727,-324.9855957024343,251.5430031427796,3.1330347079355376,-111.9116255683568,770.0600712928843,135.37187137148783,504.07547847411473,892.8176177939287,101.20042395255244,-464.85268598109536,-514.1801543682705,-270.7334091639812,-466.8158044548112,895.3143748952933,558.9598077600847,510.9687199013423,516.8752258848446,1073.7578824847835
-551.340961414052,-299.1709975379978,-464.7859245939587,-626.6516070393363,723.5441164622838,178.7403884675902,140.07497074103458,784.5265431307542,1017.6246696686044,-490.7505167287507,-305.8617301294516,891.8283493182356,-459.28430243651474,662.0402325710816,-158.34325011009062,-456.6784701112758,-315.3960258902864,1111.7369189720962,766.7927352530141,-33.30799597233168,323.3842555604358,588.5292889646672,111.32833005628125,-3.912724548387093,565.34219129384,-515.0517998463453,-357.06764251581706,-441.8227295194116,-355.22877356298727,-344.8929166804164,761.4414866664007,684.3617619740262,1020.9882190473364,914.1614051105084,-316.96146846520634,-437.5912317240613,-441.311112656579,383.6723794672399,-146.9841620110765,-5.098409778018058,-322.27674749748246,-519.3686429664604,-705.7293325249343,703.1759594386291,994.017083684766,998.1308952125964,962.4486912085608,569.5295626561888,835.9962671680439,-200.0936394330484,253.09041088795183,829.8602384163333,-24.650054757245133,-130.89496519224613,-471.3639650486542,-439.9155294660608,351.7357529458933,160.1087738700069,467.26588587192737,-358.0152446301165,-425.44498896916025,-355.338859088522,333.1711926313696,92.43788239088812,-30.50619237589824,792.9586693428636,221.8745189743276,589.6104482901568,867.7327804563671,194.84411945665045,-468.054170555812,-526.8486449812962,-284.1254722477423,-474.5755224725538,967.4357505196706,501.8061818436653,473.3877032895572,469.76497001259406,1050.8539518535094
-511.2320555925475,-230.42783844458327,-400.1305799371973,-591.3986545621352,786.0320141221781,284.06322563309783,125.2858489271689,781.6702341302031,1086.5878149814466,-445.0367056636805,-311.5621053627478,846.2547559127229,-461.5311917361674,711.8265818766,-198.3405777461768,-467.34927175018447,-237.61311771914245,1102.8247765383337,727.9751977180081,-67.4040348843887,268.74958819762145,540.644923557817,67.37066895400102,-48.45705516158991,634.703634537345,-539.6153007992324,-362.1695291167126,-450.434700665095,-358.2532327689817,-360.34575030009273,717.785803890837,641.9970015178127,1015.218401876502,874.0490018114134,-326.4510769734841,-454.1752510893608,-382.2920476200686,321.4796251095686,-182.74374367491788,-52.86175593314866,-333.89521091113073,-541.2287109478021,-730.9801283143541,680.1696793500738,963.4396246205192,1000.7073122679348,934.033134570339,517.805728118717,827.401936637162,-222.7688503575688,341.80615199641005,771.717264383002,-55.549533263478,-136.93080746639515,-474.9951214629174,-472.9615519604247,434.85908185465854,264.05968905167083,533.1130659842408,-370.9468541152316,-437.2466149391106,-385.5525784633922,412.70117763171953,181.10585401896284,50.56445520610945,806.9880575467334,306.7869813515387,670.0884755933188,837.8946234323843,286.0661252992164,-472.5906019052111,-541.1726222439205,-298.4889363663049,-483.9890794750964,1030.5505420915051,443.22120841030784,434.5510794849288,421.51875589613854,1021.8892322240822
-462.6050274423259,-155.5797915419891,-327.9291561816219,-547.3708702828325,840.3410477793415,385.9721919795711,110.44405899801254,772.4925745528063,1146.1081035539316,-391.0517153090027,-316.4770788867879,797.3701923264686,-464.8124921209252,754.3756571766336,-235.227563868898,-479.82183984870267,-155.53034928489166,1087.8560258518014,687.3548380612281,-99.35311258154822,213.8514168397602,491.08313045483465,24.7216958956739,-91.8460852885956,696.8689453947666,-563.148195916172,-366.0529116880624,-456.98597025286233,-361.3404203614172,-372.39833236125577,672.212237930806,598.3387128511189,1003.2263494573313,830.944763308223,-332.9916649346654,-471.06634296673866,-315.0938570972079,259.9948965086237,-216.11410795624417,-99.28919359898634,-342.3618966481829,-564.1533868252162,-753.2710569790057,652.0643417987434,928.1473182718254,996.9128575750296,901.7950012860427,465.6201366360614,812.3331972679978,-242.5681138132692,425.7642611393719,712.2657784467584,-84.19236462601003,-141.8847414899225,-480.4005309548049,-504.14538002891095,515.0912431439286,363.7334523460877,592.5313690155622,-381.07898850866434,-449.8311425979393,-414.9858353764655,489.0018354999443,267.84176688612666,130.04536319326962,812.4990222326959,388.8781142323572,744.4543944121735,803.8970894620619,373.59141610885865,-478.8622406296583,-557.286824494541,-313.9308800434903,-495.2269558930674,1084.1215391663393,383.60705912312574,394.6936320141192,372.5424724825815,987.6017928635084
-405.6565233269365,-75.47936702880948,-248.96296790162071,-494.5284514030708,886.1551865008967,482.9907695966587,95.6327141688797,757.4169689973933,1195.8936282700868,-328.9390885318685,-321.1465137716437,745.6636730303818,-469.6518466036672,789.4257229992817,-268.7784575371641,-494.2105473775386,-70.32313946240832,1067.2565625941509,645.3250949800014,-128.9606002328033,159.00325947015196,440.2166699558228,-16.421834142090802,-133.9281174404573,751.3045943825358,-585.0686999919844,-369.0950759645206,-461.76194518447886,-364.8270052540258,-381.22995510224746,625.0189539121731,553.6630613770302,985.6432939819936,785.2610007615804,-336.90500588999606,-488.304196659536,-240.46961245040436,199.62232201142317,-246.90204450219895,-144.03377859469006,-348.0979675735073,-587.608044363493,-771.7743277376907,619.5598130177831,888.6719130704375,987.2482667906436,866.1641385634696,413.3462532432972,791.4362740766546,-259.47830291481347,503.7862475764818,652.0352440694884,-110.54702403431078,-146.09126458755824,-487.84995115480166,-532.5957905978186,591.3663616867817,457.7812682148774,644.8522424533014,-388.6944156284005,-463.3777860195423,-442.9405846950602,561.0387291561838,351.41119220567003,206.73529178814968,809.964465874138,466.9925302246782,811.8145798030254,766.3007685258681,456.2485492507341,-487.22293926835977,-575.2438668005924,-330.5212807874583,-508.3737278773988,1127.822495817928,323.3775009808397,354.0248217462993,323.20135078460004,948.6954730099023
-340.7998112181155,8.86445272521897,-164.19769976879368,-433.0268140457408,923.34157935982,573.7848244028013,80.93643352733423,736.8957538777186,1235.8455893519413,-259.06435970809866,-326.0915430610786,691.6172089900055,-476.50038403344894,816.8667502677635,-298.8164195916016,-510.5396658770051,16.743203273866957,1041.4427645737612,602.2648741441359,-156.05484905231162,104.5212470655029,388.384667297061,-55.868693555675016,-174.5431573960286,797.6530403378104,-604.7444390760477,-371.6838748925224,-465.0785274353793,-369.03277902483904,-387.07200427867,576.4832333493235,508.2100234630409,963.09075736541,737.3710113290444,-338.5657365455369,-505.9047434230237,-159.37584357502615,140.7542981979568,-274.9519982968561,-186.75422691984045,-351.60541645441464,-610.9733662683207,-785.6481763414979,583.3343772602185,845.5261485408352,972.229335252054,827.5433389342276,361.34990019399385,765.365241775668,-273.5415461608623,574.8649262428312,591.5229456681177,-134.61550646615362,-149.88544122199974,-497.5344847067639,-557.4257685426091,662.7274460660356,545.0141411353169,689.5770244237485,-394.12823663629433,-478.0249431869032,-468.67222545124696,627.8985677353983,430.6740356163336,279.52059982151985,799.9526131568758,540.0809209539115,871.4524693897795,725.6254320986621,532.9996009491832,-497.9684590554538,-595.0034533259612,-348.28700816594824,-523.4201379928243,1161.528510404239,262.9584248571295,312.7355849654254,273.8237816253825,905.8272665948004
-268.6617855164783,96.31074467635617,-74.75834360757537,-363.2272730853217,951.9357151707644,657.1941340802927,66.44324583080693,711.3979903574025,1266.038872157604,-182.0142874726564,-331.7954098202137,635.7074443887781,-485.7189547043506,836.728099733811,-325.22046040547656,-528.7367484938837,104.35010052097128,1010.8146349944468,558.5402524881289,-180.4938551571277,50.72611338805453,335.8985784326655,-93.43795931920886,-213.52386437958253,835.7282893413656,-621.501920338489,-374.2096798095361,-467.2775336166886,-374.2531763664485,-390.2054716437165,526.8684677191259,462.1900404408697,936.1627327938464,687.6133769570656,-338.3917001093524,-523.8570369274072,-72.94988462230599,83.76693332322074,-300.1516821486678,-227.12457906607972,-353.45647600837424,-633.5537076620528,-794.061463585704,544.0294116416107,799.2019478164897,952.3691771373952,786.3104098098283,309.9864132456466,734.7623818796708,-284.860131497579,638.1839367528244,531.1961658567478,-156.43448565109605,-153.59710044676365,-509.55395483538166,-577.752747180404,728.3475415604643,624.4271794392549,726.3768309005313,-397.7601336348051,-493.85868248755946,-491.40264125272097,688.8078516830459,504.6134789942856,347.4047847452295,783.1001386797185,607.2253300308108,922.8363298961616,682.3465778034848,602.9639086797797,-511.3248219979703,-616.4233955870673,-367.205828908971,-540.2568238988231,1185.2999199830383,202.78607426899444,271.00508918257094,224.70595597325263,859.5994425739482
-190.07162391510144,185.6172982297869,18.10251724403065,-285.70061147067673,972.1213983822354,732.2560793430883,52.24552370203279,681.3999071154748,1286.6980942983769,-98.58721341891152,-338.684698996007,578.4069971039448,-497.56193417685313,849.1624151918215,-347.93111718591564,-548.6281154277391,191.16427430104343,975.752575149386,514.505759136027,-202.17155839224023,-2.056902927995877,283.04877175220923,-128.9642510787331,-250.69795381953568,865.5057409484806,-634.6391976761593,-377.0569188400876,-468.7217191742311,-380.7520813474468,-390.9576025372127,476.4308125175649,415.7911664460912,905.412184815252,636.2979748773981,-336.8329033061279,-542.119517766646,17.520061374743882,29.014829876462706,-322.43652544644084,-264.8444647482464,-354.28010028164664,-654.588489431297,-796.2208743473142,502.23829078412825,750.1703479998743,928.1639956478708,742.8220560482353,259.5971373102914,700.2423869615728,-293.59959250918337,693.1286764964487,471.4936219445291,-176.07549786966007,-157.54526084570315,-523.9057234744349,-592.7202539519684,787.5447490167444,695.2157814494606,755.0866955489136,-400.00540023010586,-510.90118934872334,-510.335846717704,743.1452326225091,572.3591137662554,409.5324775958733,760.0864284814726,667.6584640834943,965.6195586508348,636.895595287202,665.4348098940188,-527.4368964934972,-639.2529804633034,-387.2006778677329,-558.6699807556045,1199.3610596090325,143.30308858864018,229.00704014690425,176.11686481603854,810.5561190771767
-106.04126770681007,275.4761889968056,113.04177255482702,-201.2227145588677,984.2070121130888,798.2209469560686,38.43987573289494,647.377903735199,1298.1709420533982,-9.774641276728609,-347.11158879126583,520.1851109765477,-512.1630661431792,854.4269248825466,-366.95456115994426,-569.9366374669847,275.8764085784578,936.617460262638,470.5049798462362,-221.0234733317256,-53.50012041997857,230.111187963867,-162.30310640510783,-285.89188311594853,887.1073232383391,-643.4416775434323,-380.59518260801207,-469.789392001496,-388.7549396327568,-389.69766860037146,425.4249498325663,369.1863264084388,871.3420408621432,583.7130879455165,-334.3593608109799,-560.6156839016894,110.63102093603362,-23.17456505941816,-341.7928660841418,-299.6493874087623,-354.7457884668391,-673.2667100323165,-791.3998373386988,458.4994960030865,698.8827097795848,900.0826393830882,697.4188698139922,210.50546045326303,662.3807065908355,-299.98965881650474,739.2887163612945,412.82593219242943,-193.64414257854105,-162.03277429646653,-540.4754814606539,-601.5206098380908,839.790786827744,756.7835710888851,775.6948427479094,-401.3049602530061,-529.0997865507519,-524.6762487932268,790.4474551976764,633.203441134554,465.20703219394136,731.610002872054,720.7764954860554,999.634209494593,589.662984402772,719.8889736041574,-546.357510427215,-663.1291761554501,-408.1344927710177,-578.3392573104893,1204.0753872585997,84.95261672548232,186.91518963521224,128.30320985822826,759.1837935970143
-17.738355939271162,364.552704908257,208.66653857867504,-110.76186629554051,988.5996170310126,854.5587684677369,25.126004511079927,609.8038594240988,1300.900567507295,83.2653638049161,-357.33770937252933,461.5073262064885,-529.523810976586,852.8633604055188,-382.364920267791,-592.2820013714611,357.2380441974417,893.7535217567427,426.8703091553636,-237.03141289790548,-103.27718243121669,177.35357932654642,-193.33619442076915,-318.9355799050979,900.7830610352046,-647.2008210150206,-385.16987746200016,-470.8685516251194,-398.4421912552172,-386.83184193624777,374.1085289549175,322.54035035720347,834.4005883100554,530.1330040542028,-331.4481170692276,-579.229299231696,204.90602224167984,-72.50680931673446,-358.2598672938734,-331.3204455690245,-355.5451014926916,-688.7445433809946,-778.9680796605155,413.2936898075748,645.7727509308224,868.5599808731811,650.4307124458321,163.01258440453697,621.7060690539399,-304.3228563112953,776.4522532649527,355.57504938673617,-209.278338746898,-167.34116147067976,-559.0305592592681,-603.4182407511861,884.7131461104648,808.7423766667216,788.3281028723258,-402.1145516961855,-548.3172099821091,-533.6493638301237,830.4090770631487,686.6113080714662,513.901227619334,698.3679005754941,766.1451845287359,1024.8787414123317,541.0039244333118,765.9883323238026,-568.0374881266752,-687.5760916391877,-429.8059424146801,-598.8382034686052,1199.91852073658,28.17086183189072,144.90775858200053,81.49381846430731,705.9151607459042
73.54730661455137,451.5257767959069,303.57669145949234,-15.457794708069274,985.7784098974988,900.9580588796418,12.404612713479764,569.1423724146525,1295.3986485312978,179.24185955251855,-369.5201354068495,402.8339784254094,-549.5046629379576,844.8776349944447,-394.30470271041406,-615.1836335371897,434.0949884403585,847.4934113155458,383.9217505092817,-250.2271313542585,-151.06818436787898,125.04088684472714,-221.9761063127046,-349.66791663549554,906.8902759392732,-645.2353038506453,-391.09243250900727,-472.3504489745361,-409.9430481312468,-382.797138696948,322.74500138845343,276.0164901841388,794.980957184347,475.8255178301666,-328.56974219273445,-597.7993881272391,298.83776693885585,-118.7262848847607,-371.9301922840975,-359.6929615674595,-357.3712930673948,-700.1658486146657,-758.4205608331146,367.044335084692,591.2589674611636,833.9939382625855,602.1818135363848,117.3932172360145,578.6969713787267,-306.9506473047823,804.5935590668855,300.09274311904574,-223.1457173096109,-173.72559059290282,-579.2162935076025,-597.7730550940742,922.0912220251968,850.9049285792804,793.2345378052385,-402.89322216583486,-568.3238505586388,-536.5246323658133,862.8764717667837,732.2222609486874,555.2609920494845,661.0385711766284,803.4995044377929,1041.5011939579365,491.2454111407055,803.575015944627,-592.3171009065161,-712.0080223494582,-451.9463982531272,-619.6375909492349,1187.4506891052545,-26.62151176604104,103.17056290410154,35.903228015455056,651.1354275623515
166.4422614078064,535.1279100291517,396.4071566381767,83.40692853235059,976.2689555668418,937.3171985739226,0.3745024495660924,525.8494812047327,1282.2204537430105,276.77025259593364,-383.6999722393072,344.6174407007975,-571.819890463032,830.9202956293864,-402.9832984818985,-638.0664512115968,505.4157785923753,798.1647375048558,341.9647402579682,-260.694774013644,-196.56577242938823,73.43938994615218,-248.17050601638215,-377.942599123719,905.8715945508887,-636.9140058610648,-398.6301166007116,-474.6224349944721,-423.32966253427145,-378.0543985914405,271.60472239527815,229.7821556909532,753.4241702290819,421.058793932516,-326.1745967808604,-616.1153717078599,390.93324807273126,-161.62176078518772,-382.9494920751554,-384.663587646345,-360.8975408780344,-706.6852603068799,-729.4044136986168,320.121296476609,535.747038833802,796.7457771975189,552.9950012367825,73.89135651607874,533.7817216651156,-308.2771015485755,823.8546875767793,246.69831984271303,-235.4402671555695,-181.409927548278,-600.5559337052524,-584.0632289988133,951.8470850727427,883.271273842717,790.7643448344588,-404.0912561404445,-588.792655058833,-532.6397565136388,887.8368885418371,769.8461991342672,589.1024251610112,620.2685641967112,832.7372687759167,1049.7790953134108,440.6941479586228,832.6600430823909,-618.9194885277135,-735.7363262597909,-474.2185085961629,-640.1119102423595,1167.289985242643,-79.02863889485934,61.89870696368287,-8.265797581019505,595.1902680738857
259.5310766535524,614.1826052693334,485.867955869812,184.44203420155495,960.6194293115932,963.7295020068616,-10.87093779521787,480.372386566092,1261.9429406813333,374.4151721546919,-399.7939352190377,287.2981208282808,-596.0361348219341,811.4685964317575,-408.6736121756717,-660.2695961550356,570.314087925547,746.0973257087552,301.2870473889709,-268.57206862617073,-239.48181861134253,22.819355993610618,-271.90547137535106,-403.6341237298796,898.2328579386484,-621.680026709264,-407.9955896398632,-478.0599606724653,-438.6117627827986,-373.0802735447842,220.9643373965373,184.0136321581264,710.0250900339139,366.1071180293482,-324.6791541711663,-633.9127904614925,479.75729702121504,-201.0314796408289,-391.5147569016215,-406.1955850965869,-366.75432264094064,-707.4933627066546,-691.7424676445515,272.8467640054428,479.6318620127863,757.1431805701746,503.194608753548,32.71631422895013,487.3414569021402,-308.75018371076067,834.5228893767971,195.67583542024667,-246.37838244844357,-190.58176554334585,-622.4544851911276,-561.9066279328745,974.0317819448436,906.0101508314358,781.3500585001095,-406.1376421585736,-609.2973140113683,-521.4257662645741,905.4035518291096,799.4530667982566,615.4027215285549,576.6630591533883,853.9075219481451,1050.0974158855647,389.644398720921,853.4068162221429,-647.446638167838,-757.980281606976,-496.2167301699396,-659.5492979743627,1140.0876320276202,-128.6888997784608,21.296788469109227,-50.82094161762665,538.3945476346838
351.3991764336203,687.6374017375766,570.7801711713373,286.1897178913181,939.3798793862986,980.4632281420368,-21.247629821240626,433.1497001057945,1235.1465847249642,470.73487278047946,-417.5892716100308,231.29931613521532,-621.5752663162089,787.0108525589648,-411.7069382228244,-681.0582740853453,628.0643678574153,691.6304577855718,262.1548762892065,-274.0502241475974,-279.5542931808856,-26.54397922532589,-293.2079007820834,-426.6434703318537,884.5218970603477,-599.0747801179132,-419.3363929311101,-483.0176122384422,-455.7318665474375,-368.35821554585385,171.10459252042497,138.89956632856197,665.040495215514,311.2551456623729,-324.4526625260615,-650.8701169046097,563.9731022117096,-236.8475589536493,-397.8715570197354,-424.3221027451407,-375.5065394405267,-701.8432864933311,-645.4519551205327,225.5027878619654,423.2989252639732,715.4854607438135,453.1077636447274,-5.960878067024136,439.7154570649697,-308.85082885788603,837.0052599517041,147.27108140718036,-256.1944786129337,-201.3873363379488,-644.2067651374613,-531.0799928642442,988.8082248513068,919.4367203777728,765.4869798608636,-409.42719920001537,-629.3142598050122,-502.43182073909855,915.7979152070816,821.1576047147535,634.2858620429429,530.7800693087386,867.1946506053599,1042.9258083246718,338.3850808537135,866.1106760863213,-677.3784929819773,-777.881977956613,-517.4701475219056,-677.1650630532051,1106.5062536771022,-175.2840841517937,-18.42236428996287,-91.58020117404504,481.0409956336601
440.6747307987745,754.5909654342038,650.106254867467,387.1679584996048,913.085259537949,987.9379070953578,-30.68483723820495,384.6117879030781,1202.4013190582696,564.3249721314494,-436.7423321724049,177.0211097631089,-647.7218369787241,758.0335385257573,-412.466229644155,-699.6387644441776,678.110445827618,635.1193971480458,224.80836970706488,-277.372515762693,-316.55398745629384,-74.37116428585365,-312.14689947607314,-446.9032363991862,865.3089814288368,-568.7611126731134,-432.7246698840042,-489.8191162669439,-474.5612184446802,-364.36848195711735,122.306797634322,94.64303527415188,618.6984767954208,256.80035753562464,-325.80442656586973,-666.607183919904,642.3779264546018,-269.01951491579774,-402.31016857927307,-439.1473990541568,-387.6310472900556,-689.0779088294098,-590.7571172827946,178.33970636855008,367.12481443533113,672.0502144845622,403.0639423347751,-42.01055179586766,391.20803452377737,-309.0800530508862,831.802123036214,101.68862233795724,-265.13634866191813,-213.9262238894397,-665.0098072259793,-491.5349468212015,996.4318377949176,923.9880994358437,743.7146361048888,-414.3075219295448,-648.2288604687789,-475.3485893096096,919.3302322037854,835.200375895545,646.004134683716,483.1279837342951,872.8993035653684,1028.7962419254677,287.205496577795,871.1758873223079,-708.075705670546,-794.5251802181044,-537.4478593668233,-692.11885747223,1067.2018877039354,-218.547837425024,-57.04032982025044,-130.37283930498532,423.4081103845246
526.0676020113609,814.3130503801297,722.9734717474947,485.9149178417296,882.2427044185533,986.6983862151594,-39.12907705086072,335.180849929249,1164.2566810977,653.8594100555714,-456.7810586127173,124.83356669038128,-673.6353780792634,725.011401157426,-411.3779355168432,-715.1765726563365,720.0672128927889,576.9405909878042,189.45676611386287,-278.8315338779274,-350.29078231277015,-120.38098643234284,-328.8340920118443,-464.3819773319369,841.1695753335196,-530.5443346799326,-448.1474954319584,-498.7463291853934,-494.8966367894736,-361.5772160951563,74.84823044639481,51.462046878523054,571.2083590658252,203.05354072597729,-328.9719905172975,-680.6857374501348,713.9325467602378,-297.55673711555875,-405.1605593652711,-450.8460464249965,-403.49531327857017,-668.6566957864427,-528.0946376342422,131.58478055574963,311.47673384902873,627.1006879801531,353.3928415905418,-75.34684030067012,342.09628965422974,-309.9444117638207,819.4805467942023,59.08913606662404,-273.460417812003,-228.2458518885748,-683.979597511078,-443.40985099748366,997.230172408377,920.1980908656398,716.5999158584007,-421.06597305857,-665.3460312094403,-440.0289548285108,916.3795739403512,841.9263718096448,650.9166666462053,434.1659914412632,871.4172716033887,1008.2819635900246,236.39925764245424,869.0914496596783,-738.7864591689524,-806.9579734574556,-555.5671286528105,-703.5353830497972,1022.8101956558036,-258.2730001586264,-94.3369486473043,-167.0412287586645,365.76673250507577
606.4035671933179,866.2566416145017,788.6896752729988,581.0322577125783,847.3232420603224,977.387941919241,-46.54766383901145,285.2704659524517,1121.2360155961276,738.1267431103477,-477.1116054179045,75.0695522637752,-698.3676649630906,688.4006697595207,-408.90259422102986,-726.8175706735694,753.7159132842155,517.4950540391116,156.27350428403724,-278.76506698654697,-380.6192081849842,-164.29451127291497,-343.4228337281925,-479.0875913898613,812.6698559051447,-484.390044293178,-465.4982735562353,-510.0273309758342,-516.4584943424751,-360.4247105479599,28.99680879287203,9.58836660678059,522.770409226356,150.33723701468205,-334.1105087822632,-692.6125692505402,777.7833261411392,-322.52976396499423,-406.7862076102258,-459.6602217058209,-423.3379554790026,-640.1811111965883,-458.1111440806219,85.45041057961602,256.71101085858106,580.8931307341308,304.4207601000674,-105.9293420062199,292.63807572032886,-311.9401771134294,800.649224435509,19.587270120658182,-281.42702183316896,-244.3357976062999,-700.1719646915327,-387.0365756852171,991.5826799743156,908.6723589981956,684.7223455584049,-429.9170395341594,-679.905304074043,-396.5047532470554,907.3743235073536,841.7625038306651,649.4661988764377,384.3068548818532,863.2174789867528,981.9785152875028,186.26614296648697,860.4070607585026,-768.6576520131628,-814.2188397543822,-571.204382056792,-710.528344819135,973.9370476125546,-294.31751172979847,-130.09518710680882,-201.443336743072,308.38490424638064
680.6523818420062,910.062094390052,846.7510645804701,671.2252571153211,808.757869567707,960.7216720595644,-52.93165953223629,235.28443137350703,1073.8343788323575,816.0602410073041,-497.0292507836618,28.017543997654023,-720.8849086501239,648.6352684770955,-405.5243733742963,-733.7118161395019,778.9938706189827,457.2095687322897,125.39158614433092,-277.55058427384057,-407.44309598269535,-205.84051543909536,-356.1063156721592,-491.0696621716283,780.355264781569,-430.437676037287,-484.5697289092968,-523.8238696613489,-538.8900971536848,-361.3130194065635,-14.994621041993137,-30.73537238956734,473.5846962075958,98.98222551537796,-341.2835970003144,-701.8456006400484,833.276267287573,-344.0702303710969,-407.5767464030173,-465.8952223686964,-447.25194519211686,-603.4174394929264,-381.6524177418856,40.141393184777066,203.1706306326844,533.6834745579089,256.46578159565627,-133.7638803342979,243.07959297617091,-315.536658342008,775.9357406778277,-16.749820317821325,-289.29578490934034,-262.1220865990928,-712.6072848190428,-322.94136385379505,979.9017298067944,890.0650874199655,648.6617828850664,-440.9904642092689,-691.1002021895719,-344.99832321526566,892.7740267948056,835.1952007245884,642.1553175766799,333.9214608339401,848.8201798416835,950.4873240788372,137.11181923512754,845.7104083884984,-796.7505943643217,-815.365635898733,-583.709011842695,-712.2271619666999,921.1533818595776,-326.6086190267722,-164.10676026607115,-233.45557466489424,251.53081872727893
747.9486782254869,945.5535652625988,896.8420127473178,755.3377988471044,766.9376742985643,937.4611962346014,-58.29803467152077,185.6147887670585,1022.5196193082396,886.7606928264548,-515.7336622186523,-16.085169419115957,-740.0946348573763,606.1257739673026,-401.739747237758,-735.0395649375782,795.9797351292383,396.53547922644645,96.89950668660578,-275.59829270372194,-430.719170195874,-244.762047248861,-367.1145733690655,-500.4207362747012,744.7421844300787,-369.0088132957305,-505.0490602362984,-540.2185453687783,-561.7587581320103,-364.5931519886992,-56.894030853990586,-69.26023836307608,423.8585782924782,49.322225097751264,-350.45596174016845,-707.8031749143129,879.9628562070136,-362.36938199011206,-407.9394614052912,-469.9133557447798,-475.1712382121944,-558.3158441077117,-299.74440570887003,-4.13922171292529,151.18191431510206,485.73277638418784,209.83210356602348,-158.9022505163215,193.66211955519697,-321.1591384657508,745.9670083241011,-49.9031383006592,-297.3211103536679,-281.46173273345784,-720.2984941217801,-251.83916048733505,962.6158028245692,865.0579025249713,608.9886208057902,-454.3206497411543,-698.101561453659,-285.92779282365194,873.0532971797866,822.7491851330258,629.5232830877655,283.3445653625952,828.776340565292,914.4021693757396,89.24553014532862,825.6067536391909,-822.0611867945104,-809.50673715828,-592.4197877455051,-707.8057365458479,864.993991585047,-355.1452070570172,-196.17823657352585,-262.97573840992766,195.4738343339054
807.6051688700417,972.7284480219884,938.8274734335864,832.3806151665331,722.2174755960762,908.3914729483153,-62.69089008349498,136.63902709926597,967.7359778240174,949.5113194812826,-532.3484610654178,-57.05851460850287,-754.8767831864031,561.2607229425918,-398.04550168659625,-730.0388079099089,804.8754993852751,335.94500713386486,70.83803684840215,-273.3427694082852,-450.4594821399218,-280.82378255793594,-376.71041640587873,-507.2765613709881,706.3126575475358,-300.60947333330927,-526.515829059229,-559.2022687751623,-584.5588784636261,-370.55215085928336,-96.49566529759788,-105.73711626382766,373.8124283758936,1.6871007883581624,-361.4881103809984,-709.8766759480922,917.5979462988548,-377.67507413652976,-408.2897129359695,-472.1263350726121,-506.86155481672927,-505.0245190694143,-213.566618474402,-47.18600940760404,101.0505110932782,437.3110042637337,164.80387167407085,-181.44087819792423,144.62747633606872,-329.1719402033118,711.3534118454672,-79.90165248603485,-305.7477305915031,-302.1378902930066,-722.2817343385117,-174.62105585051577,940.1555736650932,834.3415853387263,566.2564365884975,-469.8378895872128,-700.084229181596,-219.9052779311129,848.6882738063416,804.9683077490421,612.1244727968802,232.88115921816032,803.649034133231,874.2986356764312,42.97600226760001,800.7015016685835,-843.5443632781423,-795.8333997496036,-596.6835381984356,-696.5123699026785,805.9596773418515,-379.9981445561078,-226.13733116473404,-289.9257896807715,140.4836731185977
859.118108483443,991.7408572219554,972.738841206924,901.5516159958383,674.9222997006358,874.3003169441358,-66.18163695944196,88.71647370235861,909.9094569928192,1003.784682837398,-545.9448747856221,-94.7845333531834,-764.1183126948836,514.4097667063489,-394.9262581550059,-718.0334827498192,805.9865991256976,275.9251682256161,47.19810169947012,-271.2332124999341,-466.7326221105704,-313.81978666415154,-385.18429034987184,-511.8153386492632,665.5119109571995,-225.92580361174,-548.4431181996712,-580.662660545237,-606.7173404027069,-379.4004236464706,-133.6249266436046,-139.9241328486825,323.683335223279,-43.60506819664615,-374.1334422322393,-707.446424614332,946.13033301908,-390.2871959303881,-409.0403982507328,-472.98629060332667,-541.9159454605527,-443.8978993598858,-124.41895948647227,-88.7890054355022,53.05692375046212,388.69891048537255,121.638872715343,-201.51836523759133,96.2219126043824,-339.8621617713256,672.6769506622906,-106.82123567383458,-314.8062034479617,-323.856063701895,-717.6487826340178,-92.3348336949106,912.9433402540044,798.6008505596474,520.9968964091428,-487.3619979454157,-696.2563484017867,-147.7274998433868,820.1459345137183,782.399093698759,590.509289745974,182.8129087148315,773.9974853798569,830.7264867887448,-1.3940841732465197,771.586165926354,-860.1423768073616,-773.6521924463341,-595.8756170718078,-677.699721937487,744.5220377002983,-401.308609226688,-253.839092857517,-314.2542741012076,86.8280326166462
902.1654197539732,1002.8804368825924,998.754441687732,962.2476362084342,625.355886092095,835.9609851518334,-68.86808350094782,42.18395149518296,849.4541631325719,1049.241941997846,-555.5690811325514,-129.2108601145446,-766.7503482767272,465.9281002013896,-392.84171301384566,-698.4613483725414,799.701391705403,216.96951364276435,25.919934230819035,-269.7224078338816,-479.6636850340426,-343.5812572936618,-392.8480679991073,-514.2560547625816,622.7483122213721,-145.81291705164728,-570.2024082053266,-604.3741557460385,-627.6014722689384,-391.2597529258786,-168.1424818396111,-171.59505502518886,273.7266440593015,-86.256651492651,-388.0380153817933,-699.9006155007462,965.6870055001782,-400.5514807222068,-410.59061193265296,-472.9754788474618,-579.7556611256886,-375.4980805930754,-33.68344382707546,-128.73360511367548,7.451825432554074,340.1879059281599,80.56241819695612,-219.3119586079066,48.69819221630664,-353.4246350638809,630.4834426494505,-130.78277418367827,-324.7082029976723,-346.2418627671028,-705.580245284609,-6.159006832360492,881.3859856457125,758.5022605721498,473.7166432749589,-506.5988793890304,-685.8902177956451,-70.35873639652216,787.8763751572284,755.5774177324212,565.2081918208519,133.4041762597436,740.3642006367958,784.2047556828883,-43.57465129790942,738.8278442695693,-870.8162928913197,-742.4161800143902,-589.4215401304002,-650.853548035083,681.1300595396516,-419.28442294513087,-279.1717035781385,-335.9382334535351,34.768916232440894
936.5982760752504,1006.5479140279438,1017.176043928655,1014.0674883788568,573.8103586684662,794.1180056829432,-70.87242345559959,-2.649178573915428,786.7788283292846,1085.7252003913718,-560.2726443408878,-160.35254897349898,-761.7866608820472,416.1615652619092,-392.2137987250133,-670.9003733632546,786.4711953063082,159.56804856883048,6.893610658697542,-269.25457112267367,-489.4329953296562,-369.9838153741723,-400.027752729102,-514.8559543410922,578.3952860896766,-61.276933651065214,-591.0724902751389,-629.9906247476509,-646.5297693590313,-406.1524455968271,-199.947468586939,-200.5482412785814,224.2153185434753,-125.9994249613017,-402.7432672986584,-686.6568493943686,976.5523178730512,-408.8516865862374,-413.31370065065227,-472.5947605068593,-619.6366933673443,-300.5888587231279,57.217419613762026,-166.80252207847107,-35.54855242332546,292.0780080202158,41.76172159444822,-235.0330414851141,2.315761163350811,-369.9486552409152,585.278634376216,-151.94952992430905,-335.64144469668,-368.84079229899777,-685.3783301068092,82.6288630507691,845.8713857099941,714.685168076402,424.8958517096141,-527.1405021859314,-668.3535179472344,11.09352053545422,752.307993110181,725.0184889217521,536.7192781974966,84.90719441273787,703.2654023107182,735.2192372043613,-83.29537196422069,702.9620690657918,-874.5798359627506,-701.7534323899093,-576.8190585787354,-615.6188434655381,616.2176204833104,-434.1944893684897,-302.061637657189,-354.98454041830684,-15.441971701055108
962.4272314582014,1003.2288712084586,1028.4029063376934,1056.8067464678695,520.5761812450678,749.4762563742519,-72.33816410911535,-45.50642068936554,722.2927805456522,1113.2439899639617,-559.1452326091733,-188.29209181883803,-748.3620613315834,365.4518407048822,-393.4139887083325,-635.0923963430037,766.7918909817403,104.1957902454581,-10.039005178348594,-270.25229038693254,-496.2736221391351,-392.9539328069721,-407.0550745437285,-513.9071974012053,532.7946558042179,26.54932909193281,-610.2525721933794,-657.0413123771523,-662.7854470147083,-423.9921011132572,-228.97976444432416,-226.61567147690977,175.43721678386888,-162.6033741583777,-417.69193513484544,-667.1856012117771,979.1434886042332,-415.6001640744064,-417.544944515881,-472.3509271565729,-660.6621581266152,-220.1221257601653,146.8636098192739,-202.7796884887608,-75.76667901292947,244.67406752363516,5.381037876376562,-248.92180380895303,-42.66100971286902,-389.407013403492,537.5278742633814,-170.52386377406597,-347.7641091284196,-391.1205282739438,-656.4978735901083,172.6883597568091,806.7679311005897,667.7554432504608,374.9881180539184,-548.4686269052509,-643.139536000982,95.40934863065864,713.845357475931,691.2101057859619,505.4996419022012,37.56605396994743,663.1847806530147,684.2220020362591,-120.31297819884117,664.4886894853366,-870.5345151935344,-651.4914048499634,-557.6598390703411,-571.8219941339177,550.2110316020605,-446.3614877097475,-322.47796684410065,-371.4306532636642,-63.5684103100494
979.8041796312262,993.4671842579254,1032.9048843583057,1090.4451666519833,465.9515537544692,702.6931595615396,-73.42606922708761,-86.14977443670617,656.4107410754582,1131.9571398818696,-551.3486013058173,-213.1775395896675,-725.7691212511037,314.14117815625406,-396.7509895589838,-590.9627809721778,741.1878545484817,51.300510153127625,-25.08095587794461,-273.1028599728071,-500.4677349680945,-412.47413924506856,-414.257978390769,-511.73272000754434,486.26085504657055,116.43618974864586,-626.8795508111464,-684.9308285818586,-675.632771363655,-444.576478425783,-255.2213611281379,-249.6715626730232,127.69047284779514,-195.88490153924155,-432.2373678025952,-641.0347516224434,973.9839075981276,-421.2268787738364,-423.56913342496216,-472.7429928834022,-701.8004716833993,-135.2167313229332,233.8799019678505,-236.4558708422104,-113.06736717353904,198.28057812372103,-28.482204392952347,-261.24129526065235,-85.96639027487066,-411.6478335127903,487.65884343192687,-186.7434367199037,-361.19868276414593,-412.4760661224117,-618.5742055983075,262.6553640260961,764.4266334446324,618.2816391886166,324.4213574450926,-569.9625067771696,-609.894923792818,181.29231169515683,672.8694156295719,654.6089509830454,471.9604741656221,-8.380735727396134,620.570382728582,631.6325195145392,-154.41832407189906,623.8703032846753,-857.9047553541939,-591.6758000186867,-531.6498454452517,-519.4875904550694,483.5358232059443,-456.1530374124005,-340.435636087893,-385.3448426428029,-109.39508445582528
989.0015085785774,977.8394680640716,1031.1960488452503,1115.128032311679,410.2504895164383,654.3737470497501,-74.30922775058306,-124.38532740742686,589.5559784146227,1142.1513784558997,-536.1506414945175,-235.2187103350511,-693.4915347206211,262.57620991577426,-402.45909110034,-538.634829297634,710.1987171466573,1.2902563439454648,-38.47563723168215,-278.1443608469414,-502.34186338428896,-428.5867281536208,-421.9500484567578,-508.6812860157361,439.08548017844527,207.09127328146596,-640.0492309515943,-712.943798332467,-684.3359664635537,-467.5829282674077,-278.69694275996346,-269.64009938795505,81.27725815643255,-225.7140190733996,-445.6563417326992,-607.8541199069148,961.675712289992,-426.1670231202248,-431.6083452460968,-474.2476286910126,-741.9090189998655,-47.1303225619067,316.97553418668963,-267.6356732626827,-147.3605770965643,153.19543403225444,-59.78008989994444,-272.2710906125167,-127.33842440025887,-436.3896700626538,436.066711319142,-200.87699741684696,-376.0252111918614,-432.23803621297657,-571.4464088509466,351.1823387007469,719.1851490904287,566.793183900341,273.59938535369264,-590.9106292968008,-568.4435056919074,267.40881838488355,629.7395807294936,615.6395400219417,436.4657033756181,-52.69925246005175,575.8342927935493,577.8399788929023,-185.4428462729938,581.53267844854,-836.0715948138021,-522.5826867870902,-498.6274740053167,-458.84871821259696,416.62209576583473,-463.9716058439138,-355.9975673828061,-396.8259742664704,-152.73293491147965
990.3898030906448,956.931704369096,1023.8101037743144,1131.1429623743306,353.8089372532829,605.0682601099214,-75.1673920868996,-160.0685060313738,522.1615161630153,1144.2180302462516,-512.9581452103927,-254.681543501206,-651.2324194089026,211.11043236717148,-410.6874742738342,-478.43784840992936,674.3691753884789,-45.47873191036589,-50.50116512852875,-285.6518983557694,-502.2611354808817,-441.3957762733974,-430.4189811978402,-505.1216894203268,391.5417154032764,297.19653283748755,-648.8410744913475,-740.2546007064606,-688.1803399108618,-492.5668336181628,-299.47379218103885,-286.50186199470585,36.49626173779551,-252.0201524382395,-457.1653843945443,-567.41878375579,942.872994198242,-430.8474290599114,-441.8102737556338,-477.3039980169245,-779.7627697099311,42.77491476421072,394.9794555318236,-296.1455102454996,-178.60321595663513,109.70302682348564,-88.51558013941293,-282.30080192915256,-166.5252798742202,-463.2202625872221,383.1209939671288,-213.2198485694368,-392.2740543846354,-449.6843692796341,-515.1745918465144,436.97777880060994,671.3729874411468,513.7801596400516,222.903866088848,-610.5264167105516,-518.8047230570788,352.4289658527762,584.7971740213061,574.6953268496195,399.3337814181758,-95.1607657893926,529.3546269408846,523.2064224220468,-213.2641318021792,537.8665860738772,-804.6034061246122,-444.72290892523057,-458.5784899043329,-390.3498017383304,349.9079031892307,-470.2434797332967,-369.275472765976,-406.0029369008421,-193.42417199023927
984.4153527339064,931.3190050056842,1011.2786711402656,1138.8938349995624,296.9884644315913,555.2718805901922,-76.18075872115617,-193.1086522530921,454.6692594892518,1138.6291111080543,-481.3468458436043,-271.8807365365888,-598.9359431510369,160.10504985777257,-421.49080585816967,-410.9079933306339,634.2418089800351,-88.71312165392463,-61.46386473095519,-295.82445394995403,-500.6225798726101,-451.0673862234634,-439.9143098443876,-501.4360499967214,343.88825619863087,385.4464337232986,-652.3458714729942,-765.9424050718472,-686.4951081656612,-518.9634659363577,-317.66114137737844,-300.29861721780884,-6.365726041878452,-274.7962503765005,-465.94047671941377,-519.6498775917605,918.2568274791096,-435.6720724337639,-454.2374955864024,-482.2983407607237,-814.0870852343486,133.07129931931564,466.8696736032404,-321.8420601412471,-206.7998448023192,68.06707124666582,-114.74246330414286,-291.6236523581208,-203.29238052783688,-491.59926611521456,329.1733462264016,-224.0890659117253,-409.9183387415725,-464.0553602799512,-450.0499568122497,518.8428514799348,621.3171746981385,459.6942389096496,172.69631370488628,-627.9676498368324,-461.2054682633423,435.066790713832,538.3696635845084,532.1414037976583,360.8420989664296,-135.5438717099379,481.47927417941554,468.0703361244727,-237.8103767104644,493.2304931634071,-763.282063103252,-358.83815526865254,-411.6468568118272,-314.6414364224153,283.84029261632145,-475.4071561027902,-380.4292780499024,-413.0337865261159,-231.34674694065936
971.5785652940796,901.5492069268556,994.1132510694746,1138.873459937337,240.17719245968047,505.4261414566688,-77.52338649716303,-223.4725807184436,387.5270537445767,1125.9140063657408,-441.0872697189648,-287.17087071877324,-536.8008627687038,109.9279499594824,-434.8214731934892,-336.78132989160827,590.3526376208109,-128.19204395869292,-71.69109681274816,-308.7728382207872,-497.8475840076006,-457.82814592464325,-450.6346867809211,-498.0121492376615,296.37246453913355,470.5855211712236,-649.695542697623,-789.0114573317908,-678.677243913358,-546.0936121568564,-333.409047433927,-311.1362282934718,-47.04271439373503,-294.10098174318057,-471.1398537792301,-464.6315419720186,888.5130844797138,-441.0070350115215,-468.8581022735519,-489.5487391212352,-843.5937981526789,222.3078272012088,531.7955988806343,-344.6206665279496,-232.0022914517163,28.52353143588058,-138.563858485632,-300.530282541207,-237.42983982148635,-520.865184154026,274.5655156218887,-233.81852482728823,-428.8664092579163,-474.5720229147511,-376.596713764674,595.7033894646604,569.3477078133586,404.9503847820449,123.31983916937564,-642.3592264596186,-396.0843228115853,514.1178870317615,490.7751490373716,488.3182150315323,321.2334196177164,-173.6379946046725,432.5307714510999,412.75037657621584,-259.0635915863263,447.9536225928513,-712.1230381142672,-265.8884662170104,-358.1406537169725,-232.5670903321392,218.87378816373408,-479.9015261168595,-389.6650837976732,-418.1046390458245,-266.4181445368286
952.414186732376,868.1307191635319,972.7913858973444,1131.6365052395963,183.7878626146688,455.9215430317528,-79.35646399067453,-251.1867779025608,321.18381037424246,1106.6377535580957,-392.1649922754468,-300.9362896390709,-465.2848778780914,60.95067487398386,-450.5238250251361,-256.97896119279534,543.228975960214,-163.77462458895585,-81.52362623336414,-324.50924601100354,-494.37360575186057,-461.9618623358076,-462.7151375259213,-495.2347851909767,249.23259731862035,551.4436268101233,-640.0941148589139,-808.4162960084702,-664.2155175197545,-573.17324974793,-346.9068268399443,-319.18553606585294,-85.29847482139577,-310.0589054078887,-471.92946006725487,-402.6227650380271,854.3137369647131,-447.165357109002,-485.5381490955323,-499.29057076705504,-867.0195256190498,309.0535739539967,589.0927174154438,-364.4231432890022,-254.30825441369515,-8.726007270738169,-160.12930635735708,-309.30289633779194,-268.75970885975323,-550.2466242352508,219.6367222660138,-242.75376872443127,-448.9546891321459,-480.457450578867,-295.5652608721057,666.6356792281765,515.8022397155844,349.9289817521452,75.10036003406383,-652.8187132321799,-324.0875640871674,588.4925398537499,442.3265872463036,443.5457291467821,280.7236705642268,-209.2480122867701,382.8117048585179,357.5489424473287,-277.0614703786302,402.3389642947549,-651.3880760395718,-167.03139345668404,-298.53243617339626,-145.1420434431879,155.4662759765021,-484.1542220377985,-397.2316247794478,-421.4282932501504,-298.5984304880767
927.4740081294008,831.524765551531,947.7472752895668,1117.7739772563314,128.2531067449471,407.1009100550198,-81.82164794112673,-276.3379352464641,256.0829272714081,1081.381754173446,-334.794031424087,-313.580029095164,-385.09912158040936,13.543359460582057,-468.3307793341574,-172.58451642383017,493.3890342169808,-195.4050841338459,-91.3077078800159,-342.9389071560728,-490.64523608094055,-463.8046686413932,-476.2147995684675,-493.47618373438,202.699044712646,626.9671193072757,-622.848761195234,-823.0913035332078,-642.7137717462703,-599.3274384912457,-358.38103009770145,-324.6811455857352,-120.93514464884042,-322.85860234301,-467.51044691648593,-334.06301849107234,816.3020562010295,-454.39227051061954,-504.0363799558105,-511.6632044757208,-883.1650845249765,391.9403049018819,638.2893814351717,-381.2444632470333,-273.8590531539822,-43.52020605292087,-179.63054489508198,-318.20977486953046,-297.1425855338589,-578.877875957808,164.72980248351683,-251.2467259980493,-469.941445494246,-480.960707682533,-207.9165001568789,730.8848836956686,461.0295645322315,294.978132233006,28.347031109762916,-658.4840020214715,-246.0567281668322,657.2428423348837,393.33533064195,398.12758146058695,239.5104155037725,-242.1996927412851,332.61008171591044,302.7553300567717,-291.8978868368808,356.6659093604355,-581.589361300197,-63.59347998406094,-233.4536243252653,-53.525421304687775,94.07242425085632,-488.57047043497295,-403.4152339989577,-423.2425134094981,-327.8925438378716
897.3125146436829,792.1419092253094,919.3668202502108,1097.890297637216,74.01818650372249,359.2630655363416,-85.03470037505525,-299.07156564424906,192.65429804809483,1050.727522203091,-269.42233107943343,-325.5121078800214,-297.1926089242048,-31.932272883789796,-487.8631322348919,-84.81477735822676,441.3426637724455,-223.115107457536,-101.38702435489324,-363.8542961216383,-487.104712133369,-463.73862605371744,-491.1057403426151,-493.0855841774238,156.99459230410028,696.2448573411415,-597.3996834886917,-831.983738451649,-613.9123656944463,-623.6084559534355,-368.0928920261412,-327.9181200484888,-153.8010630547068,-332.7488531915839,-457.1479278071677,-259.57084600422786,775.08184440533,-462.8513462073519,-524.0016718354156,-526.6985128990425,-890.9347948945812,469.7022980974994,679.105954040821,-395.13786710504365,-290.83672212518314,-75.7428007099843,-197.296129955367,-327.5001083005772,-322.48320123209453,-605.8186778237628,110.19556216414598,-259.6502472997123,-491.5020297977485,-475.3825764762002,-114.79765455444289,787.8754276764139,405.39160231590944,240.4159244107728,-16.64828189506553,-658.5422451545186,-163.00798680044562,719.5826831486673,344.11364696143806,352.3547888736003,197.78136300898169,-272.3455805507154,282.2042085633745,248.64824466685224,-303.722018596543,311.1922751043816,-503.4844656440499,42.96484896122418,-163.6827811096103,41.0133823576434,35.134948514879724,-493.52274364461744,-408.53336806875785,-423.80785828075904,-354.3518542505117
862.4757124207445,750.3425193710619,887.9868302430389,1072.58374450679,21.531631363550368,312.6664654225506,-89.07965257288596,-319.5885361740497,131.3052560995907,1015.2438529987822,-196.72858743454915,-337.1374761112186,-202.72701265001805,-75.1316297886949,-508.63185576934296,5.015327949437193,387.5926546066376,-247.02330658437177,-112.09457008521676,-386.9323104252532,-484.1819866890091,-462.1839482785408,-507.26350271016537,-494.3782082172887,112.3337804680162,758.5278356790269,-563.3475393725777,-834.0891616979472,-577.70666640285,-645.018030990294,-376.3351540692556,-329.24663565168487,-183.7974565466403,-340.03302062113744,-440.2000371845015,-179.9349080811028,731.2105782032237,-472.6121212765164,-544.9736003543924,-544.3117628525756,-889.374388886326,541.2115498905845,711.4469461710646,-406.2180133829067,-305.4606531517064,-105.32615500530736,-213.38510700440648,-337.39902738719525,-344.7346988579544,-630.0778928514623,56.39492755309888,-268.31239671564214,-513.2261997507318,-463.1022906403709,-17.510457483818566,837.2132108193153,349.26370490771467,186.53254214971872,-59.61258225749959,-652.2591281540284,-76.10408234115455,774.8999698894881,294.9759949554983,306.50874597757627,155.72232478895413,-299.57094027361507,231.86672352353432,195.49747447320763,-312.73612516933736,266.15559274857856,-418.0618194473523,151.0895288417709,-90.12796827299958,137.13225901895933,-20.925804298126543,-499.3414294859825,-412.9268015434293,-423.4049200248824,-378.07500304876953
823.4931637766929,706.4406551761549,853.8979211761344,1042.4307488669754,-28.765669546832527,267.5325236101607,-94.00371856696918,-338.1394547873501,72.41084282016486,975.4775725336546,-117.61004327317644,-348.8438866102806,-103.04269873074284,-115.7373145049274,-530.0436118813403,95.5317506901606,332.6360415700845,-267.33174509844235,-123.74455056262563,-411.7347539279754,-482.2844749860092,-459.58997355278166,-524.4600468907686,-497.6239093092379,68.92148154930135,813.2418998388066,-520.4771064815445,-828.4879737232042,-534.1614708288598,-662.5333328396167,-383.4281273787826,-329.06469226549353,-210.88363278660628,-345.06185084904394,-416.1461807915488,-96.0974124624092,685.1961399048733,-483.6397794108513,-566.386458768477,-564.2953983022716,-877.7061942746673,605.5068183623243,735.38711254319,-414.6618954071874,-317.98396274544183,-132.2533586023523,-228.17996357821087,-348.1026749507148,-363.9014277709259,-650.640655334391,3.698650254411605,-277.5703988878698,-534.6181278193349,-443.60421271595067,82.52694445986435,878.6800491314527,293.0332136874316,133.59214140328132,-100.29437873235402,-639.0074505949908,13.379973986432244,822.7609518478362,246.23893380823577,260.86331640719123,113.52412250563796,-323.79935720601566,181.86754995678552,143.56457320416467,-319.19202633667146,221.77363510033825,-326.516956836355,259.17649736995526,-13.803714015169197,233.4560708677444,-73.72334784129069,-506.306652595755,-416.9506449260721,-422.33083864615145,-399.2080216388027
780.8730747546595,660.7106995685306,817.350470906815,1007.97427761096,-76.45229514179532,224.048447648058,-99.8131684065141,-355.0169650561871,16.303828949405034,931.947812221248,-33.16130903128752,-360.989914428457,0.382509846223468,-153.47002637520256,-551.4096399489357,185.34248212740889,276.9649536983083,-284.31964913904727,-136.62435884729953,-437.7123704317521,-481.7866215351095,-456.4250021207629,-542.3597389224346,-503.0358706710837,26.950854914750387,859.993309602019,-468.7759320258373,-814.3816269885552,-483.52031859610895,-675.1361624371441,-389.7148555416695,-327.80901208501075,-235.08040357831803,-348.2249433517528,-384.613238013555,-9.130336830281433,637.4966636015056,-495.78744568064496,-587.5769680710092,-586.3161629229546,-855.360247120955,661.8153344473714,751.1527078672052,-420.70737350510495,-328.6897042813537,-156.55875404019497,-241.9790890609896,-359.7731495796272,-380.04019259035965,-666.4983835971175,-47.51549241808078,-287.7441286743855,-555.0996536829862,-416.50327419013337,183.8226446684904,912.2212311566228,237.0962978379931,81.83445745056987,-138.46728462042796,-618.2939300436265,104.09583936515494,862.9069824815364,198.21963809259785,215.68592723429308,71.38803788552214,-344.9976160690158,132.47564677530195,93.10244206189678,-323.3863456385324,178.24425931343464,-230.2203038689611,365.6168213019949,64.19653448452227,328.61656307475823,-122.91693430305502,-514.6412885026207,-420.9643828037349,-420.89498566688496,-417.94368316455297
735.1001184097579,613.3959781345087,778.5628861683422,969.7163014676464,-121.13839477874134,182.36949128139827,-106.47035120926056,-370.5461187908916,-36.73504627525406,885.1435564177362,55.35525441250691,-373.8933107203291,105.9799103062763,-188.0996721709172,-571.9580990220932,273.07883961924733,221.0666319229908,-298.3345873239584,-150.98670239271198,-464.212568767283,-483.0194539347531,-453.1651140247761,-560.5189728962746,-510.7597654862605,-13.399125372879734,898.5673238729348,-408.4468470111504,-791.1269788073424,-426.2088109982357,-681.8445785994757,-395.55524910292735,-325.9442965549602,-256.4715392461224,-349.941153987627,-345.398401001001,79.79466089597722,588.5229317444702,-508.7916161590011,-607.7958009381513,-609.9159257803102,-822.0000236790293,709.566442309282,759.0992363052695,-424.6493019328025,-337.8869720054322,-178.32685140334632,-255.0889427338884,-372.5331822449242,-393.2599902195001,-676.680879466235,-96.86787732609396,-299.12903748180327,-574.0172415807863,-381.5679110533128,284.8561800021158,937.927462889532,181.85319358426227,31.4761342535614,-173.9343933592724,-589.7831238564404,194.6635208397276,895.2444850376615,151.2330740726061,171.23765007172776,29.529501593801776,-363.1795260531645,83.95951796904406,44.35375573666232,-325.6546021075597,135.7447183028289,-130.67776597719393,468.8413290567528,142.73130098411082,421.2906753981522,-168.22309558766327,-524.5051264238855,-425.3211638318208,-419.41375861172486,-434.5200032654146
686.6355480790801,564.7185488956413,737.7313689000104,928.1141446566398,-162.47744687647094,142.6206061117342,-113.89203001978689,-385.0730996928333,-86.48612407774331,835.5240379603753,146.5465590598606,-387.8198493954561,212.1395643439968,-219.45598897061427,-590.8498632394427,357.43489706286323,165.42233799195216,-309.78154211614026,-167.041974582462,-490.4908662809161,-486.26031252345496,-450.2820919110927,-578.3899063884948,-520.8638109390338,-51.96634752775567,928.920330798365,-339.91342727314725,-758.2672130465829,-362.8312820465927,-681.7459864093115,-401.31910247619766,-323.9510535183888,-275.203152879035,-350.64819725002405,-298.487333176791,169.44129791032756,538.6427202020916,-522.2711779960913,-626.2229144304181,-634.5164797921324,-777.5415798568292,748.3968884745328,759.6870588654754,-426.8333581312922,-345.9068694008329,-197.68967009769585,-267.8160915409682,-386.46046749568063,-403.7203444744305,-680.2895618019013,-143.98430556474787,-311.98844503434964,-590.6529579113463,-338.7392089641258,384.1241428392641,956.01273515721,127.7020551819657,-17.28821466774178,-206.53316587327143,-553.3173831253346,283.7137544342801,919.8292289993504,105.58796926675828,127.77230906799343,-11.820181104832582,-378.4084339281146,36.58650609411141,-2.451756393176443,-326.36425188455576,94.43064683021493,-29.48578755754404,567.3628190798335,220.6439135684427,510.2356159253318,-209.42614256157495,-535.9900733450894,-430.35660166945365,-418.2044848744544,-449.2177704680192
635.919063560786,514.889348896848,695.0403486430943,883.5803448700387,-200.1771139620624,104.89754150165348,-121.94915556149245,-398.9526529315721,-132.79864972782008,783.521420042445,238.93169925625804,-402.9728149652744,317.26054706572967,-247.4379608036778,-607.1976751182846,437.20325424968286,110.50497944489354,-319.11039966556285,-184.95098771908812,-515.7259576038294,-491.7229605685509,-448.23060197200624,-595.3286395133536,-533.3301427763595,-88.6082061461226,951.1663379031986,-263.8177536776975,-715.5577968213697,-294.16046615452603,-674.0305320524005,-407.3779644486196,-322.31225228845943,-291.48101592106644,-350.7917015368348,-244.06641889111896,258.54696874550143,488.1864968160351,-535.7303879446071,-641.9865519421057,-659.4284784750189,-722.165057215296,778.1479341552592,753.4561680837372,-427.6477918284059,-353.09825169771744,-214.8226301840094,-280.45923616878173,-401.5816558043834,-411.6283968264536,-676.5307202394451,-188.50493768014704,-326.5451878088063,-604.2395935434478,-288.14503249843966,480.184066604693,966.789767766505,75.0317159243481,-64.28519038494734,-236.1405063199886,-508.9318178519684,369.9290278302899,936.8462733315864,61.5817764132814,85.53469570238796,-52.41416657344123,-390.7982595260214,-9.379063563568662,-47.101083415303016,-325.90679819068004,54.43495429255497,71.7171270603612,659.814074820299,296.7957544152192,594.3193271884423,-246.386980088875,-549.1162616444509,-436.3773640428288,-417.578489933307,-462.3569604111349
583.371845332364,464.11793382245486,650.6727703396541,836.4855191549449,-234.0087153723722,69.26750052750822,-130.4681653415324,-412.53462950381817,-175.59685404424798,729.5451069410684,330.9887933605415,-419.4832912594278,419.7993245342892,-272.0213543952776,-620.0884484354419,511.305633316498,56.77538345376774,-326.80243896479993,-204.81819862536773,-539.0381933144611,-499.5482892661017,-447.4348325327185,-610.607985549718,-548.0479149615965,-123.2039826208002,965.558857188089,-181.01015291524635,-662.9860593857743,-221.1201631212733,-658.0235029027792,-414.0959089070288,-321.49911206164927,-305.56590653332466,-350.8139511705309,-182.52806695592787,345.86231509977506,437.45391588511296,-548.5660700305497,-654.1856358597829,-683.8645601446858,-656.3177606126451,798.8548895086223,741.001317256717,-427.5133917606251,-359.8231100662147,-229.9391939357944,-293.3013064938308,-417.8661106040577,-417.2349346555576,-664.7475400027005,-230.0943725126962,-342.9727015217966,-613.9798286258576,-230.10805803515416,571.6945905810016,970.6446731440816,24.213732710280937,-109.36200119296431,-262.6776697525322,-456.8633679749367,452.0813252020609,946.5870758772744,19.494892705298625,44.75799792411579,-91.99246659214975,-400.5129898836632,-53.678790082709135,-89.40258148247959,-324.68910191594256,15.866859094359569,171.30024668647422,744.9801778428078,370.09837864797447,672.5452894755906,-279.0496981346304,-563.8289293441392,-443.6498350914313,-417.833434844582,-474.2918746244261
529.400171433381,412.6211410317646,604.8194932718872,787.1636361332879,-263.81493685684296,35.76950853408937,-139.23384954085586,-426.1500782844026,-214.88379846496449,673.9869764710271,421.2034794420566,-437.4014429026653,518.3139459876668,-293.26379942635555,-628.6083733514135,578.8171643708991,4.677266220543296,-333.3563978936438,-226.68555985377495,-559.5111303017878,-509.79583844792006,-448.2748479942616,-623.4347746562246,-564.8084946339884,-155.65676442687862,972.469367196484,-92.5309751512573,-600.7831902821639,-144.76129655441707,-633.2153396247714,-421.8193334973746,-321.9563743916336,-317.76717904327666,-351.14252386368673,-114.46832419005658,430.1899596853744,386.7206022760096,-560.0791686538525,-661.9151262058423,-706.9565788156783,-580.7083286437562,810.7300370289239,722.9485265208372,-426.8720141040909,-366.4514467257271,-243.2845229077257,-306.60168016306244,-435.2196314946688,-420.82953683570304,-644.4495537534963,-268.4522918242816,-361.3857158423721,-619.0690896208861,-165.1468583995816,657.4501694683818,968.0123559215698,-24.405862333031457,-152.38601500925503,-286.11464130256195,-397.5532445836004,529.0649230162827,949.4253056557168,-20.415559746654534,5.660571811677077,-130.28629311436526,-407.764666550692,-96.06402834347786,-129.19122975344882,-323.1240357419732,-21.18871752410102,267.68955031950446,821.8239520185767,439.5430373534567,744.0709476796468,-307.4455328120606,-579.9959831276711,-452.38913558061046,-419.245068752897,-485.4048475925782
474.39907731990536,360.6301310186117,557.6871642046748,735.9190393161552,-289.51550800022767,4.414685083494155,-147.99377713966126,-440.0973158224532,-250.7425475723054,617.2268266460453,508.1166254869376,-456.6890292592466,611.5020584404649,-311.3069820765101,-631.8703104901817,638.983636879098,-45.36894112685905,-339.27463722582684,-250.52712145408964,-576.215693547599,-522.4363635108606,-451.0729778899942,-632.9714114477305,-583.3030804839582,-185.8947657486864,972.3636092712984,0.415134252594902,-529.4277519747061,-66.23217136221692,-599.2878427313274,-430.8659926727107,-324.0874484945015,-328.4348081699336,-352.1790043143384,-40.67643898565933,510.42033076905255,336.244770804554,-569.4906548448869,-664.293763684803,-727.7767181471074,-496.2918897690177,814.1402034781745,699.933801757532,-426.17403324720544,-373.3554942121687,-255.12845946595817,-320.588563323262,-453.4784366969105,-422.7349940000766,-615.3381364137597,-303.3240736119377,-381.8308429256227,-618.7214942866515,-93.96949303521966,736.4089511929379,959.353947435082,-70.51466447200939,-193.24441384494943,-306.47365284984795,-331.6422309201299,599.922903442581,945.7928323277206,-57.9220602050502,-31.55779807736808,-167.02414551860957,-412.8099817890812,-136.3004879071051,-166.33414736236,-321.62063344316965,-56.67121525508888,359.4135787434582,889.5037712690914,504.2263115933037,808.219402082932,-331.69394302181564,-597.4062234450081,-462.7487816266769,-422.05857266609735,-496.0983880218903
418.7556026598719,308.3954002401441,509.5040688868583,683.0345470548197,-311.11069691302214,-24.813375954995493,-156.46422622747966,-454.62838293271625,-283.33433388328785,559.6373779776629,590.3688486483971,-477.2134445503629,698.231201253104,-326.37568803334614,-629.0427753565546,691.231415399727,-92.97314655328849,-345.0498247222194,-276.244499583141,-588.2363703360395,-537.3456970629305,-456.0806189591932,-638.3611820156489,-603.1230263629054,-213.87199299110003,965.77698128561,96.49161064994264,-449.6401796904468,13.255872038350178,-556.1352100092121,-441.5135420314627,-328.2398452093828,-337.9502002993129,-354.2879252357657,37.88353623855716,585.5626950394118,286.2732734301683,-575.9616336612133,-660.4934487301986,-745.3621107564373,-404.24650427913423,809.5804428062695,672.5847089164121,-425.8650727965256,-380.90315344133006,-265.7581601151877,-335.45157156058553,-472.4037796037208,-423.3011225830262,-577.3266877023452,-334.51079003396063,-404.2774352286833,-612.1980343077059,-17.459430084144046,807.712877006761,945.1372940760411,-113.84143626573756,-231.8438900325771,-323.83155692449805,-259.9586138284451,663.8664481412957,936.1572162020163,-92.83278471003015,-66.71998539613972,-201.93933140582885,-415.9456549417098,-174.17341090479488,-200.7359704789568,-320.5738944134892,-90.54382490750142,445.1441881904459,947.3833974422234,563.3708101439015,864.4843556075308,-352.0007037160236,-615.7683013354973,-474.8112618376042,-426.47969134126,-506.78566389885145
362.851275892533,256.1894956809799,460.5236298301445,628.7799647045086,-328.6825849589879,-51.9579250536367,-164.33751245154147,-469.9362709468336,-312.893522567847,501.5882666604998,666.7396677525601,-498.7436275811394,777.5603746633573,-338.7736029365079,-619.3796246729388,735.1701230869837,-137.7831896850468,-351.1524340780826,-303.6633297722831,-594.6987469232992,-554.3001810697696,-463.46587518464776,-638.7565871827288,-623.7631015089088,-239.56829023685827,953.290233600729,194.2677640705055,-362.3681776379243,92.4658696140514,-503.8786779034833,-453.98792849237606,-334.6913291417436,-346.7160745356824,-357.78606032291447,120.09853734595632,654.7698558949519,237.0467106372301,-578.6173408304581,-649.769339717727,-758.7424226284182,-305.9416119406861,797.6454007994026,641.5052527605252,-426.3723645836876,-389.45055922507527,-275.4706993001208,-351.3345617514555,-491.67764471279145,-422.8980447710952,-530.5542567320833,-361.8780480655848,-428.60916224114095,-598.8359209874772,63.34594968564845,870.6995302434474,925.8212071682104,-154.16272271276242,-268.1103302527864,-338.3208510113058,-183.4988499778916,720.2864036629012,921.0017978866656,-124.99714657248498,-99.67577273092968,-234.77851818693952,-417.5027883940106,-209.49310876183813,-232.3436673064848,-320.3544127800071,-122.79214085237167,523.7304809607851,995.0339585961376,616.3401862709537,912.5286437176916,-368.6530632023324,-634.7105792111646,-488.5798181129423,-432.6658632539098,-517.8793093043037
307.06359994572784,204.30729269269037,411.02539160560855,573.4203771711267,-342.39417868467206,-77.08792090365101,-171.29055972829718,-486.14328190833,-339.71935811282714,443.4485927355207,736.1795081669281,-520.9482202328761,848.7524522589335,-348.87593876233024,-602.2493817048273,770.5885644113004,-179.4925858948506,-358.0192141539461,-332.530840767005,-594.7975991741852,-572.9739768529705,-473.3024913892392,-633.3497778293581,-644.627859668553,-262.9888864632328,935.5065561458396,292.2604490652077,-268.76338475201624,170.17392239219157,-442.8737566389654,-468.4520027552285,-343.63721784060345,-355.1457008686262,-362.93217669654416,204.7386453881577,717.3554317376115,188.80329057096023,-576.5745453055822,-631.4895985796323,-766.9696962421926,-202.8996133346905,778.9999453340421,607.2643178597642,-428.091074209642,-399.33372680844286,-284.5659269227336,-368.3287891797921,-510.9000256775686,-421.90896053389184,-475.391560766453,-385.36320065592247,-454.6168036706803,-578.0778330301756,147.28356783051117,924.905740779485,901.8438675442308,-191.3082601227113,-301.9884490798788,-350.12922642713573,-103.40144566885648,768.757046835873,900.8092064979847,-154.31048821804393,-130.30606550184945,-265.3108360537937,-417.8404063980917,-242.10060867943423,-261.15038594981536,-321.29801121129555,-153.42209007219694,594.2245825144975,1032.2286024262323,662.6480668494721,952.17697130675,-382.01213974705263,-653.7821704978094,-503.97172302711135,-440.7175686148305,-529.7786263903545
251.76640595804773,153.0638245774113,361.313504342825,517.2236431556637,-352.486481301674,-100.29635022988698,-176.99450839951248,-503.29088320341526,-364.16466184855886,385.5877366861967,797.8332891548272,-543.3963664001591,911.2775760252564,-357.1190943173429,-577.1629999664325,797.4446711210765,-217.84802028330276,-366.04265170231537,-362.51471821005015,-587.8246661851213,-592.9385867050744,-485.5605483453469,-621.4039957266192,-665.0412156513902,-284.16363272426145,913.0309815012232,388.97783641860167,-170.1501381419786,245.20723776046523,-373.7093378079272,-484.9947561125729,-355.1792426507056,-363.6517473641599,-369.9173559580025,290.4941712867698,772.803160677406,141.7811766895717,-568.9716905312944,-605.1635883026895,-769.1495860520338,-96.75208517400404,754.350567375536,570.387742130514,-431.3709256715395,-410.85928990305246,-293.3398028720252,-386.466495326218,-529.5883287532861,-420.7224039160817,-412.4386368880581,-404.98054969235096,-481.9927762702925,-549.4996750170708,233.09844232547832,970.063407496264,873.6154803648604,-225.16499257803588,-333.4413554574385,-359.49759173759696,-20.914921321992832,809.0324009481297,876.0487895160268,-180.7176748637253,-158.52685386551573,-293.3370060465482,-417.3383641768524,-271.8731394017533,-287.1979860424945,-323.69557146830886,-182.45723533156783,655.8984207936012,1058.9307325684904,701.9608366285412,983.4037279517398,-392.5028352609811,-672.4555210459052,-520.8133490022851,-450.6701273969182,-542.8553754847425
197.32902799175827,102.7897798074788,311.7128694070121,460.4665880613627,-359.2736782781704,-121.69799289486866,-181.125108794118,-521.3314263651467,-386.6218264913292,328.3743117170859,851.0548961912021,-565.561524128214,964.808191542922,-363.9876724039627,-543.7987841863712,815.8504954580288,-252.6562008814856,-375.5613461053945,-393.2034677472681,-573.1951718123928,-613.6649312295556,-500.0993823632555,-602.2847887284059,-684.2592360511,-303.1461519845646,886.4528268840259,482.9633748949568,-67.98757563551544,316.47960109350475,-297.19830371641456,-503.6215947303722,-369.316361572582,-372.6349420590794,-378.8560199283108,376.01592131221656,820.7682332521609,96.2191357633892,-555.0009144869958,-570.4672509130842,-764.4729790118604,10.80755950872348,724.4188948548028,531.3539115511724,-436.5034525720533,-424.2944111417309,-302.0783518169387,-405.7150678110712,-547.179460396509,-419.7239621550162,-342.5137346852486,-420.8242720882516,-510.32790517217967,-512.83539794434,319.4815310024482,1006.08839863395,841.5150079007707,-255.6796072145558,-362.450057119675,-366.7165824624299,62.638889632680446,841.0358372939281,847.1681402695611,-204.2153969309078,-184.29269936552936,-318.6979590020019,-416.3897841236907,-298.7291768791641,-310.57799662817547,-327.78326590326674,-209.9356289120158,708.2512032455832,1075.2770262720092,734.0945572298266,1006.316935132355,-400.6016175869632,-690.1309544156496,-538.8373157572694,-462.48619790999567,-557.4384797652637
144.11431969356937,53.82491182785481,262.5632392675444,403.4394921382,-363.1365945597352,-141.42670013153702,-183.37360323857416,-540.1221122096811,-407.5066029097569,272.1732638107228,895.4124217441121,-586.8286078198983,1009.2068149002516,-369.9992645319479,-502.0231802761649,826.0534312057536,-283.7897108244451,-386.851155386069,-424.1085222485477,-550.472115892672,-634.5283109394861,-516.6631721497941,-575.4896805344428,-701.4860415904122,-320.0131206309807,856.3316696627235,572.8379961278297,36.17333379691048,383.0224987778848,-214.35966504347937,-524.2460635820934,-385.93788511978926,-382.4727094171044,-389.7778509574382,459.95671115413535,861.0711813403028,52.35538342075933,-533.9408963317546,-527.264381193635,-752.246882917112,118.07293418892586,689.9184281147328,490.5925941434421,-443.71019546500776,-439.8560295258819,-311.0522882515708,-425.9719539526205,-563.0351355402958,-419.2874459482127,-266.63349657219715,-433.0689173591074,-539.1109228791662,-467.9974633429174,405.10979831272897,1033.0637025849942,805.8905789474256,-282.85958586792617,-389.0129242948409,-372.1216135502792,145.9046284084442,864.8440185497942,814.5885883851261,-224.8530556912385,-207.59952384082575,-341.28244462300546,-415.3931366784876,-322.6327771876812,-331.4308614072952,-333.7334048947432,-235.9064583464001,751.0078285356169,1081.556617696811,759.0066023553165,1021.1394852745954,-406.8225679039314,-706.1436213702319,-557.6819829644204,-476.0492547365381,-573.7981039205645
92.47558731103274,6.509731194983916,214.2116619537254,346.44859050459013,-364.5145653100768,-159.63231826183983,-183.4577573113199,-559.4215864800477,-427.2402844196521,217.3412594950938,930.6846004833134,-606.5046832407697,1044.507945326326,-375.687477532038,-451.9062219858534,828.414915448803,-311.1915434555981,-400.11696914545433,-454.6683559676237,-519.3873393244637,-654.8165325577811,-534.8796019813458,-540.6749404904219,-715.8925961333796,-334.8638576230767,823.1871099990374,657.3386916381946,140.73597768021995,444.0103872379162,-126.39267621268492,-546.6834210666543,-404.81924570168457,-393.5079057466369,-402.6208716415973,541.0121479620343,893.6853035427325,10.424622269924626,-505.1893004829722,-475.6225721017764,-731.9233945872536,223.37292695517448,651.5353216563776,448.4865807504319,-453.13215101735216,-457.6997023713327,-320.51226512814674,-447.06055176162056,-576.450868854091,-419.76553041451285,-185.9849570357624,-441.9674399362197,-567.7311341612204,-415.0916593262704,488.6865146163421,1051.2182123985694,767.062989939413,-306.7728359434892,-413.14514457893046,-376.086559440582,227.534462358244,880.6664812372118,778.704251126287,-242.7321822699645,-228.48649068831887,-361.03320108358935,-414.7440433231116,-343.59694667898646,-349.94346294128934,-341.64612283044744,-260.426767015844,784.1089653384086,1078.187901914352,776.7828387989967,1028.1888578952542,-411.7021082921332,-719.773260856835,-576.8935286892965,-491.1583635169657,-592.1296843939342
42.75255659829666,-38.824040944382425,167.00372948701894,289.8164324787661,-363.8958421187039,-176.4774326870141,-181.132662615528,-578.8895294076262,-446.2309615796266,164.22060919889532,956.8493299634812,-623.833308116315,1070.8957323872896,-381.5837171883163,-393.73058279264814,823.3878587531285,-334.87805660075725,-415.48501500779935,-484.2548618970965,-479.8583824732835,-673.7413982362185,-554.2619618061503,-497.6781261916023,-726.6380292093263,-347.82031923873546,787.4923351660984,735.3517829244835,244.10548122976024,498.7789805723772,-34.643801126571866,-570.6464441772878,-425.6207101419566,-406.03775862126247,-417.2260321501768,617.9587832764727,918.7189519276805,-29.3466248889548,-468.2934467077131,-415.8227487952932,-703.1255333989935,325.1172243129458,609.9137254280118,405.37558043542833,-464.82075780872935,-477.9083938315863,-330.6846119360512,-468.72734446134046,-586.6689751192644,-421.47993458241154,-101.89038862028995,-447.84683271869005,-595.4846244100903,-354.42520170361814,568.9797866528733,1060.9026326615171,725.3315791485591,-327.5460030195334,-434.87820963661,-379.0161602016153,306.2284525689353,888.82230184445,739.8840393958629,-258.00441636044224,-247.03679591452143,-377.9513558925431,-414.82684620090464,-361.68583534763656,-366.34504069026286,-351.54212857641767,-283.55854188003025,807.6939445916473,1065.6943742741937,787.6213624646656,1027.85644758529,-415.7828201130591,-730.2570882627929,-595.9308244461354,-507.5246158225597,-612.5385804222533
-4.73347316696124,-81.86369776779475,121.2741327229998,233.88007628550383,-361.80664431852256,-192.1341260898301,-176.20090124574975,-598.0895509176299,-464.8545471839599,113.13206265309329,974.0655293186552,-638.012450478942,1088.6790699458236,-388.1982644526942,-327.9934214778111,811.4939777881626,-354.94013796116394,-432.9956999338597,-512.1822144772796,-432.0002147350757,-690.4536431325294,-574.214977232391,-446.5351675091692,-732.8930128212928,-359.0274954915091,749.6712784242067,805.9395088145218,344.7351941657774,546.835876133568,59.432200234215976,-595.74381244404,-447.8893008953762,-420.3031131794661,-433.3337275870694,689.6879393227738,936.3942246552422,-66.74617134950135,-422.97774934944334,-348.36142889252125,-665.6687475643168,421.83716840577625,565.645882946657,361.561739435216,-478.7306772925994,-500.4816492585335,-341.76736319153184,-490.6405834013352,-592.8957065254377,-424.7112678309514,-15.766487007976808,-451.10150991844336,-621.5843093416217,-286.5073664656772,644.857463315936,1062.5640044465267,680.9816740968121,-345.361581726716,-454.2594849079944,-381.3372538350748,380.77230511646303,889.7153405009901,698.475881083102,-270.86813783339664,-263.377229632592,-392.0988450532405,-416.0059696520991,-377.01558486235024,-380.90171591951554,-363.35674555408224,-305.36643308267105,822.0779206323681,1044.6807830086705,791.8139005386143,1020.587525622038,-419.5967420192822,-736.8059764978285,-614.173284161611,-524.7696318594637,-635.0260720577045
-49.68510461745334,-122.32584673234226,77.33704559406374,178.98721126825168,-358.7989655416581,-206.780943633432,-168.52164108111015,-616.495618107008,-483.43626222286827,64.36688304107591,982.6498346034434,-648.2157334892246,1098.265728979084,-396.0011832552141,-255.40051682974487,793.3020716099198,-371.5424311920726,-452.59711150235375,-537.7183777949333,-376.1310259453011,-704.0612708036914,-594.0445698957889,-387.4909272383526,-733.8645945066905,-368.65409417799617,710.0989759944432,868.3589493912187,441.17025063652846,587.8633127689545,154.31544818586238,-621.481377076701,-471.0641492215925,-436.47810254395336,-450.58271416988856,755.2338059288332,947.0236994173284,-101.5834862001524,-369.1664602429282,-273.9451412489618,-619.5769750764139,512.2203030083613,519.2668844732306,317.316120644018,-494.71460056857023,-525.3256667957755,-353.9263468941311,-512.3908541564646,-594.3224051815072,-429.6887396648273,70.92022669116979,-452.1846398571546,-645.174018191751,-212.04228093784133,715.3168423460755,1056.7202637987957,634.292784638948,-360.4539325788432,-471.35192373546784,-383.4889295469242,450.0707328749109,883.8095103043836,654.8123663819274,-281.5638935036111,-277.6764260336228,-403.5987546911906,-418.6170969946549,-389.7537137589096,-393.9098974305306,-376.93546287339,-325.9163066998009,827.7249463837152,1015.8106627964568,789.7260140463546,1006.8626992685246,-423.6485056151979,-738.6238947776906,-630.9318212318503,-542.426569467227,-659.4774502383415
-91.83473754486003,-159.9661827821159,35.47685971206531,125.49039949340164,-355.43725839610954,-220.60023973021416,-158.01822713892602,-633.5021268091787,-502.2332384323519,18.178656943684945,983.0497603022602,-653.6165603381087,1100.1369762094555,-405.40359061835454,-176.85254485901888,769.4081036864775,-384.9205337114197,-474.13944055582976,-560.0993290519071,-312.771446745182,-713.6510856154053,-612.9716282386182,-321.0024086943831,-728.821778740723,-376.8932960859648,669.1045798935041,922.0727596730684,532.0863501720324,621.7133225566475,248.4665018587634,-647.266571026081,-494.4854464172613,-454.6603915177398,-468.51189630189896,813.794771631644,950.9868096689356,-133.69775437906452,-307.00033181794936,-193.4767936081716,-565.0922727826694,595.1373689153971,471.2537089933409,272.8854967480394,-512.5202868212538,-552.2448287936527,-367.29111068157806,-533.4938739444126,-590.1502673171935,-436.5799984524337,156.69964295090872,-451.5976517494027,-665.3466633348776,-131.91392138694798,779.5079849656262,1043.936094639059,585.5467400251483,-373.1042867833217,-486.2339891224231,-385.91169332426654,513.1749429048336,871.6053878091361,609.2170277317941,-290.36878860380625,-290.1417870527102,-412.6335945801615,-422.95820087944935,-400.1169765218495,-405.68886175908887,-392.0312145204673,-345.27473981943604,825.218673401231,979.7860619429852,781.7771869426565,987.1815483905124,-428.39863836698777,-734.930333614657,-645.4629846614671,-559.9440798606068,-685.6529250862853
-130.95065162344832,-194.588181122732,-4.06023845153983,73.7397140791664,-352.28414333403896,-233.7760471280448,-144.68385387040584,-648.4375933659454,-521.418844691266,-25.224676903822367,975.8149800756332,-653.4144793365317,1094.8238822304502,-416.7398066938077,-93.42374237265253,740.4177437773526,-395.3761455341338,-497.3707161772516,-578.5459484267926,-242.63680718831864,-718.3130648339204,-630.1497211938125,-247.7340800971037,-717.1210487353375,-383.963283696407,626.9763870252018,966.7516573815548,616.3222044034035,648.3959620888961,340.3722622670582,-672.4161566776219,-517.4070807312405,-474.86219428089055,-486.5654089138084,864.7473628129319,948.7073237973152,-162.96618286408153,-236.8459946715299,-108.03418460541708,-502.6772197333428,669.6609867950816,422.0279713571638,228.4988708936436,-531.790021318156,-580.93528103359,-381.95051251184793,-553.3958571524906,-579.6180241169953,-445.4814285512151,240.1436812582041,-449.87814143779946,-681.1663730728441,-47.16379378063895,836.7498843434496,1024.8011235475433,535.0350450754097,-383.6347905351432,-498.99982994343344,-389.03574601297294,569.3031522784313,853.6192728635732,562.010530384502,-297.5900179106183,-301.0151354296371,-419.44159884329656,-429.2804942302429,-408.36768967611806,-416.5727827931012,-408.3036010597604,-363.5094584422913,815.2323355162091,937.3300052572416,768.4217825228096,962.0489239018918,-434.24734943167465,-724.9851909129573,-656.98625108945,-576.69360907046,-713.1820235505766
-166.84302592002433,-226.0502469768617,-41.07341492827715,24.074125234332275,-349.88532005361014,-246.4925592149788,-128.58495201082332,-660.5817968089083,-541.0692958279184,-65.68809939341524,961.5683084552886,-646.8629715070072,1082.886233264307,-430.2508912088609,-6.333604155880673,706.93180575995,-403.2702238598683,-521.934344868413,-592.2833822902311,-166.62234312077172,-717.1670552461177,-644.6865173981221,-168.5451434888554,-698.2309341051964,-390.1071962958624,583.9681958486418,1002.2690552452548,692.9044811641542,668.0616690645468,428.5901517251998,-696.1674389523272,-539.0129436981418,-497.0023363402557,-504.1013208351847,907.6525892865252,940.6331585787764,-189.31202203387255,-159.29711529929398,-18.84128433860368,-433.009557811695,735.0757710678577,371.96162821933166,184.3732352680403,-552.0626712049394,-610.9811437756116,-397.9478893726913,-571.4817436887216,-562.031566592419,-456.4092880135789,319.90907695997873,-447.5863901575533,-691.6942539558402,41.03781723682822,886.5391890313182,999.9112497855216,483.0648507432783,-392.4016195379597,-509.75971878938594,-393.2685033988909,617.8534856180302,830.3655408798205,513.5161550726185,-303.5576974378652,-310.5672189203969,-424.3112126522258,-437.7794079233273,-414.80857550066895,-426.9024354587199,-425.3202697972204,-380.6906071548258,798.4995221661601,889.1719732379557,750.1317000081962,931.9641980045218,-441.5191242501882,-708.1153443436364,-664.7043188554828,-591.9803485365558,-741.5620580467769
-199.3696328705769,-254.2709845504443,-75.41271596095018,-23.18795379137036,-348.7538992739344,-258.9332492038065,-109.86200510898472,-669.1860542254499,-561.1530600817338,-103.11563325177764,940.9778140903396,-633.2976946121227,1064.8946564977043,-446.07006765359455,83.0873447348159,669.5348046880412,-409.0142773383198,-547.3689986361703,-600.5625238054846,-85.78160150034078,-709.3911218756781,-655.6684877015466,-84.4689802983849,-671.7546650688737,-395.5921528741193,540.3062997031273,1028.6886137048853,761.0645183391197,680.9790662838055,511.7886020366052,-717.6929883998023,-558.4367602539143,-520.8997093269617,-520.404141887893,942.254906358568,927.2194678754552,-212.71177246282969,-75.16675645386559,72.76667009990067,-356.96885333591894,790.8801071897486,321.38479264529064,140.71819560627537,-572.7785135788085,-641.8539032753896,-415.2758324733842,-587.0865089271293,-536.7943015956313,-469.29210691711046,394.77533273968993,-445.29069923658994,-696.0172136683454,131.4257828961924,928.5516169003351,969.853628220502,429.9630841124507,-399.7871921373333,-518.6406989834082,-398.9815394154454,658.409080244186,802.3428312796798,464.0640861335042,-308.61712933216944,-319.0912422537281,-427.5739653255702,-448.58574978475855,-419.7762301369422,-437.0167264879584,-442.56067393938446,-396.89263747241085,775.7870187175577,836.0364423974457,727.3813856860108,897.4135680545296,-450.4484911397431,-683.7419118266992,-667.8260852415907,-605.0579867230603,-770.1611274073686
-228.4409430415649,-279.23239165156497,-106.98274328329504,-67.75850250136136,-349.35441758749425,-271.2805646043673,-88.72762519286246,-673.4961685077673,-581.5235420841602,-137.47492009621726,914.7312808013226,-612.1641096841457,1041.4162771619149,-464.2105371320788,173.4363027081483,628.7866588429463,-413.0600106408958,-573.1113907449969,-602.6830831547155,-1.2986568286752325,-694.2507203371848,-662.1882783262083,3.3145656128637357,-637.4499234463952,-400.70701056501866,496.1964687474861,1046.2457912456546,820.246538552826,687.5097176373548,588.782107311086,-736.1188159958632,-574.7851461554861,-546.2685393891358,-534.7011400327635,968.4743795062852,908.9156199698853,-233.20108576800985,14.529209729427564,165.38283670226951,-275.6153400700865,836.7802601568617,270.59476411540413,97.73921223241447,-593.2870050222025,-672.9154650701952,-433.8707256238334,-599.5096636978086,-503.4368443886762,-483.96478620494855,463.6761722899694,-443.5517427025811,-693.2790297832867,222.6777041665576,962.6365759792216,935.1955443953208,376.0784453800492,-406.1915234678459,-525.787317971373,-406.4972019997895,690.7356806634433,770.0243098751192,413.9941599550334,-313.1205990375398,-326.89564239918604,-429.59595222652223,-461.7572560471232,-423.6333738718269,-447.2441277806356,-459.4224331485653,-412.1965178674379,747.8707135646292,778.6343309936102,700.6356541546384,858.8653372043333,-461.1673806377781,-651.4070256081011,-665.5917969857034,-615.147214146439,-798.225966849048
-254.02438948725788,-300.98093273682406,-135.74436982068147,-109.38962345709552,-352.08684824650766,-283.71603546998523,-65.46185800693567,-672.7774508623964,-601.9154704385796,-168.79993059584845,883.5139720284883,-583.0433544095768,1013.0039664096624,-484.5561854474338,263.2797846784653,585.2173868038682,-415.8875967642597,-598.5024131175753,-598.0175508784545,85.54489256909075,-671.1277123460574,-663.3739578516147,93.51298554136498,-595.2447182361392,-405.7585862765937,451.8303563533454,1055.3246781295709,870.107541737484,688.0814259094332,658.5594241617217,-750.5458152772941,-587.1634306386186,-572.7159401837957,-546.1822794921839,986.392959437844,886.156334905112,-250.87893831947497,108.59730936155316,257.57145446037407,-190.16151788844465,872.6778386253285,219.8653973343577,55.63932441207762,-612.8576438752586,-703.4252521741669,-453.6073281501172,-608.0329095967325,-461.6445478227774,-500.1648361658666,525.7232771271032,-442.9061569506819,-682.712611496197,313.4533734253205,988.8058116138898,896.4771576810535,321.7811394584779,-412.0227848190515,-531.362252963537,-416.0752259537332,714.7724097417894,733.8519560490395,363.6568659189015,-317.4187761669997,-334.29634304681656,-430.7681537381636,-477.2708073330198,-426.76008321452,-457.89402322928026,-475.2305066687628,-426.6919083294892,715.5152722257372,717.6570355428479,670.3405669570343,816.7679295583398,-473.6945587166067,-610.7988311181056,-657.2996608444105,-621.4577032293212,-824.894803036137
-276.14756893632244,-319.62657481884725,-161.71451911156262,-147.88267015134696,-357.27097693522154,-296.4205307638437,-40.40484316702916,-666.3410918719369,-621.9453506325574,-197.1915761947583,847.9903643083867,-545.6752121796555,980.1890246821332,-506.8556806254289,351.19617971477527,539.3245009522924,-417.9929054148949,-622.7969936559774,-586.0352051235509,173.4068523349595,-639.5481041600531,-658.4191766583882,184.7595264805186,-545.2484887110418,-411.0661567065809,407.39088258267776,1056.4315184875725,910.509460969529,683.1616520629101,720.3039064062222,-760.0741384253205,-594.7036097600467,-599.7422378069708,-554.023391057429,996.2360256181676,859.3569193226768,-265.9097487013414,205.69947355209737,347.91161376580203,-101.9375022904514,898.6518998914852,169.45600593479992,14.619329924668431,-630.6940349853124,-732.5516047988239,-474.2937903005823,-611.9407420379125,-411.28135020302176,-517.531170499017,580.221589939718,-443.8496264903301,-663.6721905065815,402.43427176718046,1007.2171138467772,854.2078563923121,267.46035734918104,-417.6871538578475,-535.5465700126223,-427.89973788454495,730.6167340094771,694.234577143779,313.412517204009,-321.85177758204964,-341.6087247074009,-431.4958136499514,-495.0156405997344,-429.5442345078287,-469.24794324738303,-489.24935358921374,-440.4789099503849,679.4579798930125,653.7726329170052,636.9174109191555,771.5502516893904,-487.9276572478904,-561.7733779513641,-642.3330043135804,-623.2130418936093,-849.2152008128387
-294.9002008355137,-335.3399746683176,-184.96415472049088,-183.09628806087164,-365.1315723396961,-309.5743060918133,-13.947107855971948,-653.571035578293,-641.1162481641273,-222.81609413083493,808.7902139618558,-499.9770548401314,943.4769791507208,-530.7204309065194,435.8173306840961,491.5726829271084,-419.8740491052277,-645.1778765149335,-566.3251899797933,260.923716609454,-599.2072762359031,-646.6131456185697,275.6544839622007,-487.7576741769416,-416.9541604653297,363.0562862026766,1050.1663649520558,941.5045187159552,673.2325364077464,773.4054145173013,-763.830004451668,-596.593625035613,-626.7445304592507,-557.4119933702046,998.350522424652,828.9122332607224,-278.52321105606336,304.39254294031423,435.0400837298592,-12.351511707659911,914.9371357117396,119.61911826977716,-25.12351527648562,-645.9511932611586,-759.387585189734,-495.6675671756453,-610.5435964197244,-352.40849594023643,-535.6058249714367,626.6759862511938,-446.819788234452,-635.6640137970365,488.3612646982601,1018.1542492562418,808.86578076648,213.51965278873163,-423.57805923951616,-538.5393085533665,-442.0671077532539,738.5048794657803,651.5490541494245,263.6286188885572,-326.7399559088997,-349.1395278775544,-432.1870875600339,-514.7879398970404,-432.3714068267808,-481.5506586095145,-500.69818248107146,-453.668998324664,640.3968729154277,587.6237660466575,600.7596304504365,723.6238940449999,-503.63833353000746,-504.3721016001738,-620.1869083802874,-619.6778643850319,-870.16671415783
-310.4347204722948,-348.3480744266023,-205.61472655201865,-214.95292310828816,-375.7848415588452,-323.35642730523887,13.482089273556534,-633.9504036698136,-658.8270430431566,-245.901186289217,766.4990275027519,-446.0577134263964,903.346053243841,-555.6268130362239,515.8672516051292,442.3952489906997,-422.0176260296013,-664.7733450987369,-538.6176096633011,346.7505555618083,-549.9914112135797,-627.3692531722145,364.8074384074055,-423.2551846995029,-423.74314723725774,319.0026856626957,1037.1942785583135,963.315001452185,658.7688244398286,817.4637121224789,-760.9942558813945,-592.1070029488134,-653.0238774644125,-555.5750047423414,993.181087080438,795.1987719459112,-289.0117152227694,403.1725400629441,517.6912071540479,77.15279590767909,921.8996255255928,70.6065600420796,-63.39813257899044,-657.7560122367225,-782.9711126697885,-517.3927393932863,-603.2029206053229,-285.2968418868322,-553.8388978194489,664.7896109207755,-452.1793590339197,-598.3740150693537,570.0687872929407,1022.0043413485148,760.8999331462337,160.37047139860857,-430.06494047280313,-540.5560623003557,-458.57514653668136,738.7890962872092,606.1441796729288,214.6755551616943,-332.37449755769086,-357.178869961167,-433.2411624755834,-536.2872254152286,-435.6144988055944,-495.0011337578032,-508.7692793676957,-466.3847794282536,598.98302821799,519.826725706309,562.2324087831705,673.3865833773789,-520.4710585333512,-438.8337052022077,-590.4931147694555,-610.186208840641,-886.6879763123387
-322.96544143751174,-358.92839348169707,-223.8333867870351,-243.44341902293445,-389.2267119201173,-337.94314320873093,41.4278344782791,-607.0864280980552,-674.3861498908788,-266.7299946719453,721.6527401565912,-384.2253609717088,860.2477866481026,-580.9229832675657,590.1962769752467,392.19687777367295,-424.88504209194144,-680.6787062798222,-502.8015530903011,429.5996764473601,-491.9938395225863,-600.2511058119037,450.878463039257,-352.4034547090398,-431.73914374110575,275.4051360857925,1018.2173923170012,976.3088690124154,640.2197589348988,852.2837216211744,-750.83179519457,-580.6317559729946,-677.7964010337904,-547.8074208909777,981.2455524610727,758.5790626777111,-297.7253142294998,500.5216385800733,594.7320405091923,165.14020382522315,920.0115904532578,22.673516067242783,-100.02338094908912,-665.2306759010523,-802.3091528627864,-539.0592502319279,-589.3573428330442,-210.431703268432,-571.5969119341024,694.454614564605,-460.1999799170444,-551.6909313272392,646.514041115975,1019.2339265936478,710.7342107000248,108.4241804852686,-437.4816671651144,-541.8262459205287,-477.3141784825242,731.9132184733228,558.3463621415422,166.92079689168105,-339.0079481846203,-365.9925057320344,-435.0360491397358,-559.1149749411923,-439.6233109537656,-509.7433925618645,-512.649249621069,-478.7582672810855,555.8166660185342,450.97127156311984,521.6744701280248,621.2262582670121,-537.9459600868573,-365.59944360405376,-553.0419554023894,-594.1699495823633,-897.7076800767381
-332.7662763073326,-367.4022986665152,-239.82731349157984,-268.6294204683497,-405.323513192056,-353.5048238535181,69.42344610419737,-572.7327920661597,-687.0295360767344,-285.63307949967646,674.7361850252692,-314.9886818499129,814.6092420217806,-605.84045471152,657.8092220555945,341.3570783756266,-428.8992834736118,-691.9811433553014,-458.93899443781714,508.2762793140104,-425.5251253841045,-564.9948021961195,532.6164271297969,-276.03105019357145,-441.22172649726514,232.437301124304,993.949008345031,980.9727224272538,617.9957115927159,877.8634264246415,-732.7208588112835,-561.6973483730028,-700.208434383288,-533.5008883508111,963.111107840256,719.4074735978753,-305.0642804991642,594.9555402853659,665.1912027968001,250.227008918021,909.8264455878084,-23.919598662447868,-134.8326802537636,-667.5186100330908,-816.4054684303072,-560.1845284296928,-568.5489045079823,-128.50951218463868,-588.174678589082,715.7363831344956,-471.0473489878101,-495.7234211019414,716.8000440985614,1010.3648675256344,658.7726616326323,58.08301292159567,-446.11479635838833,-542.5887987328207,-498.06052677489095,718.3879256164564,508.4664382575753,120.72189690741716,-346.84482703852586,-375.8144034567876,-437.916261526623,-582.7758986841185,-444.71433268589897,-525.857420472148,-511.5428224286213,-490.9274715902256,511.44655097549,381.6207826172168,479.4015911150504,567.5251493632855,-555.4660340404822,-285.31108578528693,-507.8000720234183,-571.1860142455254,-902.1787044466042
-340.16704493032904,-374.1274973594876,-253.83746652137935,-290.6434171953444,-423.8056369586655,-370.20117749960446,97.0045220234192,-530.8082672530142,-695.9427046924594,-302.9786219738714,626.1847678364581,-239.05085687848705,766.8362279958191,-629.5104730422062,717.8865041103113,290.23391561421624,-434.4324853329818,-697.7873324887131,-407.2736128174784,581.7095063163725,-351.1159189832277,-521.5263361686542,608.8927396242929,-195.11311482961145,-452.4312000500689,190.26996523937447,965.090706474558,977.8836670073078,592.4600077279334,894.3755494509518,-706.1809439499225,-534.9984833537719,-719.3556702577441,-512.1709861936879,939.3722301375605,678.0365106555332,-311.4693693165729,685.0689043395711,728.2802831176858,331.1213087086428,891.9552513263517,-68.90746868284948,-167.67919889432733,-663.8123629329807,-824.2912175316995,-580.2178858911053,-540.4481596330628,-40.42595264338516,-602.8106043162021,728.8526156174738,-484.7682685410832,-430.8099391249098,780.1917614694346,995.9512135576244,605.4052762430233,9.730374029277431,-456.191894116749,-543.0861754697343,-520.4729388117494,698.7670000845101,456.80685618213926,76.41859437085093,-356.03254051084616,-386.8396562871462,-442.1806209411719,-606.6822443817101,-451.1609519682538,-543.3503124234363,-504.6986578671361,-503.03119553899467,466.372052456515,312.3123799672958,435.7112668291785,512.6633053715314,-572.3288866397935,-198.8011768839377,-454.92279432876745,-540.9410153028257,-899.1144371307373
-345.5484228813398,-379.4899375887745,-266.13205585286323,-309.68639569753503,-444.2647156733559,-388.1746021962024,123.72249787657096,-481.41058596122144,-700.2861502491331,-319.16110100830804,576.3886519156542,-157.2962107590249,717.3169953246428,-650.9850523250855,769.7976051085046,239.1675688255724,-441.7946025700076,-697.2530125068837,-348.2337388268527,648.977575115369,-269.51189973867463,-469.97316472198986,678.7291973163653,-110.74626338959617,-465.5553698296311,149.0686875809526,932.3132176940512,967.6815294821916,563.9260602686982,902.1443856948396,-670.8981126926509,-500.4144845376745,-734.3060661331137,-483.4819556342997,910.6312748405068,634.8227361699522,-317.409986463883,769.5765738728601,783.4071109327998,406.6587090750454,867.0454296021678,-112.02228745915552,-198.44128326919267,-653.3825906319815,-825.057473907895,-598.5479670971799,-504.8768245323669,52.74431334782381,-614.7052337065775,734.1487624901248,-501.2802519555827,-357.5204273958017,836.1249739439553,976.557967069392,551.0136728196549,-36.27903237804147,-467.8702054552201,-543.5565972828035,-544.0924377055053,673.6256977521751,403.6685596523994,34.32439173862562,-366.6528539713967,-399.2177148157341,-448.0704506481096,-630.1614339397668,-459.18427575646535,-562.1479729125914,-491.43638304251874,-515.2020713309133,421.0471458286406,243.55672783131632,390.8879744737583,457.021110016894,-587.7429912840023,-107.0756205448658,-394.76022607114345,-503.3119175916156,-887.6261320819399
-349.33558753131496,-383.89522878695306,-276.9999387144392,-326.0231951006825,-466.1547911042114,-407.54170584357183,149.1571097530015,-424.8246118134868,-699.2236482846371,-334.58869780933344,525.6987041896209,-70.76973793015402,666.4259213023939,-669.2623460052295,813.1067119253513,188.48336937883852,-451.2234382568936,-689.613513101402,-282.42886492342194,709.3260661807528,-181.6605164778377,-410.6691684207112,741.3189827898876,-24.118842551955662,-480.71646533259474,108.99094090244982,896.2415682120436,951.0427286762674,532.659588679221,901.6193116687136,-626.746375309566,-458.0231350539566,-744.1260578237792,-447.2676047597976,877.4823580573204,590.1315650929407,-323.3705363776365,847.3486119414255,830.18067648067,475.8319546346573,835.7623596589107,-152.9980227156914,-227.02779694242145,-635.6071187437643,-817.8885529574276,-614.513391158055,-461.8266112942089,149.77572648685796,-623.042668171652,732.0713921764604,-520.3643184205138,-276.64928035139746,884.2079741916401,952.7425418300398,495.9761169305233,-79.62881610668569,-481.2260196992408,-544.2246704190641,-568.3460183471587,643.5421290411925,349.3570105542849,-5.28200275640552,-378.7142234173513,-413.0459219064565,-455.7584564778955,-652.4672268565254,-468.94471395103005,-582.0877784089333,-471.1738849461189,-527.5579960958206,375.88560258610585,175.8373008543252,345.2085133284832,400.9804721831641,-600.8482427459592,-11.289032105925129,-327.8563460152011,-458.3614423099966,-866.9599445688984
-351.9906077532739,-387.75963189695136,-286.74409150431154,-339.97577873766005,-488.7978347768888,-428.383225791942,172.92723668679454,-361.5240729744013,-691.9526036432895,-349.6696763460416,474.4334533182424,19.34987735631305,614.5267803611948,-683.3158300956414,847.570811177954,138.49403402829117,-462.87622970163824,-674.2140948385692,-210.63944548697657,762.1788657907779,-88.6896687392707,-344.1524720359896,796.0402644534091,63.52224375084734,-497.95880747811634,70.18308726849361,857.4447395118145,928.6568726770768,498.8853695338084,893.3465378335172,-573.8039125792129,-408.10800733053935,-747.9094310029968,-403.5471771662445,840.4988875623161,544.3403665523646,-329.8353029157958,917.4375732859296,868.4079602241643,537.8133635015821,798.7742196008113,-191.5762334814384,-253.38304466438512,-609.998883995376,-802.09487451774,-627.4165766348933,-411.472915561393,249.3266248859788,-627.0143492131223,723.141012455572,-541.6615479810682,-189.1995040134913,924.2165876391418,925.0395008033915,440.67141256579765,-120.04983377567292,-496.2451394159787,-545.2906149992849,-592.5545096749511,609.0822946705136,294.1869225379904,-42.164959416456576,-392.14531914159073,-428.3633578151832,-465.3386151290297,-672.7944728503844,-480.5344448200812,-602.9127130641815,-443.4537246868865,-540.1922660777093,331.2666269964932,109.60900794311468,298.9469647227154,344.9245240773664,-610.7403849098457,87.28625634511212,-254.9407525123343,-406.3470832661986,-836.5321259387877
-354.00360131532153,-391.5006215376205,-295.6752351610148,-351.9147192694845,-511.3938495408241,-450.7327745345874,194.69971178808245,-292.1663898551044,-677.7355504006435,-364.7979861671194,422.88636041293097,111.78273375715712,561.9752959225132,-692.1265746250323,873.1309045359352,89.50088548000737,-476.8229377900052,-650.5388480051664,-133.80005199806618,807.1417120317564,8.121062402461664,-271.15588227535306,842.4622555016916,150.90673155688845,-517.2378224040306,32.777517407127625,816.4298294212075,901.2068798020148,462.7976659394657,877.9406214398089,-512.363039003331,-351.1585632386132,-744.8080061210645,-352.53511634525654,800.224830457293,497.839498294346,-337.2722807739086,979.0969652294244,898.0833530303781,591.9693784911951,756.740209503233,-227.51307114606269,-277.4909834536222,-576.2314439659967,-777.143986485347,-636.5405800106334,-354.18217185267014,349.9792096287556,-625.8445488782074,707.9257511927219,-564.6738788110797,-96.35847861315048,956.083358474814,893.9489411340102,385.48131716471664,-157.32805864270688,-512.8149130904284,-546.9184758143983,-615.9447999660704,570.7891519854958,238.48542288742104,-76.13953333168539,-406.7900891906224,-445.14505708667593,-476.8174117601769,-690.2973618245927,-493.9708548952064,-624.2675712404078,-407.96743113950777,-553.1628344527809,287.54025014234986,45.29617459118064,252.37889717049472,289.2358120739333,-616.4986879656607,187.29626123204605,-176.91304730517555,-347.7228840591983,-795.9607577209538
-355.8826622140712,-395.5270035339428,-304.10563368694346,-362.2492442430009,-533.0356308615475,-474.5650087529341,214.19582529759077,-217.5804514531743,-655.9317673421393,-380.3383491702352,371.3327908357579,205.18430996756425,509.1207683979959,-694.7176836875531,889.8973182709201,41.793927885092046,-493.041338429429,-618.2368463019001,-52.9763212056388,843.9987136480681,107.37557143120236,-192.59003413737847,880.3439709685634,236.77667275255484,-538.4109842250245,-3.109774220600229,773.6404542463189,869.3531175565488,424.5732361075848,856.0571308251067,-442.9330336812112,-287.8626171544297,-734.0631107907058,-294.64388408670845,757.1695581426518,451.03110906933074,-346.1164272476042,1031.7904409102612,919.3716977758888,637.8669945320665,710.3020899668677,-260.587048781822,-299.37846776144335,-534.1607013372676,-742.6883236366973,-641.1686172277463,-290.51194740461057,450.2827744721789,-618.8167750385936,687.017111779427,-588.7695087652028,0.5337850978219474,979.8820067184116,859.9286675797988,330.79125261304927,-191.31104155023917,-530.7183280101891,-549.2238086813717,-637.6664688374607,529.1758171288463,182.59349360703544,-107.07801048094484,-422.4047091544142,-463.2967281370506,-490.1067815412874,-704.1109095238742,-509.1910399842837,-645.6978652508847,-364.5763982874359,-566.4812276588898,245.03188710558604,-16.7100109793533,205.78452686620247,234.29309561902076,-617.2160703860774,287.3448789061295,-94.8202429581628,-283.1334849945505,-745.0923789931887
-358.1425526970073,-400.2285797971533,-312.3430369359824,-371.4161969717632,-552.7281079565814,-499.7839461105458,231.1953862734228,-138.74755315045888,-626.0278525172657,-396.6111308422922,320.03618667281734,298.1845434186989,456.3066670773512,-690.1898018694321,898.1302950646495,-4.349278556496033,-511.4139797340488,-577.1442633301741,30.663489647773208,872.7025813195417,207.60130382612417,-109.5197055692725,909.6262678650208,319.9210137695148,-561.2312254729513,-37.3809851369285,729.4589174694565,833.7217468241632,384.3856566312179,828.3676642300634,-366.2352658843577,-219.09111851136572,-715.0366520368469,-230.47929646359,711.8059037455602,404.3257400199281,-356.75283891457536,1075.1918631046606,932.5862450128768,675.2722561115241,660.0788032935592,-290.60713191402743,-319.11732895503224,-483.841531532448,-698.588292382003,-640.6057813890806,-221.2032141540141,548.7980571915025,-605.3001821729634,661.0087826035239,-613.1931196232478,100.02256566988105,995.808438655649,823.3900750691902,276.9892033759269,-221.91266517422616,-549.6306733176281,-552.2614488940353,-656.8126894639606,484.7227487631246,126.86565269145022,-134.9150547484466,-438.6567456557808,-482.6501798801045,-505.01911746857866,-713.3752377282798,-526.0474719379143,-666.6520657898992,-313.32815784050456,-580.1017374424669,204.04559502056733,-76.05440493319404,159.4506249342969,180.46697026260287,-612.030710753521,386.0350545572116,-9.827968299787592,-213.40037330409743,-684.0219285360841
-361.2921735446951,-405.9653869793364,-320.68470103603,-379.8682373541294,-569.4120251441166,-526.2122282624168,245.53835137839232,-56.77608191703351,-587.6660015381767,-413.8773584174455,269.25305718471856,389.4275856911523,403.87015393750926,-677.7564247524623,898.2171787183721,-48.665925463116665,-531.7270461370093,-527.3012389967514,115.88118374327208,893.3596055273412,307.2924576627731,-23.13413967041576,930.418048312628,399.20757141668,-585.343291439557,-69.957572675192,684.2114985825239,794.8971703656366,342.4196398325068,795.5381923894861,-283.19040478849524,-145.87560611179237,-687.2404723380371,-160.82821266090863,664.5709158503037,358.13692645018887,-369.5003749727928,1109.176921276052,938.1629849636214,704.1414131549412,606.6638160691373,-317.420692798067,-336.8251386995521,-425.5381362834595,-644.9293631496372,-634.2023261009779,-147.1646960643632,644.1404889758684,-584.7749884549208,630.4792178693232,-637.08097897302,200.58082895956528,1004.1596795191184,784.6974608131353,224.4628041732298,-249.11595398162515,-569.119266507178,-556.0140669848773,-672.4450623947091,437.8785223894824,71.66792156182196,-159.6511788705163,-455.12682381663416,-502.959727817357,-521.2647088794412,-717.2620245846009,-544.3049798005919,-686.4877253189603,-254.4669264852995,-593.9115558049838,164.865730662485,-132.4209433250981,113.67103901033217,128.11459724556153,-600.1580835656748,482.0096548113601,76.81338184557582,-139.50072615203257,-613.1045971247379
-365.8208760527276,-413.0565917785881,-329.4113928168144,-388.0615476657768,-581.9915648617879,-553.5821490364029,257.12416058619993,27.12910218726476,-540.668674988936,-432.3243239970512,219.2365167269045,477.6103952069068,352.1405733214216,-656.77762480955,890.6475432972453,-90.91135710940918,-553.6711590837039,-468.9624299082319,201.4041112855905,906.2106196798064,404.9543141122775,65.28742692189894,942.9777340832107,473.6110648669326,-610.2834383382981,-100.78059647899144,638.1760943450801,753.4182352708317,298.8840855067499,758.2114295200427,-194.8979071566417,-69.37908908620065,-650.3625974483004,-86.63882844983867,615.8687010530315,312.87413594211466,-384.59624953359656,1133.807434591528,936.6328942851716,724.6056589206661,550.6247306711355,-340.92088173683663,-352.6645437555507,-359.7271708456187,-582.03202297625,-621.3777589625907,-69.4496971865989,735.0202013882683,-556.8558466553818,595.978437281007,-659.4807954035183,300.6541433057624,1005.312096020779,744.1703207573497,173.5947186806399,-272.97377784788955,-588.646683518634,-560.3822854262851,-683.621827581264,389.06360084154295,17.37418984210269,-181.3543389822787,-471.3130365893092,-523.8999086558836,-538.4519675754801,-715.002321233677,-563.6392600556686,-704.4818912557797,-188.43753002060436,-607.7225376273356,127.75688495999546,-185.53557505172017,68.74577017146449,77.57385552246681,-580.9222863596714,573.9901266629395,163.80607789453575,-62.53968276321217,-532.9584710898125
-372.1837573931745,-421.769199706577,-338.7812687155741,-396.4432341521169,-589.3653536253073,-581.5292378239055,265.90903238358027,111.70131219471244,-485.05834240645504,-452.0522846103924,170.23820048045033,561.5184149518386,301.4369936089587,-626.7907237121099,875.9875878814235,-130.86340666380417,-576.8441402039872,-402.6003903616102,285.9618508563365,911.609294138955,499.14663254526624,154.41353004818274,947.6912706306412,542.2361068036578,-635.4827880984086,-129.8104319952089,591.5913783941378,709.7776452849479,254.0227709854412,716.99365675925,-102.60839716295663,9.138510902626496,-604.2889811493308,-8.99425776183095,566.0747144703936,268.9344705165382,-402.1821027812727,1149.309803581912,928.5936209188976,736.950634692108,492.5046534944955,-361.0530034879521,-366.8410873545725,-287.09300378484045,-510.4536922076161,-601.6448862961325,10.773674964965934,820.2768908352923,-521.3121083341756,558.0192266584482,-679.3760133379085,398.7060177329663,999.70019066269,702.0880645197745,124.75649717263094,-293.6073775595454,-607.5778401949424,-565.1771472320199,-689.4286856185687,338.6763450603649,-35.63885972252677,-200.1595370999531,-486.6382704508099,-545.0648733839313,-556.0907723071322,-705.9147657503092,-583.6372077428181,-719.8460154628425,-115.88207806144024,-621.2652637140812,92.96215376834644,-235.16888449274717,24.978618853531177,29.157237034248528,-553.7855008176583,660.8111577052682,249.844342068253,16.282720054718826,-444.45724190842617
-380.7861807381825,-432.3068194073026,-349.02351680499305,-405.4385460619335,-590.4601282221107,-609.589114294738,271.9015576705178,195.64916760185952,-421.0710753541501,-473.0628276564036,122.5084772891612,640.0567726110413,252.0649276324052,-587.5364219803877,854.8550257572674,-168.3274459099144,-600.7557641088272,-328.90120556900666,368.3223977901237,909.9991163717398,588.524119271938,242.89983400175925,945.04798423552,604.3343601479402,-660.2745552837162,-157.02602204388782,544.666635255763,664.4239129818576,208.12182114940737,672.4461406029444,-7.68996004538301,88.35889608403824,-549.1194384194988,70.91950271057833,515.5408719909669,226.69360574739312,-422.2920401119245,1156.0492742972897,914.6820301005876,741.5920636744597,432.8247724457353,-377.8195420738507,-379.59945751441046,-208.5148527729587,-430.9820369491087,-574.6328685034595,92.25751884155947,898.9080162184002,-478.08396450913824,517.0726687722093,-695.7140418227203,493.2615738150336,987.7970860303152,658.6965105475424,78.30117744990976,-311.2027401988172,-625.1911440556134,-570.115681638333,-689.0112547669738,287.1003971398038,-86.99805880097378,-216.2664006920938,-500.4605505722191,-565.9698496519522,-573.5992064439943,-689.4330882117008,-603.7994304385694,-731.7453242958107,-37.62909464283969,-634.1860367541037,60.69997137382336,-281.1382389985013,-17.326515229545443,-16.854211915444488,-518.3744402673267,741.4497933366646,333.653625066022,95.70839826131302,-348.7127427020313
-391.9678734151421,-444.7988129127559,-360.3316695083611,-415.4379908183613,-584.2661726886424,-637.1982150860019,275.15698713919056,277.6944995241644,-349.16294443543,-495.2494978783857,76.29495864511607,712.2757128054484,204.3123902761145,-538.9789535044392,827.8955526668182,-203.14186858632343,-624.8345317928646,-248.75213169348868,447.32620107733896,901.8903320552804,671.8721792401192,329.42828753657216,935.6155993686506,659.3154074140293,-683.9052525201995,-182.42387070504137,497.5914704533066,617.7651271878129,161.51338234459425,625.081020279897,88.41026583835504,166.94620349374696,-485.1766416435109,151.84977651939985,464.6009049253195,186.4964407924936,-444.8431016357101,1154.501755647795,895.548860140208,739.048966594643,372.0875814950061,-391.28354936878617,-391.218134985032,-125.04597738749094,-344.6195041492336,-540.1082862260599,173.71265135741984,970.089279607579,-427.2935445915611,473.5677011754218,-707.4377251907817,582.947595487596,970.0975868328276,614.2154961583925,34.55496239951619,-326.0049529189526,-640.6937781491861,-574.8202064842038,-681.6080083586576,234.71251079771773,-136.34104314002784,-229.93478717081965,-512.0864282748215,-586.0550608951908,-590.3138704121955,-665.1317066522068,-623.545348989785,-739.3223467419288,45.3248105884968,-646.0473714158941,31.159867209184718,-323.3093494812364,-57.87052677080113,-60.216633912694704,-474.5026727299068,815.0478052896219,414.02799933566587,174.46009321369328,-247.04762369867387
-405.9870692152112,-459.29024379143897,-372.856541535386,-426.7844231117024,-569.8734724417814,-663.6988403956303,275.77063075947234,356.609248406098,-270.0084563758913,-518.3912759559956,31.839376922619127,777.3893119504957,158.44547623526253,-481.31898238021626,795.7617945375965,-235.18368009044343,-648.4364986627315,-163.2213783135161,521.9165243029746,887.837965573568,748.136465875672,412.74432781878,920.015632867858,706.7512334373564,-705.5498577474449,-206.0169860428133,450.544694898849,570.1738222074223,114.57522621124888,575.3612939173503,184.20752943308636,243.58824315679732,-413.0073319646875,232.5158647999428,413.5754400942828,148.64790034226033,-469.62859129432286,1145.2248948784168,871.8365034771067,729.9159157355845,310.7801968397471,-401.5701969545516,-402.002459192293,-37.88557402068886,-252.55935253113097,-497.9931868548009,253.8486691646885,1033.1868644533051,-369.25020883550553,427.8941931987352,-713.5191908769575,666.5272463816877,947.1044271535264,568.8469503759442,-6.191631898115909,-338.3107553091665,-653.2410026710296,-578.8218540017502,-666.5823892378334,181.8899072586588,-183.3242314698325,-241.4785306301272,-520.7873388668328,-604.6924571352489,-605.5038203498159,-632.7481771988372,-642.2212821339201,-741.7240244831683,131.84023707156675,-656.332431438526,4.497593658379326,-361.5971877625335,-96.36498035910378,-100.72855971316012,-422.1877718458817,880.9265235577491,489.8639188092216,251.28040608344077,-140.95905621819557
-423.0052624023987,-475.7331004569715,-386.6988247265933,-439.7602306734332,-546.507378984276,-688.3487851292683,273.8707833994912,431.24963196783074,-184.4906358661491,-542.1494584150066,-10.627023259737724,834.7869214619886,114.7036592120074,-414.9982137818884,759.0954235559,-264.3738338908028,-670.8561885322861,-73.53058025941874,591.1648380368015,868.4218258278987,816.445131459062,491.690529390075,898.9002295135574,746.3745636842123,-724.3307893335971,-227.83395206812548,403.7018190175388,521.9923002660624,67.72630900476123,523.7043236660874,278.2220939295681,317.03628460395424,-333.37525677804393,311.64829659821066,362.7763554213176,113.40427838443604,-496.3146537347492,1128.8299825882043,844.1606565545283,714.8357086632084,249.3772412407415,-408.8663812880806,-412.2761892064806,51.6555236571157,-156.15392313773577,-448.3790909900719,331.41352798683874,1087.7614303860626,-304.4494759528211,380.40886482487497,-712.9950568005183,742.9280828639518,919.3180028647926,522.7828259353421,-43.69271702468472,-348.4595852046362,-661.9591722796098,-581.5686193381921,-643.4526969509254,129.01629951749493,-227.6311614025064,-251.2575076538109,-525.8187411983009,-621.1955462929658,-618.3880248944641,-592.2012946172283,-659.11184272383,-738.1315639452855,220.66634704166984,-664.4537164279762,-19.16989171497532,-395.9662556746811,-132.53870810485873,-138.23537553270617,-361.66234680595096,938.5938099526426,560.1888349311561,324.96915676581403,-32.07491148192693
-443.073218844362,-493.9793130820656,-401.901472541653,-454.5748211983121,-513.5624491289985,-710.3356140337454,269.6115634435318,500.5860348021344,-93.68278971788324,-566.068415066697,-50.889368199204256,884.0372122332391,73.29502671401545,-340.6950478444717,718.512904130363,-290.681941084037,-691.3396110569022,18.97907738482626,654.2902642706462,844.2291584106765,876.1231220347643,565.2353364777176,872.9313050442468,778.0716067497872,-739.3403863714424,-247.91826568394396,357.24075446373075,473.5378620534024,21.41858757839517,470.4881134162235,369.0211507480572,386.1415946229102,-247.24576174143655,388.0267910874049,312.5100313855801,80.96546006404563,-524.4404371997916,1105.9560439042418,813.0962941092514,694.4736973521624,188.34283278073232,-413.4183628040822,-422.3717017960692,142.19382094263565,-56.87635106236588,-391.5360035478834,405.2306782882523,1133.5643429503536,-233.5652831476576,331.44324274133487,-705.001849871422,811.262403611548,887.2295826925183,476.21236437550414,-77.75559644611647,-356.823464360073,-665.971972307359,-582.4380198619675,-611.9183033584985,76.48585482260098,-268.98081897833595,-259.66824744478185,-526.4417069593627,-634.8325127488547,-628.1560534989136,-543.6037497583976,-673.4548380455593,-727.791952613794,310.476985650476,-669.7661102341385,-39.7691190852482,-426.4302417900151,-166.14483538770045,-172.63290702959546,-293.3781518923083,987.7433260670416,624.1834915493444,394.4173697789989,77.89565410658186
-466.1189344986492,-513.7760938436306,-418.4421186632456,-471.3527161264897,-470.63303299235446,-728.7954221533448,263.1660082942963,563.7273478914633,1.1775439672432233,-589.5805954878941,-88.75603403264392,924.8851199187064,34.391672740695824,-259.31104797475257,674.595096612378,-314.1299864263281,-709.099370260001,112.8857246540993,710.6724615161727,815.8403514416176,926.698326106784,632.4958279355419,842.7626338734865,801.8700046781266,-749.6664354894351,-266.32802142646165,311.3454905888983,425.1075255254965,-23.87437320609086,416.05949675718887,455.2581892606074,449.8871198010035,-155.76241117075932,460.51515603733753,263.07919778940044,51.46831148100857,-553.4221219361876,1077.24719571415,779.1681422960947,669.4948055847543,128.13130081934858,-415.5275038724749,-432.6190311473393,232.31496830184795,43.72267735651111,-327.91560637090333,474.2319962042623,1170.5270153302772,-157.4355731143567,281.31276965167183,-688.8103786589478,870.839439482361,851.3177156242888,429.32826627368695,-108.24848933523452,-363.796095465129,-664.4291792590589,-580.7542272301777,-571.8807860279254,24.704549594595854,-307.13558178738487,-267.1333466965713,-521.9464613694363,-644.842672846859,-633.9915227639609,-487.26844077186576,-684.4596747645413,-710.0498650705605,399.9099537307063,-671.584179694942,-57.27405441395332,-453.0511256329557,-196.9679200088404,-203.87000034175904,-218.00268875770823,1028.246688918366,681.1971181615397,458.63643380933786,187.21490892611396
-491.93823882731016,-534.7641077453336,-436.22588072940334,-490.12265880665217,-417.5391529123996,-742.8356995135553,254.71971750451465,619.9388459355489,98.7214999477615,-612.0160229487665,-124.066178545549,957.2423789939444,-1.874526524824812,-171.9484904206251,627.8807149231361,-334.7947139264082,-723.3318025575069,206.72897205600992,759.8577303109718,783.8178587536662,967.8998420088712,692.753819023029,809.0252779570525,817.9229882224987,-754.4201258317036,-283.13597420568954,266.2076727783227,376.9819427601937,-67.67128611932266,360.7433133104901,535.7081676554428,507.4129965535158,-60.2164518757349,528.0915619655717,214.7831691402824,24.981490616483917,-582.5610251270953,1043.3340346142868,742.8455680199356,640.5440226432805,69.1863616016692,-415.5442435417215,-443.3340088016426,320.6163443210727,144.0612090892072,-258.1480149008556,537.4850604751905,1198.744533025549,-77.04152825062,230.32615670137156,-663.8577209382615,921.1693706143404,812.0473308585363,382.3314472084732,-135.10698041380823,-369.78154017467926,-656.5370552735657,-575.8093012852003,-523.4586865197281,-25.911397297434974,-341.90839921204736,-274.0899695325354,-511.677200077868,-650.4561484576132,-635.0976432381904,-423.7078010603833,-691.3290385856012,-684.3785420973692,487.6075984356416,-669.2033714944967,-71.70895677204464,-475.9377931919698,-224.8308817412417,-231.95000753817948,-136.40799321707283,1060.1394769546102,730.7551706132809,516.781307993076,294.17004063975446
-520.1887117378013,-556.4789231842309,-455.0789874396676,-510.8082295102408,-354.346256105436,-751.5617003991487,244.4652742412206,668.6531051341601,197.48726955591488,-632.616355840734,-156.69752268737255,981.1726506314292,-35.41553355962004,-79.87977124179301,578.8634151298255,-352.80839985896995,-733.236012142242,299.05344768891126,801.558501842018,748.6982842076887,999.6490422566576,745.4649759905506,772.3165196274034,826.490858364785,-752.7656534945866,-298.42996236218704,222.0261493518376,329.4283435971355,-109.49868081361107,304.8516524988619,609.297098819979,558.034942296435,37.98965693704993,589.8729353450425,167.9163720411312,1.501903081043085,-611.0559121880383,1004.8194926775742,704.5415778881669,608.2308907436259,11.938613515745642,-413.8605061532703,-454.8058071765524,405.7483043240512,242.57325000298323,-183.03175961227325,594.2137217787807,1218.4549101112552,6.518892915067831,178.79409822651044,-629.7754423417986,961.9596259038406,769.8708727153283,335.4341692300759,-158.3388189004787,-375.1828213248592,-641.5893017881015,-566.8879223487139,-466.9948092673463,-74.9400656418645,-373.168861258073,-280.9777170385061,-495.05733808680975,-650.9164436560997,-630.7240415908301,-353.6258354103757,-693.2833715341171,-650.4081515957123,572.2567929377234,-661.9245132325528,-83.14988540925167,-495.2442144690977,-249.60140240974505,-256.9311076996957,-49.65163606861831,1083.6023209262316,772.5596989081176,568.1670273205003,397.1248834160967
-550.3875219188698,-578.3560983584613,-474.74372609594303,-533.2205134320928,-281.3775477848172,-754.1055115914332,232.59761047198683,709.4738987018691,295.96226121756195,-650.5534157636027,-186.57392593767813,996.872475171278,-66.18996170354873,15.490068125264076,527.992099790977,-368.3578105037113,-738.0345797833357,388.4516678470278,835.6467203699445,710.9873850004747,1022.0444563354312,790.2609840781317,733.192250759445,827.9209640399437,-743.9505403225111,-312.3136295146358,179.0046674563128,282.70243438543974,-148.90719073275216,248.69230603544312,675.1250075930566,601.2550082726524,137.38307707234608,645.1325850481196,122.76519032584368,-19.04700226967524,-638.0195450189123,962.2692832224446,664.6154323214992,573.1182243809483,-43.19864946894856,-410.90078603946296,-467.2842290099788,486.4520842176494,337.7547737632772,-103.51699409201964,643.8113562506226,1230.0153910669103,92.06214206465928,127.03655205590104,-586.4126736555115,993.1043368175128,725.230731319508,288.8614406672718,-178.02676889701013,-380.3907450253877,-618.9973398807775,-553.2947940256032,-403.055277316189,-121.9611363410776,-400.847860287508,-288.22614112731475,-471.61420409112367,-645.5053917208832,-620.1938972626116,-277.902924743511,-689.5874264537177,-607.950144246395,652.6264217015149,-649.0807995840015,-91.7246889545867,-511.1672112243858,-271.1974926776024,-278.92541804247475,41.04965116881143,1098.938475124787,806.4828243184483,612.2781614676318,494.5674540165857
-581.9137062340454,-599.740134639166,-494.875234403874,-557.0533807290027,-199.2178242068284,-749.6568300207745,219.3104123177203,742.1734228596506,392.6271135032851,-664.951881679902,-213.6722605671189,1004.6494098049816,-94.20490178800738,112.66601074202524,475.6738720088515,-381.68123967382,-736.995609802783,473.6042357214872,862.1419220933589,671.157608434559,1035.3417462462758,826.9451491744397,692.1625925635344,822.6273172572306,-727.3355883894394,-324.9073405245729,137.34798533152522,237.04925929504296,-185.48767224852108,192.57569037163583,732.4816106426908,636.7646214116195,236.46395480778688,693.3105889061078,79.60327976234363,-36.81493859369191,-662.49937420296,916.2067755022314,623.3782302327552,535.7150307783076,-95.83516739599962,-407.11218225338985,-480.9671216380135,561.5926001514679,428.2064295891369,-20.68231768004403,685.8466531567898,1233.877184660329,178.35373487471173,75.38792206136615,-533.8527593860903,1014.6681504937242,678.5622182204265,242.8506710729794,-194.32930940955447,-385.7731751900212,-588.3185735269225,-534.3836817653457,-332.4199457226509,-166.56550096128512,-424.94062459228206,-296.24215793900714,-441.0020943489214,-633.5697109394223,-602.9303418001552,-197.57384284626656,-679.5779563257407,-557.0162074377896,727.6006678210247,-630.0662496018632,-97.6114042080222,-523.9438191035539,-289.59195423229016,-298.0968745196045,134.3529134381943,1106.549315917168,832.5541577170816,648.7712795197427,585.1511531658736
-614.0152950410529,-619.8973765333724,-515.0406543456348,-581.8819068309364,-108.70802635071776,-737.4943087894803,204.7935915997224,766.6835663774275,485.9995331324315,-674.9156381540787,-238.0280714570598,1004.8987510516848,-119.51662726492611,210.10891636897472,422.27897385792215,-393.0636252282417,-729.4556525920789,553.3155340704827,881.195033502251,629.6476811537199,1039.9302014995892,855.4821150483696,649.6903780073588,811.0708861520113,-702.423274416155,-336.349142096189,97.25673077502464,192.70309344226783,-218.8862861619198,136.81966977895823,780.8544895999848,664.4402691269428,333.7493290070842,734.0168933626326,38.68562261109517,-52.02237728359166,-683.502130833728,867.1118969360425,581.1007096223511,496.4733629859038,-145.61071735045104,-402.9536757377526,-495.9883293092195,630.1847605001951,512.6710617190515,64.29399677038835,720.0622226856226,1230.5599246986972,264.144898710162,24.19965408707675,-472.42236091938014,1026.8658323214122,630.2963867415806,197.649652503076,-207.4790863185475,-391.6649225000909,-549.281246295396,-509.5868758552156,-256.0642218436964,-208.36653395824197,-445.507992234132,-305.39759279513135,-403.0225581182977,-614.548186255359,-578.4810306990587,-113.79979783876163,-662.6914103589644,-497.8305997330241,796.2066922775031,-604.3644669208774,-101.03508857682344,-533.8482289879867,-304.8155166086642,-314.65788954908857,228.82727047182672,1106.9091705811545,850.9432678822259,677.4708441394644,667.7278962095281
-645.821544809489,-638.032767363392,-534.7211266063232,-607.1643897886393,-10.930117591230664,-717.0162215561485,189.2317801331303,783.0822153293022,574.6759482583407,-679.557053775547,-259.7395177931733,998.0801971697914,-142.23009226652235,306.2823501902466,368.14700104087177,-402.82984174693945,-714.8429019330108,626.5433689378762,893.0690517143415,586.8637233789615,1036.3072310888847,875.9826306302276,606.1920233699532,793.7414469616888,-668.8833145499789,-346.7955731804633,58.921377043169954,149.88648468890315,-248.81776673792808,81.7519167261394,819.9299391323893,684.3325512596573,427.81557474174303,767.0274896640055,0.2416911223841163,-64.95599081019618,-700.0218974769447,815.4234693084101,538.022441831818,455.788650169487,-192.20300944718517,-398.88494628936274,-512.4066243685368,691.412368626165,590.0644622663835,150.16719805523985,746.3666933977184,1220.6270226308798,348.2096004593194,-26.160038279968308,-402.6921571192463,1030.03919280879,580.8620977453444,153.51301241545602,-217.77912116460112,-398.3583434448898,-501.8045351820962,-478.4437370381713,-175.13282260138635,-247.01226280335467,-462.6758876992057,-316.017068181366,-357.6408124047563,-587.998302509663,-546.5398128798272,-27.835641139137945,-638.4903733833196,-430.8349104469567,857.6356694352671,-571.5764281734004,-102.26320375971228,-541.1882806755639,-316.95849263034364,-328.86482500560385,322.9960309630187,1100.5407622805214,861.9384980712663,698.3592802443145,741.3719417163896
-676.3603658141915,-653.3101891112703,-553.3170310284162,-632.2483166319394,92.81766058930138,-687.7691372284994,172.80373791909815,791.575767566486,657.3691072057495,-678.0282667369905,-278.9691365427588,984.69568568499,-162.49719063872826,399.6981496798779,313.5936985620877,-411.3363499703591,-692.699925725717,692.4214066661694,898.1178259804541,543.1813611363123,1025.052285797564,888.6844943394191,562.0402472961007,771.1416763702078,-626.5741160125779,-356.4220895470873,22.51573048640028,108.80859534052628,-275.0762381772296,27.709671692580542,849.5870418085506,696.6496130314424,517.3374820767688,792.274398138526,-35.531841681992354,-75.9619782764701,-711.0710450016227,761.5442435178647,494.3615742478653,414.00292504327126,-235.33601222564064,-395.355018158634,-530.1960724301399,744.6391972026927,659.4981781166899,235.66218448318207,764.8212760165502,1204.6629234430552,429.3802861649928,-75.30937776620881,-325.46862815016004,1024.6328573768783,530.686868109697,110.69734499450657,-225.59687380470612,-406.0946957646682,-446.0126435372546,-440.6269150547736,-90.90647370634532,-282.19762864474944,-476.6330507336629,-328.3664342901778,-304.9972820002829,-553.621016681528,-506.96448808022905,59.00634632898482,-606.6874126108981,-356.684625413484,911.2565637880872,-531.4459718290898,-101.5997504769622,-546.3014777194402,-326.1708672241128,-341.01234763195674,415.3808093662328,1087.992389995043,865.9235246610298,711.5622147924676,805.3937520318589
-704.5808308552026,-664.8759329488232,-570.1567730969949,-656.3805017541639,201.05460151953196,-649.4732948190283,155.6825093589153,792.4791172316525,732.9400102877463,-669.5533825101185,-295.9430474266162,965.2694555620212,-180.51379322600644,488.95862303546886,258.9177031248168,-418.9614488918604,-662.7050570086753,750.2736933392063,896.7641390619657,498.9483525346017,1006.801517174829,893.9309249780324,517.5680650761327,743.7739475656701,-575.5588916073664,-365.42283813063614,-11.809669688301517,69.66301408479454,-297.5431007421608,-24.9630107186581,869.8858239181865,701.7361703001135,601.1223004699823,809.8304947610627,-68.47837062115397,-85.43739950135453,-715.7132225467103,705.8478082234642,450.3243005406487,371.4103070749682,-274.7881936428226,-392.7910019606035,-549.2382829141798,789.412312273357,720.2936535114619,319.51085597313886,775.6219854175611,1183.2531026450556,506.5806984833144,-122.85899130827072,-241.7768205280915,1011.1702726606644,480.19619696486575,69.45527415074233,-231.35633255220148,-415.05627384636057,-382.2418587120628,-395.9648383568256,-4.762985257319752,-313.67606140199115,-487.6271357471407,-342.64194391020993,-245.413429492434,-511.28229078501215,-459.7897518076479,145.39449736562435,-567.1649969239021,-276.23727688169845,956.622467653036,-483.8816637336952,-99.37841567606658,-549.550492772666,-332.6608020836138,-351.42675612406805,504.5456620279416,1069.817764435654,863.3530544552486,717.3300517428538,859.3438033476986
-729.3804254793695,-671.88467242062,-584.5092815876986,-678.7214755057983,312.1593396181477,-602.0434232882212,138.03611751535436,786.1943678723734,800.4229218848574,-653.4603577903215,-310.9473321858915,940.3311450435456,-196.51561862002023,572.7935508277395,204.40669169624135,-426.0944227157138,-624.6914643529972,799.621017033156,889.4781997059486,454.4873214454588,982.2242858057018,892.1476543785716,473.0734924863029,712.130076439697,-516.1153539592835,-374.0095073685371,-43.93384909700079,32.625208632361144,-316.19168597406866,-75.92024125511334,881.0505630036924,700.0494421515602,678.1374104391411,819.8904335462319,-98.48813162137216,-93.81973326928856,-713.0973916204827,648.6865142649114,406.1133112884078,328.2640925496641,-310.40014896999844,-391.5871690069448,-569.3169741097768,825.4581780261835,771.9874825138877,400.4888883268216,779.0788303192419,1156.9674483717397,578.8542661571561,-168.42026929781295,-152.8344504623658,990.2311306921564,429.81123144576986,30.02873268409793,-235.52836519604656,-425.3593544145925,-311.0398253582273,-344.4591644748561,81.86551428292658,-341.26968379022213,-495.9593455428865,-358.960392752668,-179.3912716862582,-461.0300299832713,-405.2345770077632,230.0159526685404,-519.9902370667356,-190.53239286131816,993.4697377927226,-428.9737791462719,-95.9550283926633,-551.3181345080012,-336.691595967266,-360.4583795069972,589.1392056484017,1046.5592047231416,854.7289748009492,716.0171248520155,903.0068205750824
-749.636458297869,-673.5271526356156,-595.6002226632179,-698.3640461858638,424.4180623284382,-545.6038620177135,120.0285588054215,773.1894591006568,859.0426443088896,-629.211266911251,-324.3214594707822,910.4024610862868,-210.77301616369095,650.0905535026627,150.34250440207347,-433.12390214624367,-578.6628543875564,840.1793321676503,876.7575152666727,410.0982893167436,952.0023901447362,883.8200039678914,428.8244365940664,676.6840629800026,-448.7381298845059,-382.4089949318662,-73.77102799079982,-2.1502304287661325,-331.0885600505847,-124.8210572013248,883.4494414306971,692.1333222388022,747.5306872571941,822.7490440064513,-125.5040335911814,-101.57495513384184,-702.4917141088032,590.3995807887519,361.9346001661706,284.78483257750645,-342.0811075988417,-392.0945560434967,-590.1152431693379,852.6724501824151,814.3280384212395,477.4501681847119,775.5933041043014,1126.3474607204223,645.3867874346431,-211.61557737811563,-60.01817936454721,962.4311223581548,379.94479984676985,-7.358238631208509,-238.61960849680605,-437.0480156858981,-233.15664470631563,-286.29605677710845,167.53716925633873,-364.8775879174996,-501.9777843288993,-377.3504796733204,-107.60626293390897,-403.1051932891904,-343.70347031296245,311.6133458218037,-465.4233666822098,-100.76391356030854,1021.7105407116264,-367.0052665077925,-91.69962645453906,-552.0017470857227,-338.57718317718576,-368.4731431397644,667.9327588901908,1018.7346728494932,840.5781148316958,708.059665192431,936.387405355646
-764.2408038662635,-669.0586744674342,-602.6317568606897,-714.3557965696999,536.0770761769274,-480.4970038824432,101.82085130359408,753.9777624016268,908.2237098056715,-596.4296284376879,-336.44877948348125,875.9876649901529,-223.58475141778743,719.917849133959,97.00492060672896,-440.4257678511934,-524.8047527908953,871.8508822361537,859.1089308507908,366.0607958931179,916.8126195849312,869.4710998100951,385.0633267806351,637.8876950546613,-374.1333360005013,-390.8596764684102,-101.27525806735468,-34.532438144997734,-342.3915248024091,-171.33742490519214,877.5717736882519,678.592062715276,808.643063579691,818.7786130330204,-149.52615803524262,-109.1844922704102,-683.3159528179203,531.3206270186998,318.0021647693748,241.16882974163275,-369.8138652359805,-394.61125869557605,-611.2158777128777,871.1046451110828,847.2642076946556,549.3572963319536,765.635451913052,1091.89747556348,705.5224549897043,-252.089671246328,35.17664418640609,928.404637910948,330.99599670337614,-42.50685654776179,-241.16020388891783,-450.0889433405997,-149.52783019630567,-221.8504114587749,250.84469903429252,-384.4817745794418,-506.0697151614604,-397.7456801777855,-30.893548394794006,-337.9460696099688,-275.7812692860251,389.0184327979028,-403.9191451691138,-8.246180629169546,1041.4197144853806,-298.45575100639184,-86.9884152407106,-552.0070100643792,-338.67628058917285,-375.8433846076592,739.8527624561665,986.8288885336516,821.4325637992129,693.9537424049831,959.6884246136292
-772.1369174523892,-657.8273498624847,-604.8054753537597,-725.725108651054,645.3973079087393,-407.28430700327175,83.57189942205093,729.0995294891987,947.5916256938564,-554.9235125755615,-347.74426745345016,837.5678346911775,-235.2708890158457,781.5389137463083,44.673875449562416,-448.3509148775656,-463.49038044880297,894.7090105769811,837.033414852468,322.6354876822073,877.3129634932448,849.6422081892898,342.01113858259896,596.1687314793095,-293.20512247444094,-399.60612784252186,-126.443797824881,-64.41713596889811,-350.3445179619208,-215.16290587504392,864.003989349107,660.0646315223896,861.0132439534121,808.4064007343844,-170.61461353970284,-117.13145371635322,-655.1709386418139,471.78399451297736,274.54033290275515,197.596539449772,-393.6577726476369,-399.373536148356,-632.1049777922154,880.9390415267263,870.9273519981937,615.3068450774194,749.721665942893,1054.0798898838846,758.7726756814901,-289.52161520537913,131.1810764387389,888.7907473748503,283.34364155628606,-75.25080378231308,-243.6907044940993,-464.3673925983973,-61.24960835440616,-151.68249009253378,330.4573472990072,-400.1504919430963,-508.6528918047607,-419.9789604134903,49.77206670705215,-266.1850306684157,-202.22141493685373,461.181311450354,-336.12070580521487,85.6250034197197,1052.8170612129154,-223.99790450684225,-82.19585593614582,-551.7411026042957,-337.38530898660616,-382.9379853574143,804.0060733997755,951.2885310571464,797.8132452743545,674.2342062047097,973.2838133100556
-772.357858245524,-639.3010381062762,-601.3479592718066,-731.5101390015853,750.7081022561136,-326.7394054278735,65.43896498650055,699.1058718213558,976.9667536080316,-504.7032534685388,-358.6398415768908,795.5986097542595,-246.16487131524477,834.4190290070462,-6.369987950523036,-457.21317451532303,-395.28030111343526,908.9779217982104,811.0139580110244,280.0651219635511,834.132550550579,824.8759501859764,299.8705721705961,551.9312620613614,-207.03440324804268,-408.89224572894966,-149.31903288754413,-91.72945126460036,-355.26974100978896,-256.021419600371,843.4054458551936,637.2007535785145,904.3749400723532,792.0936011441333,-188.89052818194145,-125.88655325460468,-617.8636170419993,412.1293718778259,231.7836462576272,154.24041714492046,-413.7495211122025,-406.5478225185913,-652.1790748859129,882.473230671643,885.6079274758646,674.5484111507916,728.3941923892908,1013.3141404873172,804.8175890908184,-323.6365118213795,226.40049534584583,844.2225401246574,237.33904032233715,-105.46296019555476,-246.74848463159844,-479.68452645509615,30.452481043818505,-76.52680284431673,405.1586046194335,-412.0388450370135,-510.16611217740586,-443.7796780556936,133.30174475955155,-188.6374642864378,-123.92793665494116,527.1941286476856,-262.84577758205774,179.41443821725204,1056.2462939679929,-144.48585633583778,-77.68706040717439,-551.6051967120845,-335.1302211512665,-390.1118778052958,859.6971689291478,912.5213041413036,770.2171871686646,649.4554857352563,977.6876098210516
-764.0638977912052,-613.0918466620788,-591.5382186054632,-730.7899945066,850.4576487045352,-239.8331898691537,47.57757754459369,664.5457227522148,996.3517837726966,-445.9927525400356,-369.5677122731494,750.5109170653777,-256.6048972489721,878.2241256435142,-55.84642617454808,-467.277662404653,-320.9152712045328,915.008836238946,781.5067489908138,238.5749842671173,787.8651631962824,795.7028958106541,258.82825335543873,505.5577585334809,-116.8504216749486,-418.9528220151967,-169.98883973840086,-116.42665161868749,-357.5574388437284,-293.6755827218808,816.4849963259527,610.6394729161285,938.6473530514342,770.3167559291711,-204.5350689883218,-135.8941400257706,-571.4262244748405,352.7043893996228,189.9744238452813,111.27180849963,-430.3015883230069,-416.2237250611105,-670.7558372489806,876.095688837693,891.728390375006,726.4969023009098,702.2031368196224,969.9789810757908,843.5006376062873,-354.2164009293514,319.26315426172573,795.3196912449624,193.2985456045037,-133.0613495670364,-250.85397930013136,-495.7563886694672,124.26029965803302,2.726487126779517,473.8781358139464,-420.3866628796939,-511.0591185060124,-468.7730149293579,218.5228392954442,-106.28302981228644,-41.93171328255564,586.3084731658448,-185.06564913745487,271.69070890465287,1052.151884885473,-60.93573631061212,-73.81060113459942,-551.986258555659,-332.3573709556275,-397.695004421776,906.43679449703,870.8984262866521,739.1086761928564,620.1749135092819,973.5210864058654
-746.5781821204529,-578.9770968931696,-574.7360915662712,-722.717187759978,943.257548752358,-147.7111146894252,30.140772231050452,625.9559964607736,1005.9140532458816,-379.233578436442,-380.9423325469501,702.7140224739776,-266.9247167148154,912.8126826651912,-103.47825139299748,-478.74979808489655,-241.302066628796,913.2540602822036,748.9356030399326,198.37275283808432,739.065978527436,762.631765831436,219.05591948104305,457.4122854786541,-23.996218903754933,-430.003749061956,-188.5853939933524,-138.50074076791785,-357.65381566475577,-327.9341763117832,783.9790683769419,580.9908850002919,963.9199090129227,743.552379524476,-217.7864831415611,-147.5587308610933,-516.1282772326539,293.86500072584334,149.35829012729647,68.8665410891738,-443.5983332738752,-428.4080869596981,-687.0883372131495,862.2636229014984,889.814108118654,770.7378992933631,671.6915417933792,924.4174296050096,874.8169414662831,-381.1097662479938,408.2671537863462,742.6839548013484,151.49643356487516,-158.01402188215465,-256.4970686340709,-512.2147929271064,218.80340004373824,85.0569348341043,535.7167287875878,-425.5137026583412,-511.7819549179637,-494.4822616699794,304.2124493742368,-20.239832538402403,42.6380977128567,637.9459916171901,-103.87768537052274,361.0684314744707,1041.055015289601,25.501099375296278,-70.89177713835086,-553.2481719133415,-329.5235579001967,-405.9808526783452,943.9421051672114,826.7599272155718,704.9142532375764,586.9390379700804,961.479769300411
-719.4188668219883,-536.9157180798151,-550.410527045627,-706.5502889286065,1027.9194115803944,-51.66339543230193,13.277607594150314,583.8549254104549,1005.964138022634,-305.0813449625506,-393.1416131419883,652.6001588028695,-277.4439731809009,938.2217099037553,-148.9953280910234,-491.7652292153529,-157.49247713710372,904.2404784993754,713.6894557152731,159.6478698677611,688.2510353397793,726.1432047249255,180.7106319058032,407.844335380824,70.11055508159026,-442.23115514105154,-205.2825260382201,-157.9808378505204,-356.0475946475573,-358.6583827753619,746.6318373912844,548.8214933102917,980.4324487616244,712.2652774793373,-228.93525026721755,-161.23240251881165,-452.480290352476,235.97360548564657,110.17807698737327,27.208946771575764,-453.9898414656194,-443.0202024375098,-700.3827275361505,841.4821618160779,880.463975785251,807.0263181050565,637.3838891473499,876.9436335324428,898.8965494674306,-404.23918290601375,492.0237261535257,686.8971597926259,112.15858890337964,-180.3426307297916,-264.1239013428999,-528.6104147234283,312.7009142044969,169.34484689643477,589.9635107511767,-427.8123409980828,-512.773890865386,-520.3342276260738,389.13284390207104,68.26744594658709,128.5862742193043,681.702129335364,-20.47261634963288,446.2475889266588,1023.5297345638138,113.5711432622862,-69.22632044971952,-555.7222559989988,-327.08538316099106,-415.2147671129264,972.128833078837,780.4219949369465,668.021298778599,550.2731824487066,942.3019777840108
-682.3261625499944,-487.0591458610164,-518.1665405927774,-681.6855472625485,1103.481903221695,46.910835680943904,-2.8690164860757377,538.7383483602525,996.9322192493772,-224.39417794361697,-406.4881389542173,600.5499434550455,-288.4582504828232,954.6480212332732,-192.13963121482357,-506.380896701597,-70.6561114820772,888.5438683141878,676.1225936435166,122.57050077775384,635.8988223862559,686.6868533828263,143.9341206690926,357.19278446783034,164.01975483986007,-455.77987860799067,-220.2918135864164,-174.93522860683066,-353.2557195248777,-385.76653281977,705.177912920256,514.643448707285,988.5521815412094,676.9007583829373,-238.317511855608,-177.20335709614622,-381.2284831028448,179.39499110550435,72.66659207407085,-13.505874901399276,-461.8837139269767,-459.888292378719,-709.8190359626913,814.285760082029,864.3223114951852,835.2789395041914,599.7781571556185,827.8508358631435,915.9838520164748,-423.6067388201365,569.2949616680579,628.5212006069089,75.45742008060313,-200.1245128000392,-274.1244210818212,-544.4183580859285,404.6029749536881,254.40650631903824,636.1051200492725,-427.7379558715914,-514.4520303945013,-545.6679804933117,472.0671797856679,157.94403424644247,214.68596926611275,717.3432676887554,63.90184279799622,526.0482061682136,1000.1803070908765,201.95666420723987,-69.07449115298641,-559.6973264825025,-325.48805951496405,-425.5823377524761,991.096429178966,732.1855356474107,628.7797779385991,510.6743069254068,916.7402683459912
-635.2828231477547,-429.7559652183324,-477.7695423124762,-647.686147261702,1169.227317628029,146.54398482440692,-18.165153909701477,491.0785507602336,979.3436902780464,-138.21345681770893,-421.2311691688622,546.9378185735422,-300.2290061605873,962.426101173245,-232.67104690335444,-522.5674941183347,17.951900623412712,866.7652571497554,636.5571822771966,87.29018258679575,582.4533303924644,644.6812630190656,108.85141612672832,305.7895315508876,256.2918609962056,-470.7417721406062,-233.85766007251792,-189.4729464948568,-349.8086627559913,-409.2372025776186,660.3278068317835,478.9077408877307,988.748742044512,637.8806755431017,-246.3069994240805,-195.68592423612645,-303.3401578261483,124.49028956194311,37.0387913302637,-53.07165265562653,-467.7350615279169,-478.7473774353882,-714.5746469977615,781.2224598831765,842.0533768555908,855.561659397033,559.3413492268478,777.4196241895555,926.4145560356372,-439.2969608392137,639.0244388174902,568.0994661277022,41.50832308419142,-217.4931258527845,-286.8208197781534,-559.0464336482597,493.2296628229998,339.0318426929007,673.8269522025026,-425.7972458013347,-517.1997523012933,-569.7470305978959,551.8539120624833,247.46444260992376,299.7138270576787,744.7978762405843,147.97924789020792,599.4389393853098,971.620575153213,289.3166817274473,-70.65549783118041,-565.4095320147848,-325.15383197331914,-437.19826695518935,1001.1074481550882,682.3450824897376,587.5065667013482,468.6070410897,885.5368712015608
-578.5267888330915,-365.5497538017275,-429.1657031504571,-604.3077108650124,1224.6874229179737,245.74334152070352,-32.489071748595364,441.3251402448569,953.79534806738,-47.73741958533397,-437.5302155610469,492.1368217301092,-312.97359956801154,962.0038848422328,-270.3735922508585,-540.2036010400759,107.02684250058095,839.5103019277068,595.2875707146184,53.93428087382184,528.327913074637,600.5160618296585,75.56895708159917,253.9624742188157,345.540139795434,-487.1443773263174,-246.2516311722044,-201.74472153592637,-346.23575663850403,-429.1105944432121,612.7563204018265,442.0012345166901,981.5686475225592,595.6030060878695,-253.30571624723663,-216.81221066212683,-219.9799350353703,71.60926120159759,3.4839040021557053,-91.27240565307324,-472.0350095420871,-499.2387212227651,-713.8499041668359,742.8414345283812,814.3195591848349,868.0725311684199,516.508216735769,725.9257055947473,930.5916399615342,-451.4770702245186,700.3596286053241,506.15913613228815,10.36788690650313,-232.63674934847296,-302.4570928615996,-571.8463259793563,577.4056666576251,422.0226380100066,703.0069952451488,-422.53477202888985,-521.3551616747479,-591.774965739163,627.4183620793442,335.5127990573426,382.4842011696313,764.1425930841887,230.51266080148645,665.5585616821674,938.4559957333622,374.3289412110548,-74.14219514532402,-573.0322739482567,-326.47019065112124,-450.0962059685564,1002.5626592533624,631.1972180630895,544.4916689208853,424.50259107057263,849.4038744809716
-512.5549701029158,-295.16984884925847,-372.4970749505515,-551.5186750549942,1269.6389967619464,343.03540576084464,-45.73477255025404,389.9073762628785,920.9333173126914,45.71137707888454,-455.4409670823727,436.52212012754455,-326.8556462395936,953.9177194253384,-305.0617551982215,-559.0717952834879,195.25223910902548,807.372390294124,552.5858094560946,22.60638972586909,473.9093590326704,554.5557149633194,44.17238482601122,202.03758484728883,430.4699494476443,-504.9405262533833,-257.7663058733601,-211.94312831813627,-343.05090813586696,-445.4882173146661,563.0938742101932,404.2472839585099,967.6103495605942,550.4444939531846,-259.733639104982,-240.6255509729189,-132.47755439119396,21.08133273432449,-27.8419640273526,-127.88568455912934,-475.2980379030196,-520.9110571106645,-706.8951394776243,699.6840115493947,781.7638926207901,873.1218114889921,471.6827339927339,673.6465633358696,928.9616453778856,-460.3944819189464,752.6654105652487,443.21378809349096,-17.966096784370844,-245.79539792226743,-321.18981802397656,-582.127743700775,656.0891568978426,502.2293260289569,723.7031107138616,-418.5180488000711,-527.1997742511478,-610.9144167567023,697.8000693146056,420.8221768787194,461.8809795508845,775.5843657086709,310.3110046155583,723.7297759189079,901.2688265420228,455.730753724052,-79.6560469982277,-582.6665713943321,-329.7780908437403,-464.22011120376806,995.973471593326,579.0477571146927,500.0055656202199,378.7600859838768,809.0085659999754
-438.1175254362539,-219.51507795123487,-308.11032340009905,-489.514276736398,1304.0900437338562,437.00921533628224,-57.81554071905697,337.23736269536334,881.4336068409036,140.723382652099,-474.90426506874655,380.4729049514208,-341.9759501087702,938.7676660968295,-336.586697764438,-578.8570609465397,281.33770375574,770.919863268567,508.7078104256762,-6.615183840292883,419.56167810406254,507.1442027814519,14.72423706542495,150.33995671339173,509.9134990036291,-523.9994178390259,-268.7088471560387,-220.30177245650933,-340.7390007854632,-458.5309484864188,511.9207038301696,365.9095240004622,947.5009260831786,502.765751556669,-266.0177002579178,-267.0758549829303,-42.28846916101231,-26.794081014279783,-56.82227628710318,-162.68741342818797,-478.0484829747976,-543.2238546331066,-693.0383215158148,652.2781551237819,744.9972225124765,871.1102782461951,425.2417558069343,620.8665024862967,921.9925338377986,-466.37155076965416,795.5285378536763,379.7658009103727,-43.55287839009206,-257.2559441891136,-343.0802318463319,-589.1755321406307,728.393772282914,578.5845499145307,736.134883547623,-414.32154870238975,-534.9476953687832,-626.3090945125979,762.1747948260683,502.2110270570512,536.885690285437,779.4399143574582,386.27185019432255,773.4652418565596,860.6067494730086,532.3566385691221,-87.2623945243991,-594.3322623241994,-335.36043219876973,-479.4176871061738,981.9332678604244,526.2170656182197,454.3069225167716,331.7498307888061,764.964000622316
-356.202437428773,-139.63085159931697,-236.55817410734,-418.723070400091,1328.258143627131,526.3567264784464,-68.66725788193536,283.71354729417607,835.9859130346844,235.8425070297325,-495.7387368201136,324.37242755440155,-358.3642823393855,917.194147165264,-364.8421094394725,-599.1477977186436,364.0549430581047,730.6874622595888,463.8996089769293,-33.67871378920147,365.6292347565936,458.60997663281,-12.73825522690104,99.19378125874611,582.8586543041254,-544.0996910317755,-279.39442167219283,-227.09337712139128,-339.7432311382845,-468.455607930618,459.7637486432276,327.19832179480943,921.8752759401808,452.9181255328944,-272.5802931024905,-296.01689017218774,49.051069795313005,-71.75737092685307,-83.3851697850275,-195.4580709048005,-480.8065107786304,-565.5529179898562,-671.7124096293895,601.1361814769607,704.5899664678926,862.5070638997265,377.54020297125794,567.8797641781497,910.1541558975676,-469.79765696462687,828.7533887194685,316.3081116534233,-66.50540855408194,-267.3454967420057,-368.0876505531589,-592.269582439173,793.6030816633529,650.1318827530895,740.6613437892046,-410.5100321166073,-544.7355894666633,-637.1084878242682,819.8703550382897,578.6150454810804,606.600806465625,776.1138166000944,457.409223031458,814.4661356157676,816.9750377555897,603.1709405724936,-96.96612430221052,-607.9604383606966,-343.4310825387261,-495.4364543702917,961.0891571193224,473.04306106830506,407.64992503441454,283.81787177682537,717.8245411572635
-268.01070278285187,-56.680395149503866,-158.5930029817196,-339.8051887978765,1342.5426926865457,609.9084382857601,-78.2512402637478,229.72403743603135,785.2809828171181,329.60785866403006,-517.6375725722851,268.6061446813797,-375.9722903021223,889.8567557265607,-389.76952848303137,-619.4397001855976,442.2702208098588,687.1718309215378,418.4032499526,-58.56000695610884,312.4389940111324,409.2706279730601,-38.205090473631685,48.92128240465225,648.4707381077537,-564.9249809002815,-290.1395147719745,-232.62666689227527,-340.4535742997457,-475.5302072703723,407.0959672646817,288.27928891160457,891.3584716160034,401.251572114302,-279.82752664838483,-327.2054888401647,139.97236765506662,-113.59801939725828,-107.50692748399176,-225.9898776345017,-484.0738445949588,-587.1986275394563,-642.4814101048592,546.7552947196195,661.0681248710639,847.8281474328062,328.9170821297334,514.9915644325451,893.9021549565113,-471.11881024127086,852.349804360683,253.3249711076236,-86.98564295335323,-276.42313293157423,-396.064283518267,-590.7071944708622,851.1773628416573,716.0484699230849,737.7559512717805,-407.6216459588572,-556.6137597903333,-642.4946505927625,870.3758231998507,649.113127861289,670.2674694873486,766.0764601365871,522.8753695747208,846.613938681719,770.8322052735231,667.2939641188353,-108.70788637715732,-623.3875053057504,-354.1247568602445,-511.9229131465236,934.1155011630173,419.881630426175,360.2906113722837,235.2912587100145,668.0858430581565
-174.9229825221948,28.088730321541693,-75.15240731492074,-253.64192580474517,1347.4929668702885,686.6626865521738,-86.55638217478754,175.64932142454043,730.0015494744121,420.5948601557463,-540.1697893596534,213.5581048056696,-394.6678336682468,857.4158366406598,-411.3629609053091,-639.1427180502532,514.9718602299084,640.8306719691726,372.4619040762758,-81.26292064958025,260.30176152160885,359.43681458577794,-61.69499804633327,-0.1593242882306465,706.1066639562971,-586.0623988508108,-301.2551155533009,-237.2419907786861,-343.19652389998504,-480.0680549659796,354.3377250579304,249.2831946477352,856.5517044111787,348.1227482934691,-288.13744064012747,-360.3026348619788,228.9237585951942,-152.16278630459288,-129.21364329126234,-254.09460117747597,-488.3194990783252,-607.3971212452996,-605.064057567048,489.62037271266746,614.9129630358428,827.6164864053818,279.7016552841664,462.5170778116927,873.6658702629262,-470.8250331385125,866.5142029536282,191.29144650396705,-105.19877327626249,-284.87014234894514,-426.7515258130833,-583.8273508086654,900.7529972553622,775.6607897135978,727.9802354718446,-406.1512587582856,-570.5386688481108,-641.7103382369546,913.3440163307127,712.9464642772695,727.2771841715625,749.8429815078892,581.9758127068421,869.9564602754178,722.588928714582,724.020634862459,-122.36105896794678,-640.3512506404206,-367.4880755001628,-528.4251690564984,901.6903557482603,367.104397721314,312.4917230074078,186.48339932169316,616.1885367840595
-78.45906231617934,113.38134531788562,12.662951615282026,-161.31665891483334,1343.7739671270483,755.8073598841494,-93.60043859825169,121.86406574294996,670.816580800169,507.4539120798138,-562.7861717256224,159.60583507818075,-414.2310580936922,820.5172329100218,-429.67262277966665,-657.5912341754864,581.2917270132898,592.0849817061558,326.3239137602698,-101.81939028506004,209.5123881820657,309.4151125593223,-83.25642025376709,-47.736750935064975,755.3211553595102,-607.0043228455226,-313.03970137629454,-241.30567295326625,-348.2262069308296,-482.4209120125814,301.85982802120856,210.31659638933397,818.0220299864627,293.9025076849787,-297.8483869749042,-394.8763698304605,314.4187942987694,-187.36228573612877,-148.58102041285505,-279.6115540808922,-493.9657482314529,-625.3346528325476,-559.354004158243,430.2083136615877,566.5636337524608,802.4245628745637,230.21912768200497,410.7785249685786,849.8405212665266,-469.43585372324856,871.6054473795731,130.6715294162106,-121.38668186186936,-293.07899133157304,-459.7778848071361,-571.0361482448791,942.1351757442222,828.4532064686791,711.9574066705036,-406.5345013421218,-586.3672276307516,-634.087586051689,948.5875597551372,769.5302651268355,777.177379269098,727.9541181110476,634.1774305984771,884.6893147458778,672.6099072124729,772.8312198881706,-137.72969374093418,-658.4892850809712,-383.4721275040749,-544.3992650653795,864.4757144693434,315.093956279669,264.5257685305308,137.69894495750518,562.5247198637165
19.768098782556,197.89290497858008,103.6184773981422,-64.08761030602527,1332.1319174106206,816.7331979617825,-99.43033951717672,68.73773569463869,608.3783529296064,588.9449786709052,-584.8299190083511,107.11407036920508,-434.3525310419558,779.7803856234993,-444.8076188897831,-674.0575084948392,640.5200485145789,541.3236640081126,280.245556550639,-120.28895218460794,160.3489721432619,259.5095907541249,-102.96791533842968,-93.51031344490572,795.865213110965,-627.1538131934797,-325.7719394700093,-245.20312242758052,-355.7169347350714,-482.9714039292333,249.98773568480928,171.47251198500058,776.2959003965998,238.9820083364476,-309.2477836839302,-430.4064648539927,395.0808284425983,-219.17556510926235,-165.73235669901666,-302.4153485186204,-501.3745455417711,-640.1652468381744,-505.4354074341863,368.9931844529534,516.4219299264659,772.7998792660211,180.79531329321583,360.1006281018467,822.7836632724578,-467.4842962935364,868.11711237424,71.91481833964338,-135.82090670347677,-301.441265982842,-494.6587818974859,-551.8324303803201,975.2849213145838,874.0694618034386,690.3471165112848,-409.132965030284,-603.8531666496779,-619.0756679763947,976.0691636568688,818.4580543003392,819.6710469042926,700.9596708792021,679.1096895891893,891.1341951128702,621.2182188840923,813.3941555351981,-154.5476987124425,-677.3402045685856,-401.9268586986726,-559.2193240408618,823.1021635877928,264.23683969055224,216.67617548543188,89.23772046750754,507.4463098424441
118.1016401773057,280.3474877359067,196.38054900957147,36.64656745119546,1313.361096583778,869.0382963426723,-104.12149145951304,16.633860272859057,543.3217027609038,663.9667644532251,-605.551866107772,56.427704560534806,-454.63377677720416,735.7897903320091,-456.93735828648346,-687.7683298448864,692.1133559234039,488.90975980655327,234.4923918830288,-136.75778579151648,113.07113663193208,210.022026687675,-120.93795024649934,-137.19421775181328,827.6773815901025,-645.833878765862,-339.70304384338374,-249.33076820905796,-365.7572197634152,-482.1249074199425,199.00648060239445,132.84050093505437,731.8562623754098,183.77671034525304,-322.56145401338523,-466.2908296047522,469.68192202220416,-247.65244026991965,-180.83487366857128,-322.422983662356,-510.8346268550896,-651.0315960774639,-443.59288213241575,306.45139750298455,464.8583450132539,739.2736899915468,131.7598540327546,310.80476761453764,792.8156212966808,-465.4998048124992,856.6478425738201,15.451853001081355,-148.7953673193585,-310.3348871922158,-530.7985533234288,-525.8324916386362,1000.3016485947192,912.3076715840216,663.8223634956814,-414.2209761470117,-622.6457766774045,-596.2672504409162,995.8870347685872,859.4988794227314,854.6109540401454,669.4050273302273,716.5595280303546,889.7153050788104,568.7016486413598,845.5615010689642,-172.47952073678812,-696.3477856075293,-422.5975931044514,-572.1914624106531,778.158263806951,214.9146347662029,169.23656187237938,41.39731719217619,451.2743276630741
214.89113233473356,359.5337679416665,289.5556636767166,139.38694669408912,1288.2734185996503,912.5239326045562,-107.77608042111687,-34.09216423979295,476.2647274939809,731.5794989688254,-624.1299826818773,7.864349343694627,-474.5905520016161,689.0896556644446,-466.2915033166087,-697.9246910869293,735.6957553996322,435.187515069565,189.33912004248944,-151.33733143912957,67.9175018494217,161.25079533566324,-137.30406625740275,-178.52228509453275,850.8687062593916,-662.3007023288583,-355.04877304127217,-254.086913644207,-378.3452652607586,-480.3011414559584,149.16585111415156,94.51559063491676,685.1428210998188,128.7276746240646,-337.94377270125574,-501.8536654612429,537.1743744040281,-272.9134816409773,-194.0946328084481,-339.5998789039808,-522.5495582753454,-657.0889243968803,-374.3149339373421,243.066184279852,412.2186662215456,702.3530104335711,83.44770089849206,263.2022115588463,760.2233570600888,-463.9905695038238,837.8714266835392,-38.31172578453919,-160.6190498010573,-320.1109144280335,-567.4950314081785,-492.7926027195626,1017.402597328988,943.1097381782794,633.04932862516,-421.9743215460548,-642.2912749043034,-565.421481084736,1008.2565633478388,892.5881456133542,881.9891462062083,633.8209491339295,746.4607021182366,880.9352457302442,515.320399744431,869.3579191609069,-191.12257252344392,-714.8684727553302,-445.12398366377,-582.5712884402517,730.1846825808543,167.49373707186922,122.50827907557384,-5.525898655692869,394.3082671897765
308.5416959667151,434.33739994523984,381.732001225233,242.57842196351064,1257.6718579892158,947.1823063803524,-110.52043877747624,-83.09675861400159,407.8101931435358,791.0207173530773,-639.6926979576092,-38.29313025964136,-493.65918857139474,640.1814862259436,-473.15825936241225,-703.7241544384867,771.05410883556,380.4895449774291,145.0679340062352,-164.16256213980367,25.102511484351076,113.48856394104963,-152.23140369369034,-217.25292412270213,865.7025476775998,-675.7607899033038,-371.9811206184326,-259.861623680247,-393.3859240220534,-477.92569586500827,100.68544854911885,56.605575184732814,636.5549231746951,74.29977022814738,-355.46885124916344,-536.3554003520202,596.7136662005712,-295.147668694137,-205.75034648393475,-353.96452483776375,-536.627033643119,-657.5312869134527,-298.2902309161143,179.33072404390154,358.8304228186914,662.5157251561994,36.19870056048872,217.5868043396396,725.2670231020818,-463.42575384209925,812.5080538897978,-89.00193662183139,-171.60879487225293,-331.0802671751584,-603.9471013325505,-452.62806010623433,1026.900506230579,966.5463311546138,598.6707021988515,-432.461249139955,-662.237016473401,-526.4827434684616,1013.4895580264648,917.8130605136112,901.9226336063522,594.7166015933002,768.8786481789997,865.3515189704347,461.3155677792837,884.9643583637312,-210.01160963549967,-732.1823341944934,-469.0416716068872,-589.5846505029817,679.6728224408517,122.31431749388386,76.79645773625718,-51.23745857216566,336.8348402789978
397.559763800882,503.7685134521786,471.5214492355267,344.6557064449645,1222.3284775875395,973.1772112192602,-112.501573712371,-130.0532712267924,338.5469770841878,841.7138017555404,-651.34544852845,-81.80376062178055,-511.206280542714,589.5242242174053,-477.8808407392416,-704.3854083625646,798.1280060501142,325.1434258943587,101.96539184572406,-175.39000081342112,-15.187179843654032,67.01901354819512,-165.91056942111288,-253.1741422059507,872.5706063076739,-685.3918390654388,-390.6198264355378,-267.0257747558003,-410.6891253534607,-475.4217185005769,53.75930099728345,19.23632309662603,586.4564098453121,20.976645106791285,-375.12300225757946,-569.00445482562,647.6721426415867,-314.60782339368336,-216.0664260762304,-365.5915008264796,-553.0697672504766,-651.6195247047997,-216.39638596365927,115.74941357431204,305.0086460449221,620.2084372023057,-9.644740852634476,174.22749899317336,688.1883223716676,-464.21813810816695,781.297990061202,-136.28382384257097,-182.0822884661692,-343.50069851584794,-639.2655894808739,-405.4275030684979,1029.1808431299146,982.7987296428432,561.2928361981071,-445.6360141371046,-681.8387339913817,-479.5938797975127,1011.9723434766436,935.3938757536278,914.6362612765512,552.5756086042296,783.9920765590649,843.5546299666152,406.917753370694,892.6977712228174,-228.62520417154263,-747.5075448858357,-493.7869061532858,-592.4511525221909,627.067441700624,79.67911151372961,32.40483237896627,-95.44708765091286,279.1355436361467
480.5935906077217,566.9833453424511,557.6001020905959,444.0890828147714,1182.9674777171983,990.8189947727352,-113.8829760351866,-174.6583529542731,269.05098530001976,883.2694220057081,-658.1997089531819,-122.47497032719264,-526.5418970076938,537.536531198605,-480.8519929396543,-699.174345387474,816.9956176595748,269.47714832656754,60.317886851875954,-185.19557748303663,-52.79650830999692,22.11287512767438,-178.55482850084996,-286.1083811138195,871.9666091739269,-690.366928581447,-411.02391359374,-275.9194148878014,-429.96978719686814,-473.2019510467154,8.559796481724735,-17.44514659550846,535.1817376047126,-30.74740684277033,-396.7987304778124,-598.9708749130061,689.6433284318026,-331.6039999121296,-225.3256149507025,-374.612696823765,-571.7683576911757,-638.7098531574557,-129.6813047262773,52.83691455937672,251.06055087824268,575.8465712359844,-53.74183027413474,133.3611011281345,649.2197289667646,-466.7077055823481,744.9786382708825,-179.86907483650126,-192.3513268811629,-357.5643610161328,-672.4877484594534,-351.46138072166434,1024.679787529857,992.1388604560766,521.4768375641048,-461.3351880988671,-700.3709473594464,-425.1028425118199,1004.1439912641868,945.6622225432932,920.4438195206676,507.85476577970303,792.072585433483,816.1485668076365,352.3552186485795,892.9882517211784,-246.39438980712808,-760.018309316297,-518.7043293042227,-590.4098082500881,572.7725559042105,39.84266372082131,-10.370362674213156,-137.87242666746727,221.4926514093989
556.4669567259607,623.2993816520273,638.7453538064034,539.4278039923724,1140.253370526342,1000.5353919310404,-114.83983833628317,-216.63932568082345,199.88512837490333,915.480368726102,-659.403643633144,-160.16818129630073,-538.9363556717143,484.6007647107257,-482.50650883481455,-687.4308267465922,827.8566241955846,213.822982094454,20.40584879628661,-193.77241201860545,-87.60570967439998,-20.976392952723774,-190.3966045756208,-315.9169662112409,864.4591135355413,-689.8814225509389,-433.1835250626607,-286.839608918971,-450.8492600801623,-471.66125435330713,-34.759217895395366,-53.26992708543973,483.0426622819256,-80.37827020281219,-420.290506209708,-625.4018295825613,722.4373059214635,-346.4950569981051,-233.82152984266767,-381.2166688623362,-592.4965120749207,-618.2818635581134,-39.33756989311905,-8.885219489106998,197.28890518397523,529.8161716049589,-95.7592094360167,95.18556294392724,608.5936373998203,-471.1466951039362,704.2656545861939,-219.5235119411254,-202.71541810956936,-373.3863165259455,-702.5954691409416,-291.1836924506029,1013.8639847949306,994.9088193060052,479.7335140557626,-479.2768935302704,-717.0406374629608,-363.56198490206975,990.4758328790052,949.0378708802194,919.7284517612104,460.9849405822766,793.4635709661077,783.734223770808,297.8610491426396,886.3549361117477,-262.71347419593616,-768.8659674474326,-543.0580588380785,-582.7460673374054,517.1597501745655,3.0016546797435044,-51.24713605017152,-178.24387291050323,164.19338129532696
624.204913921823,672.203734654259,713.8679422723885,629.3392057748126,1094.7841037461922,1002.8399232436144,-115.55381402887556,-255.7621663841977,131.59808636823652,938.3105870595984,-654.173415568117,-194.80322331988884,-547.6404012289007,431.068190709989,-483.31174158862586,-668.5951614615519,831.013427025118,158.51943259479577,-17.503127955123215,-201.32858487031436,-119.5336405592559,-62.016953569518485,-201.6832853451092,-342.50397633509715,850.6647997761361,-683.1817665582088,-457.0123903081079,-300.02798683382343,-472.8583854483153,-471.1697008406789,-76.06024514176038,-88.0487961442445,430.3348338393696,-127.4348656083912,-445.2925847214377,-647.4389150582632,746.0680686324417,-359.67867962925817,-241.85138451638684,-385.6461422453706,-614.9090122525342,-589.964576612242,53.32925182569589,-68.8943601258911,143.99399254561482,482.4768229274933,-135.3781497020181,59.85412292886225,566.5505899182821,-477.6866262455637,659.8384952817667,-255.07407719162208,-213.45578244821448,-390.9943613797047,-728.5371815278286,-225.2264605573168,997.212873490176,991.5010431166564,436.52190221731104,-499.0630700576882,-731.0042102622634,-295.71953575109063,971.4532192970626,946.0052001031858,912.9233683283258,412.373630034963,788.5596222690845,746.8961256347739,243.67886257227545,873.3819053356181,-276.95293421513475,-773.202852020839,-566.0461058048976,-568.8193194950106,460.5779305171488,-30.71310279352905,-89.96484393824677,-216.3101590851672,107.53210695079122
683.0508676101451,713.354816499328,782.0376511412043,712.6418656443205,1047.088722984835,998.2995410267056,-116.20744848297431,-291.83963792817667,64.72172374757601,951.8794709518884,-641.8241034107675,-226.36134884895628,-551.9084113671216,377.2649597120929,-483.7561856142685,-642.2332303446327,826.851773818204,103.91110364571234,-53.16197046280935,-208.0849203347805,-148.54042998933502,-100.8026604543839,-212.67234743674337,-365.81937389535176,831.2234667182294,-669.595147002878,-482.3412924617275,-315.65827220896256,-495.4422869191449,-472.0662403433139,-115.2208616122598,-121.57593715107863,377.3437449458597,-171.46320214615238,-471.39914163017625,-664.2371389389506,760.7341474288155,-371.5801516576021,-249.70909929796017,-388.1937460041868,-638.542773156848,-553.5591233823769,146.93711731643393,-126.67490643539978,91.47418831748,434.1651589946292,-172.30276467000277,27.47053133298873,523.3458743215264,-486.3677705045213,612.3304897350339,-286.4149390152619,-224.8298214765188,-410.3205647572812,-749.2532119927157,-154.3868051545639,975.2041475943306,982.3401250905112,392.2509505189631,-520.1848198106007,-741.3876814562457,-222.50320884261075,947.5602581826994,937.0905614700696,900.493780065014,362.4086283231194,777.7874386304899,706.1926104192931,190.0667035663865,854.6951760911496,-288.4742288322015,-772.2082957084826,-586.8180440454655,-548.0898752055721,403.36350091790007,-61.24249193928084,-126.29139615739037,-251.84425439693527,51.810597978250414
732.4747532111704,746.5776774558504,842.5017996882622,788.3315029102664,997.6289746306896,987.5030901329052,-116.97841407209388,-324.73903682662774,-0.2328759519631819,956.4426477978722,-621.7991128993347,-254.88666827990565,-551.0240194428161,323.4983581638273,-484.33626680515016,-608.0591409219682,815.8217938889594,50.34643016993103,-86.35231087118902,-214.2727556272332,-174.62921709111015,-137.15660061563423,-223.6258321428984,-385.86127766764446,806.7757240787066,-648.5588070241885,-508.91293004121246,-333.8241372306062,-517.9670431137438,-474.65287603687614,-152.13330368865326,-153.63452833600184,324.3496020758084,-212.0506955562919,-498.1069949283324,-674.9853740017401,766.794071941801,-382.6402092251042,-257.67891733448744,-389.1961124520466,-662.8212871472514,-509.0566578622795,240.0672618049871,-181.72833227715475,40.02524661277737,385.1985013128507,-206.26881788388363,-1.9144666552811664,479.25397237416007,-497.1114964369508,562.3232754177416,-313.5123780942179,-237.066127479484,-431.1949431755851,-763.7041507089389,-79.60694802732242,948.3026721347647,967.8670456356904,347.2838035427007,-542.0308220915734,-747.3098777017557,-144.99634973848902,919.2679948251018,922.8415501965284,882.9208280701226,311.4622698972595,761.5891073025699,662.1494419418784,137.2988743885197,830.9416853521108,-296.64628218360355,-765.1160314958605,-604.4957129818043,-520.144341261097,345.8499756412063,-88.60236031363982,-160.03031737282672,-284.6491713770982,-2.663636212906908
772.1725209271552,771.8536435608111,894.6961074943158,855.5987480605917,946.804114119082,971.0319479534468,-118.03368463568664,-354.3890047945748,-62.78069846387409,952.3705618582924,-593.6969255835157,-280.4858807748259,-544.3273152771013,270.0628335140283,-485.5415552910857,-565.9543119034721,798.4202563331746,-1.8265992557461797,-116.89280527266764,-220.13160902176773,-197.8467913822365,-170.9339415968502,-234.80421303580488,-402.6773080451925,777.9441202463748,-619.6476824828939,-536.3785746921135,-354.52780017092607,-539.728408789721,-479.18923007930925,-186.70482227396863,-184.00381801984588,271.6308245436501,-248.8398301140016,-524.8211732531366,-678.9279728581771,764.7383647803193,-393.3023206433965,-266.02956414537664,-389.02650626006266,-687.062669953989,-456.6502337760828,331.3054242378383,-233.58466611459664,-10.061560191840382,335.8782625444727,-237.05265368224937,-28.305298188468235,434.5705501604103,-509.7158629354208,510.3452079293576,-336.4081559448748,-250.3600991455691,-453.3417066341898,-770.9015572059337,-1.947936794181284,916.9529405359466,948.5263471054936,301.9440386561272,-563.8987532035499,-747.9082771579442,-64.40748422036864,887.0262271980887,903.80899648978,860.6881098672121,259.895749181226,740.4083482511764,615.2566580812471,85.66557341957136,802.7709682137546,-300.8633026366263,-751.242093467119,-618.1965856894637,-484.71826739291663,288.3761224767021,-112.88399677358132,-191.02742619921457,-314.5632919534654,-55.5807410359678
802.0575646997313,789.3051114130332,938.2479667247248,913.838389920409,894.9580978956367,949.4339427181972,-119.52379186112849,-380.7848662575397,-122.46927927259352,940.1261528860492,-557.2940159226091,-303.3262389189158,-531.2425823541827,217.2452950698192,-487.8386904601441,-515.9819537880727,775.1746559489343,-52.26645472007748,-144.64719474606565,-225.9066012705277,-218.2830281768336,-202.02400903246925,-246.45969602361595,-416.36498049988336,745.3181734081343,-582.5989567845384,-564.2969189750039,-377.6698414571853,-559.9627518443546,-485.8873447427379,-218.85867486999143,-212.467225942398,219.46600651793173,-281.54033868380634,-550.8635591440194,-675.3871187244814,755.1597764056567,-403.9997369946999,-275.0089127978286,-388.08616093156894,-710.4914272128649,-396.73960734124194,419.2826708352647,-281.8147494719132,-58.50228988387214,286.4928454417762,-264.47975581472167,-51.76237601266247,389.6118942254546,-523.8547767485957,456.8731791365477,-355.2211321088238,-264.8702091181202,-476.3784996276905,-769.9401059545422,77.44168926079085,881.5749565083572,924.756526465278,256.5231475803934,-585.00959610335,-742.3669077781317,17.965436870849324,851.2588827603289,880.5322477279683,834.2711951270913,208.06306840506855,714.680083788602,565.9683221254683,35.47034219357963,770.8200084633554,-300.56350921508005,-730.0122102143513,-627.0592775171908,-441.71494695650347,231.29187897463703,-134.25175729512665,-219.17689843798712,-341.4648829521791,-106.63342724220834
822.24509040526,799.1765351935085,972.9725535792276,962.6502038905968,842.3883034757531,923.2013494297016,-121.57731513021176,-403.9920058164775,-178.88617873141203,920.2428327629108,-512.5628023834793,-323.6317512286787,-511.3053678667208,165.32922534695683,-491.6543898149615,-458.3960323462954,746.6295171684686,-100.6453985820275,-169.53170333460616,-231.8454402379338,-236.06909537621556,-230.35161251968336,-258.8289858033322,-427.07116250280376,709.4435129500088,-537.3321495476395,-592.1354866224283,-403.0407600631991,-577.8603535523695,-494.90656125399903,-248.53560116011369,-238.82096591693127,168.1342869026438,-309.9392390394736,-575.4847785285151,-663.7853555811542,738.7233727368268,-415.1426366448069,-284.83906147778464,-386.7945018590799,-732.253947633005,-329.9282518978413,502.713972310101,-326.04252861781714,-105.02400360206086,237.3198549320814,-288.43244674955247,-72.40163736280084,344.71189246720604,-539.0809689423149,402.3371464602492,-370.1469689789692,-280.71493274257534,-499.8190141764885,-760.0300643642663,157.36071953407344,842.5632490039847,896.9836764874864,211.28853321145064,-604.5246728192908,-729.9455019140272,100.77444693339616,812.3626552759126,853.5280636231621,804.1302968891507,156.3142267030976,684.8234419349074,514.7047366584264,-12.974548094312468,735.7015137240043,-295.2482349889817,-700.9875943431854,-630.270513895985,-391.2193195100755,174.96148192326612,-152.93795170192357,-244.42648088548933,-365.2755500973429,-155.52312769155262
833.0306934824451,801.8127690957648,998.8625378386716,1001.83193382697,789.3549421250583,892.7534606955588,-124.29576486868017,-424.1468836227572,-231.6671905322041,893.303802117894,-459.68359642379056,-341.6776882197627,-484.1875771699652,114.59720392641836,-497.35799794579697,-393.6439736395287,713.3351020231129,-146.65761971848065,-191.52137745022043,-238.1947623668218,-251.37449207629845,-255.8777134934459,-272.125549076136,-434.9906366434407,670.815101422156,-483.9634641898113,-619.2749422702342,-430.31482014010106,-592.5811738675319,-506.3483481190034,-275.6956159532432,-262.8826819215942,117.91415798572169,-333.9082632144817,-597.8794194502009,-643.6675994398543,716.1379098842621,-427.1056480600892,-295.7116970455464,-385.57843094759386,-751.4376002196195,-257.0122754817489,580.4328421439656,-365.9566094692912,-149.3691007609911,188.6275168830714,-308.8562811109859,-90.39295549745628,300.2168237326662,-554.832977666466,347.12659819060525,-381.4558403824741,-297.97029796925466,-523.0792693867057,-740.5288208110492,236.59177571913727,800.2885875046512,865.618189268292,166.4913089566564,-621.5651750827392,-710.008891584033,182.6627379683419,770.7084167104671,823.2831972683501,770.7060319803124,104.99733524798911,651.2380673294705,461.85660156567576,-59.354518108971945,697.9956419089143,-284.5007731509276,-663.8879793356848,-627.0927294379637,-333.5060542958934,119.7634873313701,-169.2352589425774,-266.7816236399731,-385.9624733214295,-201.9670999132406
834.8645946097542,797.6360010897216,1016.0723949119898,1031.3654073739167,736.0904021750528,858.4239546890439,-127.7490240001439,-441.4553965794184,-280.5049603551336,859.9235385743864,-399.0496881716903,-357.78350998802546,-449.71925031173305,65.33154642903604,-505.2441150554161,-322.3625945551246,675.8385289133885,-190.02758388453267,-210.65500585428015,-245.19564357638455,-264.40305683902926,-278.59957503611366,-286.53141535367945,-440.3638239247343,629.8743023582804,-422.81332995572166,-645.0165880939996,-459.04674506968246,-603.2731070270007,-520.2510112082292,-300.3199534833297,-284.49963097893124,69.08081165248203,-353.4084192732967,-617.2045427735045,-614.7217950650694,688.1296955312662,-440.2159851172413,-307.7836073173392,-384.8608445142879,-767.0931715602201,-178.9613947119338,651.4206044304099,-401.3203545759277,-191.30014864483195,140.67526176005492,-325.764754593389,-105.95760995179616,256.47834672282687,-570.4462458070608,291.59815163851925,-389.48813384086174,-316.66796220732004,-545.4877367039555,-710.9700578724263,313.93761206360165,755.1018562812898,831.0541566589516,122.3732456572614,-635.2339008693949,-682.0554446861515,262.30561335501875,726.6447870628147,790.2504991435267,734.4179851518778,54.459424695898456,614.3034056780414,407.7905472138416,-103.36055416466212,658.2449924917155,-268.00423627191327,-618.6107537210563,-616.8913451246842,-269.04109573596463,66.08761374253096,-183.48706448778785,-286.3083068236709,-403.53936422304537,-245.70615443452516
828.3230615570434,787.1225258951758,1024.8984885091577,1051.3970817639251,682.8078814547927,820.4530538302369,-131.97150977707176,-456.1884212470114,-325.157631771801,820.732047871181,-331.26496159861443,-372.3043729145986,-407.90572627587966,17.812889976975875,-515.5159215254225,-245.36702123243444,634.677164253131,-230.5180042763961,-227.03831843381212,-253.0781460072412,-275.3881465075811,-298.5505458066307,-302.1885885306255,-443.4737155445756,587.0093891161149,-354.4063797082535,-668.5932693542131,-488.6717964594556,-609.0926405980169,-536.5843020118091,-322.4130080490014,-303.5560239197523,21.90218296083084,-368.4916097605022,-632.6012966713064,-576.7972690246784,655.4198663212162,-454.7423781100068,-321.1722150648632,-385.0485586695162,-778.2602315296282,-96.89260392943729,714.8292031416981,-431.9799169179891,-230.60502689863148,93.71348608265676,-339.24203750457065,-119.36500659665435,213.84516190077065,-585.1683446774535,236.08349880701888,-394.648200532946,-336.7936750029152,-566.2993503678972,-671.0891126564267,388.2553947816587,707.3394694678733,793.6709657796363,79.17230826943485,-644.6388243805379,-645.7432129633996,338.44928295430776,680.5031644391942,754.8481701186212,695.6656047073918,5.0458028630349405,574.3804593442059,352.85544840945823,-144.6980996951856,616.952485041039,-245.5576277123188,-565.2451057198625,-599.1606771565354,-198.47622225492523,14.328589272595044,-196.0762023172221,-303.1343562681373,-418.0661775891895,-286.5126749122692
814.0785320986334,770.7805534743562,1025.7561796459004,1062.214527971332,629.7088204182857,778.9842911733674,-136.9592079940476,-468.6745109252762,-365.4570803320426,776.3622186585179,-257.1337546568595,-385.6214003095894,-358.9390358404792,-27.68329346530306,-528.2698802014337,-163.632683270394,590.3740435193471,-267.9368811174083,-240.8452387286306,-262.0548488178221,-284.5872287390916,-315.7996114602544,-319.1901980000709,-444.6420418781444,542.5589579323384,-279.46348724971244,-689.1838256303747,-518.5097221234062,-609.2276837323985,-555.2440378954507,-342.0041347800909,-319.9792331054384,-23.366086304941977,-379.2993879214181,-643.2192702024273,-529.9197620687574,618.7057232525544,-470.8849444217467,-335.9510373112229,-386.51982785835816,-783.9948691819715,-12.037645901361776,769.9968576561456,-457.8697698599785,-267.1021858506586,47.98255157851439,-349.44354216726407,-130.92880993351713,172.65385860480745,-598.1782115764279,180.89697225316775,-397.396258174602,-358.28595779539114,-584.7132877584211,-620.8430972688155,458.4873502154887,657.3296642153182,753.8364952097844,37.12635342930826,-648.9180353120246,-600.9124080763244,409.9457467379346,632.6034883571209,717.4616159170188,654.8308200380475,-42.90207806989344,531.8153940300681,297.38892271600537,-183.09647758516317,574.5815912066561,-217.08929249844692,-504.0802274057581,-573.5473790921192,-122.63649566634707,-35.122603273777834,-207.412633888034,-317.4490750230405,-429.6476852997765,-324.19858427486906
792.8698589720005,749.1301329886332,1019.1552365508508,1064.2204613658378,576.9888124311622,734.065572777949,-142.66771441238333,-479.2898548357182,-401.3162490688935,727.4403799571481,-177.64305077715989,-398.1309188615692,-303.20258511763046,-70.89211296044931,-543.4825421309936,-78.27083088761522,543.4350127539112,-302.14315554366374,-252.3170477052697,-272.3134105757189,-292.2761497361351,-330.4508040187636,-337.57159260320714,-444.2246798522334,496.8176179268814,-198.885918646472,-705.9311132126644,-547.7729652235198,-602.9221534505605,-576.0469493104122,-359.1491974418175,-333.74467615891746,-66.48647650193142,-386.0590591572503,-648.2430285025201,-474.30212079477513,578.6464772958329,-488.7661249831052,-352.14502432646026,-389.6116644455001,-783.3990996437295,74.29420550637468,816.4562797585663,-479.0154814645322,-300.6457919764611,3.71112248635976,-356.59423830074826,-141.00259434864327,133.21945868610302,-608.6091357542463,126.3420953478521,-398.2385914869548,-381.03483264036976,-599.8942420378853,-560.4244783528459,523.6864866873645,605.3989993041673,711.9112680019549,-3.5252913088664046,-647.2654842628161,-547.6028564339828,475.78229669630826,583.2600309548342,678.4472315646211,612.2816941588197,-89.05017748130781,486.9443175084244,241.7234361060666,-218.3183320881262,531.5582780373927,-182.66693598764843,-435.60683656321527,-539.8703152194532,-42.500839650577824,-81.88952410387135,-217.92060902061132,-329.50106527726297,-438.4310797112405,-358.62290173424213
765.4739390460561,722.6860912629035,1005.6747773850356,1057.9059213868138,524.841822677223,685.6541372963097,-149.0113955937618,-488.4457329225773,-432.735068483764,674.5799421662915,-93.9374825433473,-410.2328723751504,-241.26849115363504,-111.56630157819416,-561.0001933267937,9.501605608451277,494.347253535556,-333.0506602938714,-261.7593925521766,-284.008316295363,-298.74333255485345,-342.64250149021314,-357.3016668609946,-442.6062735191604,450.0432834154392,-113.73210009146528,-717.963479846321,-575.5793959864712,-589.5017114653403,-598.7260669735559,-373.9317745716672,-344.8792727633738,-107.24586514384109,-389.0774316274527,-646.9200756844805,-410.34970326818353,535.853478247919,-508.4228192147815,-369.7258033557477,-394.6072002207575,-775.6511093460284,160.75624229841463,853.9355668679335,-495.5336696507142,-331.1305104640254,-38.8860263167505,-360.9847325165561,-149.97505025088824,95.8261381768564,-615.5750466709565,72.71660078479103,-397.7162267873305,-404.8804652768309,-610.9967462297662,-490.2670367023552,583.0364804267415,551.8784144495843,668.2529106466426,-42.54248691417108,-638.9568716280745,-486.0652129410992,535.1045199507479,532.7865818749723,638.1373794139964,568.3764099672007,-133.07667046403006,440.0985522653106,186.1914785885536,-250.1685846953084,488.2739688816899,-142.5034793330911,-360.5115503448688,-498.1358128226263,40.82364261074895,-125.62244519760117,-228.02583188645505,-339.5941771791244,-444.6028139317117,-389.6985331992987
732.6797823798256,691.9446453892284,985.9388801001072,1043.8241011959549,473.4626765828189,633.6249645231854,-155.86375406459734,-496.5738098321253,-459.8044425014612,618.3778190524014,-7.288021789317272,-422.31862987187264,-173.88729534831458,-149.48444401807365,-580.5320517450264,98.39663741845187,443.57885679646273,-360.63021170297634,-269.5371367118108,-297.2520632490608,-304.2841321637604,-352.5465859845372,-378.27479816800496,-440.1940275467443,402.46538863193217,-25.18794031666225,-724.4193919485688,-600.9696610883354,-568.3998423710282,-622.9270519593518,-386.4639582048425,-353.4634412106632,-145.4618627133968,-388.7325867916675,-638.5893061893048,-338.6597105400518,490.8847444847001,-529.7998784842528,-388.6069396596625,-401.7233728388716,-760.0353828488717,246.00533070805093,882.3522519059206,-507.6292407655762,-358.4956611261263,-79.61057704674931,-362.9652202492389,-158.2647090196894,60.71856119108021,-618.1994603451743,20.315544497967917,-396.3922860953484,-429.6116545924953,-617.1919492945802,-411.04343803327686,635.8652300978499,497.1082713724297,623.220301911559,-79.68714400503242,-623.3749247584325,-416.7649383186279,587.2320826787916,481.5005064883932,596.845822658196,523.466934205565,-174.6777289767903,391.60977737129537,131.1293340667673,-278.5024362021288,445.0888347165206,-96.95816236789932,-279.663974677759,-448.547348276311,126.13264595652149,-166.0111524350288,-238.14310267250292,-348.0815915504731,-448.3849064787537,-417.3979497356731
695.2658397809608,657.3740665275701,960.5938490003653,1022.56614400336,423.0478765829005,577.7821688427181,-163.05905190271122,-504.10970475891054,-482.70781852626766,559.4131868540568,80.94440199800623,-434.7584115876267,-101.97019136116712,-184.4598404728312,-601.6476525676583,187.0928350250282,391.579132515478,-384.90985379413416,-276.06709411289813,-312.10612768318373,-309.195523578454,-360.3673664630701,-400.3038561390007,-437.4106360115708,354.29337887662126,65.46796241874418,-724.4746996770774,-622.9290501611462,-539.1832741242355,-648.205947802522,-396.8866982743001,-359.63165293553834,-180.9888162396542,-385.46407714916535,-622.7088470187872,-260.01389398530705,444.2433943074734,-552.7451580322756,-408.6394241522132,-411.0992682713385,-735.9716445528395,328.74185395815,901.8013028252012,-515.5901430319918,-382.7284872459453,-118.28345105649127,-362.937496272199,-166.31408832247146,28.094203614895463,-615.6462393861598,-30.56769719964312,-394.8382555633213,-454.9641965401612,-617.6960945792505,-323.65402906839824,681.6519891161232,441.4418975355703,577.1768698434119,-114.72810219906732,-600.0332294296368,-340.3783577612158,631.6669925250634,429.72530034491206,554.872935129871,477.9018001095306,-213.57393508326743,341.81450718533466,76.8790556568529,-303.2320164129451,402.33478999448766,-46.53250327283248,-194.09673763780944,-391.5088898451914,212.15965453240264,-202.7976172494704,-248.6648260710648,-355.358114286012,-450.03093477754567,-441.7574420947832
653.9811558431619,619.4094694694094,930.2879463354012,994.7399722820852,373.7948755379731,517.8729233191926,-170.39521447592904,-511.47535205142384,-501.71993918901785,498.248041406583,169.3487997499479,-447.888568629249,-26.56433673554256,-216.34939749244205,-623.778947649428,274.2742349963393,338.7793716463821,-405.9734133464296,-281.80872445252544,-328.57212388988074,-313.77123213063913,-366.34011805791926,-423.1148101186685,-434.68632905177225,305.7249000988497,156.90258310062126,-717.3717890900308,-640.4135622691635,-501.5755829862239,-674.0288890000879,-405.369657577942,-363.57159974835554,-213.72311631700055,-379.7619634018399,-598.8820782276575,-175.36440021729732,396.37941455953217,-577.0063696345843,-429.60768984289234,-422.7854995626381,-703.0414621526464,407.74674667943526,912.5381078889776,-519.7799529212128,-403.8663035032899,-154.74764562308928,-361.3452715298888,-174.58311148010657,-1.903018235483561,-607.1511378184083,-79.64259168305104,-393.6194342977892,-480.6192672913609,-611.7998105232599,-229.206910279817,720.0283516860156,385.247280433038,530.4926036707518,-147.44771528949207,-568.5977240128973,-257.78050790708363,668.0944541165045,377.7914177818369,512.5101176919729,432.0275862028833,-249.51693869842916,291.05748966117443,23.788371276792105,-324.33137764295094,360.3176766954878,8.139028727574722,-104.97906827861948,-327.62134953239007,297.61341172732494,-235.78778367090197,-259.95067776351954,-361.8508237934983,-449.8219141753548,-462.8796961275335
609.5306629713588,578.4515070851726,895.6541924329425,960.9529190015576,325.89998458573723,453.60348228735,-177.63800405174166,-519.0607332438371,-517.20249186194,435.4289643487222,256.50575455146105,-461.9989725319279,51.17775914864795,-245.0619246892348,-646.2274960223727,358.6687237705704,285.5938056037451,-423.95763418004407,-287.25289426426184,-346.583615161283,-318.2973343646072,-370.729049692312,-446.3434968872654,-432.4500527156004,256.9532025986516,247.7683481841668,-702.4496334440894,-652.3796271573684,-455.47771841429017,-699.7743261836868,-412.1105441746889,-365.52205166802514,-243.60750550846188,-372.155077820361,-566.8805619443734,-85.81288726069,347.69409635833017,-602.2300113219561,-451.22653372695765,-436.7350464760655,-661.0113102803847,481.9140309697362,914.9576444336002,-520.6286604583568,-421.9973411913351,-188.87097547497413,-358.6630889268387,-183.541622067704,-29.187566045478093,-592.0529501602672,-126.62465842834727,-393.2798603702952,-506.2020943361414,-598.8971941642949,-128.9898053980815,750.7736806291896,328.9067057294292,483.5444808826277,-177.6497221648896,-528.9049371383602,-170.0249253214718,696.3768230232359,326.0353033743107,470.0429960340487,386.1888284953105,-282.2959631078039,239.69372992827988,-27.791618778618083,-341.8396378924711,319.3182684347188,66.3034917650749,-13.584876484484983,-257.67188344255953,381.2161639844935,-264.86176167586336,-272.3186094085666,-368.0082646365655,-448.0622086843498,-480.93450964347625
562.5646939193505,534.8684872063632,857.2966223203642,921.7986084746096,279.5551314768134,384.6568894378258,-184.52642190050287,-527.2056149402047,-529.596517045642,371.4894999052922,341.0288895537194,-477.3207986983927,130.0333986834804,-270.5652515272126,-668.1769440987546,439.0841140115362,232.4205343377111,-439.0482147162173,-292.9088404146973,-365.9990617366158,-323.0482706200196,-373.8244923027149,-469.5351080785943,-431.11983772132936,208.17338244341784,336.74269481352434,-679.1735417608937,-657.8167062028999,-400.9841500759985,-724.7383145561521,-417.3338783057684,-365.76949294671095,-270.63417300029926,-363.19885005685984,-526.6626226433245,7.416546234852426,298.54641825362785,-627.9626666577648,-473.139365437125,-452.7960132978216,-609.8508995345313,550.2776015798067,909.5711050359804,-518.6220354600812,-437.2601822955783,-220.5485851754188,-355.38415914333314,-193.66079978740677,-53.73536839757068,-569.822979047445,-171.2404645045497,-394.327036235,-531.2812984748774,-578.5135554010449,-24.434720047387685,773.8058137071743,272.8142855036402,436.7151562497304,-205.1678997031088,-480.97606209771874,-78.31600572468126,716.5415016551916,274.7966905452278,427.7531356258862,340.72626925412686,-311.7437831662535,188.0889628988513,-77.51093746168911,-355.86219112279616,279.5918984155513,127.10867441806008,78.74340155101675,-182.61611408273143,461.740907338106,-289.98179805904607,-286.0372635256464,-374.28841899008506,-445.075552664795,-496.1575558795406
513.6725776086373,489.0012247241304,815.780172360941,877.8482124360602,234.94371739214955,310.7119613486085,-190.77926645146047,-536.1819663443885,-539.4115917169229,306.9525666600473,421.6042875045068,-494.0150187501088,208.747739390163,-292.8916557293782,-688.7107960015229,514.4402835620268,179.64221741406905,-451.4750694290361,-299.2895183065615,-386.5963925571616,-328.2831265336022,-375.9391061466209,-492.1469085881329,-431.0924579003293,159.58719470814145,422.5654327199383,-647.1632357906924,-655.7817755645392,-338.3933974528845,-748.1433480983234,-421.28913013834784,-364.6436197670822,-294.8465181246067,-353.4629653461752,-478.38641124386487,103.00966681993631,249.26065250801733,-653.6549575757641,-494.91821381310666,-470.70677630139846,-549.7456526147364,612.0313935548336,896.9812503523026,-514.2899455585491,-449.8417581595264,-249.7051209391641,-352.0074500305948,-205.4032914655133,-75.58507693637904,-540.0914871932773,-213.2340415538948,-397.2167927850805,-555.3693775948605,-550.3306057564785,82.92317678914108,789.1680635152587,217.37147211199016,390.3899049331078,-229.8749374088964,-425.0260225348271,16.024967781954963,728.7638830459517,224.4143473427016,385.9181692887689,295.9735032191349,-337.7418488353688,136.61850439770888,-125.02724539993616,-366.5700033634662,241.36669163535703,189.6263203250025,170.63368264195833,-103.55371118184152,538.045911904307,-311.1975087119635,-301.3197728715936,-381.1457139748062,-441.20118734643887,-508.8471795799722
463.3800051045079,441.1698090477888,771.6241685725946,829.6459080559479,192.2358455635972,231.46311481645716,-196.10274227159104,-546.1777512171094,-547.2119541291348,242.3323763219012,497.02611669582353,-512.1619456741149,286.0728588295393,-312.1412039275263,-706.8352639912558,583.796006577112,127.62634652481309,-461.50707844954667,-306.89558108018593,-408.06966517537904,-334.2419744894058,-377.4029376714985,-513.554600010053,-432.7325272327943,111.40627712556082,504.0722160952064,-606.2177872028482,-645.4344892779565,-268.2118637866302,-769.1510996608362,-424.2481378416067,-362.5117670490269,-316.3395568951295,-343.5190539328098,-422.4164563584732,199.59832355966847,200.13449681132528,-678.6683993719961,-516.0658977824687,-490.0939815063229,-481.1023639528586,666.542466532781,877.8576830943801,-508.1939619960417,-459.97397057302345,-276.29647780881857,-349.0243601457104,-219.21190947084403,-94.8374592432164,-502.669816519501,-252.3742870512853,-402.3386406750943,-577.924851764305,-514.2078360566849,191.4906431078593,797.0136273793331,162.9807900414826,344.9519429086698,-251.6909473703632,-361.4668004535701,111.59861146758456,733.3466205381408,175.2205437780383,344.81037810037657,252.2522218533017,-360.22429571442126,85.66450300587697,-170.0140456606497,-374.197096028778,204.840543064532,252.87842996145744,260.72416215327274,-21.69813784013274,609.1049557725798,-328.6479952151633,-318.31884141435035,-389.01734229986585,-436.7900404102426,-519.3592777586107
412.1497159850229,391.6814124072212,725.2992099152726,777.7081070626016,151.58320997819683,146.6405591683623,-200.1989783577526,-557.2827879488202,-553.5998732164536,178.13539860765488,566.2269690427779,-531.7521970318662,360.8059338206121,-328.48273096490243,-721.5067704356971,646.369443085605,76.72494622566235,-469.4464983445803,-316.1983162545003,-430.0282340270575,-341.14203144055915,-378.55720988726046,-533.0625993910254,-436.3612339417256,63.853716481475445,580.2227286561395,-556.3359333837388,-626.0716464262975,-191.1501628082575,-786.879246128395,-426.5016919003629,-359.7723085215378,-335.2590153793071,-333.92854459284325,-359.3229560325263,295.7989607531143,151.4470815137306,-702.2853467699905,-536.0207117236265,-510.4738122418055,-404.5473139611432,713.3569286616175,852.9131060670978,-500.9145360235024,-467.929062822126,-300.31106713328245,-346.90528950878524,-235.49682565437385,-111.65296637393068,-457.5669478694973,-288.4628756375454,-410.0019617400284,-598.3565901834044,-470.1988515029392,299.6633568087622,797.5885440142629,110.03813596896724,300.7763553764152,-270.5910289994244,-290.9044731894804,206.96920395766773,730.6965791525513,127.53458661161382,304.69388896456,209.86637130162555,-379.1806677169258,35.61169881205734,-212.17011517855735,-379.03637672799584,170.1771138138198,315.8655058148568,347.702523986467,61.65827880128559,674.0319540217653,-342.5606270396201,-337.12295012475334,-398.3091923438518,-432.2008079885785,-528.1003623072053
360.3849616178805,340.8382845873254,677.2270936018348,722.5258194193896,113.11393245224376,56.03030999057109,-202.77527357452257,-569.4773460066186,-559.1966844875402,114.85999699486212,628.3017544315119,-552.679451650994,431.8247202883129,-342.1523100205106,-731.6634488525534,701.5516382373968,27.273585763639726,-475.6231055778287,-327.6219553938899,-451.99878505135456,-349.1733960344456,-379.7467985631101,-549.918322199386,-442.2449587528269,17.163970967042694,650.1225638608734,-497.7303771281327,-597.1594608947211,-108.1114902370964,-800.4223277608792,-428.3551616607805,-356.84705026882966,-351.7991921101153,-325.2307618020775,-289.8733852495151,390.2516287192235,103.46626650470968,-723.72214165108,-554.1638925463022,-531.2568731885439,-320.9164202856717,752.1989779995473,822.8814528334874,-493.0379668084004,-474.01391958245,-321.7705766740332,-346.0863923417377,-254.6213051806041,-126.24757414038858,-404.9994437852344,-321.3421974977911,-420.4233936891376,-616.0307896494462,-418.56153655877614,405.8726159434129,791.2142759713768,58.92408874158307,258.2229429270643,-286.6113468558215,-214.12964149462104,300.7073925699877,721.3008132557346,81.65581367146636,265.8207468358388,169.09562441810556,-394.65726519670176,-13.15812455570723,-251.22959539942195,-381.4340099938198,137.501209360595,377.595481744628,430.3426868263549,145.1824865426982,732.0990038279908,-353.24644163215453,-357.7535040467761,-409.38170499074926,-427.7957439733968,-535.5189247453876
308.4351474934327,288.9451635121528,627.7833193088137,664.5693661884253,76.92761780351269,-40.5065856761455,-203.55384261916168,-582.6240963348745,-564.6220137643207,52.99446623757551,682.5243919158252,-574.7353722042425,498.1187391882007,-353.44917827919227,-736.2597672070071,748.9127869058132,-20.41036975075625,-480.388055913452,-341.5258614579358,-473.43051532973465,-358.4941777684503,-381.3114234471541,-563.3303523929363,-450.584069169013,-28.418771398256407,713.0382115033426,-430.8348700425036,-558.3620726669252,-20.1720309773503,-808.8763282228775,-430.1230523454891,-354.17262043822564,-366.1996772333449,-317.93131086105905,-215.01637429743784,481.65764147402655,56.45472015721997,-742.1454802288206,-569.8300317402551,-551.7569362883585,-231.2373865042615,782.9636428908086,788.4985762190292,-485.1433235833557,-478.5635053217681,-340.73021976003787,-346.956764545506,-276.8861777854784,-138.8870488051346,-345.39396451539005,-350.90285214110963,-433.71575846958297,-630.2809706699363,-359.761116398172,508.629577915929,778.2708724727711,9.994728967369204,217.6283455085308,-299.8532520180229,-132.10122112926905,391.4317625321511,705.7028263126557,37.85646004362014,228.42618255324027,130.18861701190693,-406.7571139523352,-60.272731504325726,-286.97211225386013,-381.78252525196285,106.89395901344588,437.1120258425236,507.5374574025796,227.5403605728053,782.7472611919754,-361.092289467822,-380.1627392946987,-422.5359958566587,-423.9359302358462,-542.0952277928178
256.60303438218625,236.3154614617553,577.3016338287047,604.294568506258,43.09085871374356,-143.01627189893583,-202.28178972068704,-596.4639569716783,-570.4717904574414,-6.98666865892579,728.356960654147,-597.6070492349163,558.8148864073116,-362.7291756487127,-734.3031815968457,788.2014151555796,-66.0302870168629,-484.10738423567216,-358.1871782443505,-493.7036380354952,-369.2249180109909,-383.5756643292377,-572.4901653539049,-461.5022192138673,-72.64366496528089,768.4050061529709,-356.30317854554687,-509.564762963673,71.4461259579324,-811.3663861762883,-432.12241957280384,-352.1908530823914,-378.7409948910781,-312.49078224572355,-135.85822877997592,568.8141025768247,10.674363649815218,-756.6919083769548,-582.3204758877465,-571.2036703611716,-136.7042351058371,805.704043848291,750.4859611801963,-477.789442552113,-481.9336615923672,-357.27849033720383,-349.8462911646404,-302.5134220522356,-149.87982972606156,-279.38186887603524,-377.0902510153523,-449.8788806633791,-640.4212042093092,-294.46546814418457,606.5650463352265,759.1814937661969,-36.42751012051323,179.29782938383036,-310.4850811552068,-45.92390204844999,477.8472907831711,684.480216364051,-3.625195274206912,192.7234275689692,93.35641239157228,-415.6386181341914,-105.37674027876837,-319.23228058372536,-380.51284041925766,78.38824055468912,493.5209355874115,578.3256854310289,307.4360482611253,825.5904926402391,-366.5500167429198,-404.2322378508186,-438.0005986544266,-420.97580175055504,-548.3296415078684
205.1528793743192,183.27574386993803,526.0800342847491,542.1495169880906,11.633367931592357,-251.43643099983905,-198.74099207514857,-610.616272953188,-577.2957148977384,-64.62808187681595,765.4513904483325,-620.8772913775906,613.196555119896,-370.3958272929679,-724.8915367085385,819.3369929928467,-109.3135315831413,-487.1550459000509,-377.7845877555664,-512.1412739229021,-381.44231453371367,-386.8379932942248,-576.5968533101549,-475.03651200758935,-115.25753396010391,815.8283146613896,-274.9994217770731,-450.8904551947699,165.40861013047476,-807.0767797633233,-434.6651338134261,-351.33817692961554,-389.7392006827048,-309.3138175784265,-53.632883786648165,650.6437072084547,-33.611134376595665,-766.4902217122118,-590.9196266523584,-588.7593360451225,-38.64505785247936,820.6141751331435,709.5377077731615,-471.5021004895169,-484.4934765417774,-371.5364564245029,-355.0143617913622,-331.6294228920977,-159.56875430707518,-207.78579600036375,-399.9099182174005,-468.792639336806,-645.7625861520172,-223.5324045945978,698.4631218115092,734.3988761528967,-80.0624500155043,143.49712925366066,-318.7413953032855,43.18006896262572,558.7789485255674,658.2246109058922,-42.59101882846165,158.8984277985817,58.76663953866255,-421.5130077507463,-148.1392699805046,-347.907981742882,-378.085344320062,51.964797104025614,546.0134558174744,641.9128322669363,383.64918563006825,860.4115769342221,-370.1231195053376,-429.7719494118722,-455.9191961293389,-419.25673716737793,-554.7296353135919
154.31891676100258,130.1681843151693,474.387635698769,478.5810692601692,-17.45514454295265,-365.58341122391903,-192.75753347039236,-624.5836421896239,-585.5748926411211,-119.50063031761616,793.6441569638258,-644.028041977989,660.715756561802,-376.8892599943832,-707.2497764392581,842.3968027077751,-150.01537810625243,-489.9054089901925,-400.3838558619232,-528.0246522063645,-395.17238210694205,-391.3590947189712,-574.884098857193,-491.128900071285,-156.01024535383493,855.0786032197025,-187.9797313579192,-382.7083066047289,260.3075347569317,-795.2820797120502,-438.0490751151664,-352.0340530736256,-399.53943457571137,-308.7386127483131,30.333522131212515,726.2185147326957,-76.13601676118739,-770.686387577282,-594.9139056469267,-603.5392733807126,61.51575449817549,828.0083189024961,666.3108193486192,-466.7614726605947,-486.61741826672846,-383.6566321082998,-362.6396571961605,-364.2486333316013,-168.32187394238494,-131.59855196487888,-419.4311257061677,-490.21259462228704,-645.6327478735786,-147.98908342708603,783.2874387401637,704.3941060678679,-120.67976295932368,110.44473299923172,-324.9195588940438,133.9037821693301,633.1990776702977,627.5245634197147,-78.88820916532715,127.10478726342748,26.53870377850634,-424.6407169888721,-188.26154430513623,-372.9668809779055,-374.9801405259642,27.549482391363107,593.8855376860599,697.6842543461604,455.0682945246785,887.1526362061393,-372.351407190274,-456.5196883461585,-476.339709050007,-419.099595515473,-561.7955449789166
104.3136136659974,77.35084314413943,422.4718286653637,414.0403269996783,-44.22728467150491,-485.14272952424426,-184.2102943528484,-637.7615486016814,-595.7003855158779,-171.20955570342358,812.9447799044714,-666.4471449015181,700.9981218797209,-382.67319503830606,-680.7644285514599,857.59812739549,-187.92341551171103,-492.7251366763692,-425.9258477578823,-540.6113904701083,-410.3832970627303,-397.3498201274162,-566.6484615790632,-509.619207141825,-194.66088671433093,886.0813003642096,-96.46568509539084,-305.6335185439529,354.703652390339,-775.3781616890186,-442.5484400257248,-354.6685599007315,-408.50841544873055,-311.02698231752225,114.6619385169854,794.7767556259205,-116.63433398935116,-768.470424150287,-593.6129885222455,-614.6358409874949,162.29917213093245,828.2982646964034,621.4186416051787,-463.9900067543741,-488.677390426524,-393.8214631350573,-372.81121885962943,-400.2585104634254,-176.52262162292257,-51.95506773519049,-435.7885602351878,-513.768524339484,-639.3979425362176,-69.00415202188047,860.1991748187216,669.6478676988424,-158.10515698305102,80.30498223153914,-329.37369394308104,224.89192989736617,700.2476121578283,592.9518391865821,-112.41320233158191,97.45923649034478,-3.2596012809269617,-425.3268342885611,-225.48408850644293,-394.4507646728037,-371.6865214886649,5.012049144505692,636.5523063310497,745.2109329453168,520.7189152865498,905.8998222659347,-373.79427418518446,-484.14115662492935,-499.20511112428335,-420.79617474669226,-570.0052660326315
55.33518851565895,25.195769481208856,370.5652044256599,348.9864943704788,-68.7794487990988,-609.6634409905184,-173.0382838158212,-649.4527937935104,-607.953454088759,-219.40343413674557,823.5191880539894,-687.4386129000312,733.8410381167565,-388.2203123032628,-645.0142946400952,865.2769828476941,-222.8622518517437,-495.9644395682264,-454.2176599881108,-549.1564621679169,-426.97827237335406,-404.95919119608095,-551.2778959653265,-530.2401584008041,-230.98448047568817,908.9025454633108,-1.810473670123533,-220.5179023093565,447.1699093459538,-746.9116192894879,-448.4034442459735,-359.5892966667706,-417.0258738008893,-316.3551649732794,197.96181252318985,855.7321680107741,-154.84403207390068,-759.1044815981602,-586.372737177904,-621.1452840346743,262.2151769905262,821.9695156280275,575.4271391516879,-463.54087706735737,-491.0348269971928,-402.24144045099126,-385.52103309717535,-439.4066871655958,-184.55959058020736,29.901384187733125,-449.181796057166,-538.9661887886435,-626.48699403108,12.146317177462738,928.5665032315652,630.6441419207102,-192.22484809514012,53.18233578360065,-332.506163591834,314.7789020281038,759.2447030298198,555.0512793845219,-143.11409453621832,70.03787795524453,-30.613842436099013,-423.9157538243801,-259.5932015297192,-412.47741476998505,-368.691725599577,-15.833139075834303,673.5572966476074,784.2478185377063,579.7853666135424,916.8640445361488,-375.0131950660992,-512.2306358172912,-524.3463285179218,-424.5996768683091,-579.7980859469097
7.573954152148509,-25.91493932658832,318.8918013868152,283.8886984954616,-91.25244369801482,-738.5567219257574,-159.24629945741614,-658.8865337736212,-622.4882733479659,-263.78331301563367,825.6692014668597,-706.236469569103,759.2054942863766,-393.9963341623045,-599.7958223969812,865.864688754416,-254.69828143486907,-499.9477227151349,-484.9274472641185,-552.9353000914276,-444.78888536511056,-414.2629163157512,-528.2793136850846,-552.6148047134672,-264.7789397487355,923.7319838199276,94.5407714310963,-128.4312093839661,536.3343000044026,-709.6060404964113,-455.80979011152255,-367.08786313156,-425.4749538286312,-324.80560477423217,278.8727533628814,908.6758201226896,-190.51305130628424,-741.9511905057851,-572.6190793238349,-622.1968188242795,359.8063702597675,809.5576208838813,528.8535755365826,-465.6872141730002,-494.032897311928,-409.1528216829258,-400.6583883989441,-481.2913757911694,-192.81616885403,112.6571668434969,-459.8724416329348,-565.1926063307441,-606.4161585468852,94.1176497350354,987.9656220581028,587.8661711473765,-222.98813856266932,29.117102211433792,-334.75683796159507,402.2270328233846,809.6957890479528,514.3342151266233,-170.99146957807338,44.87341534198961,-55.5629252124062,-420.7851372760524,-290.4264447338009,-427.23988406470113,-366.4690377360241,-35.22414521074681,704.5763274346332,814.7253659588046,631.6254215579376,920.359080530459,-376.55403816462047,-540.3125847457395,-551.4775675721361,-430.7143775864624,-591.5579535872889
-38.78285910417149,-75.5948743412191,267.6723175203951,219.225540937878,-111.83122961294178,-871.0988337377252,-142.90852983581357,-665.2415347905927,-639.3178831279383,-304.1114452086336,819.8094812645519,-722.02213673012,777.2024750271698,-400.4432332161892,-545.1417675726432,859.86356779089,-283.3442396516485,-504.9636996280598,-517.5834246209471,-551.2683340690274,-463.56933152190174,-425.2529218981046,-497.30394502240136,-576.2567187320694,-295.87194858448635,930.8637547138436,191.09467180859488,-30.633740671571864,620.9199502155324,-663.3836172710165,-464.9083242747768,-377.386263979102,-434.2316689095754,-336.35999096799134,356.10459455142006,953.3708267680648,-223.4071195415985,-716.5011933464159,-551.8719203018636,-616.9830368874881,453.6895126088364,791.625683697551,482.1670862654322,-470.61232893875473,-497.98884875228526,-414.8149009122352,-418.0062903003793,-525.3559724050072,-201.6602509419742,194.96864109003235,-468.1789391915977,-591.7250638495918,-578.8137488142914,175.53838282471455,1038.1739121856426,541.7943700858085,-250.40805396779265,8.082890419499522,-336.5904722459844,485.9632944403515,851.2895879963402,471.2752151312497,-196.09761824063185,21.953525508353216,-78.19728723996496,-416.3392705357499,-317.87695405413814,-439.0031758531255,-365.465327694067,-53.44599493160421,729.416190856756,836.7351843919814,675.7776137949612,916.7785484039954,-378.929742337331,-567.8444624724183,-580.1943938157759,-439.2848075597781,-605.5965870324458
-83.54803614239987,-123.46051212055482,217.1280250285685,155.48233197884852,-130.743740082131,-1006.4384332963868,-124.16977547093008,-667.6730701706014,-658.3040788710515,-340.2190604856169,806.4433105008036,-733.9452174447547,788.0749338794328,-407.9620219400985,-481.33196767876535,847.8229869055587,-308.7632424335516,-511.25510081316935,-551.5774046621269,-543.546128486101,-482.9921074661245,-437.8284204661274,-458.16924761340897,-600.5733215386103,-324.12743675379875,930.6767392489884,286.3552301857528,71.45874508758651,699.7805182170036,-608.3806641756964,-475.7753320724897,-390.6236765026332,-443.653556807944,-350.8938743266387,428.4741118194296,989.7407727202768,-253.31879739676708,-682.3986720624432,-523.768046126498,-604.7905662213614,542.5931227605456,768.7439595860686,435.7906054378634,-478.40116562505295,-503.1864806114561,-419.50673481079474,-437.2402334041463,-570.8887395359961,-211.43422182054303,275.50297400393674,-474.46911791594914,-617.7440040730137,-543.443228234425,255.05309099263076,1079.1561253199184,492.9057617628032,-274.5601235099562,-10.014043146588932,-338.48258410773263,564.8128211082648,883.8898325225608,426.31179531356895,-218.53423867240443,1.2204791824641212,-98.65540732874167,-411.0018767686087,-341.8964483101342,-448.0984514603323,-366.0881776048919,-70.82256565800303,748.0086143712197,850.5109895082084,711.9613090382559,906.5731476837632,-382.6038330126661,-594.2211556213911,-609.9748584841466,-450.3848512429272,-622.1369268969588
-126.53318366443835,-169.1394722258624,167.48320991132243,93.14612538367336,-148.25869842770658,-1143.607991007172,-103.24405826957113,-665.3426942159082,-679.1518542508084,-372.0126947594241,786.1385009330572,-741.1473775831734,792.1765061400495,-416.8956308325379,-408.89534293707976,830.3168286029531,-330.97199468000497,-519.008173854191,-586.173092894117,-529.2541744922078,-502.6456369117544,-451.7890465165728,-410.87616204175407,-624.8726607045777,-349.4513221520372,923.61501223117,378.8691787038261,176.31633782491508,771.9292858483526,-544.9558378400121,-488.4139038909981,-406.844102349592,-454.0677456366851,-368.1731950275778,494.9368607644965,1017.8529841109236,-280.07722788491225,-639.4636402911583,-488.0819075329929,-585.0297956737222,625.389525414867,741.4722892130403,390.1036240166555,-489.033229645194,-509.86872651425927,-423.5232194562682,-457.9296276224396,-617.0282939624119,-222.4453869961141,352.9774688095908,-479.1507238537526,-642.3498290556787,-500.22341338841255,331.3641653173444,1111.0447795152218,441.6744570844679,-295.57950121156534,-25.333453608029743,-340.9042586452153,637.7278371891763,907.521818864572,379.8465983512049,-238.44879857165756,-17.427944932083705,-117.11883287721612,-405.20842854841794,-362.4968673963608,-454.914982179567,-368.6928224546628,-87.70581264955982,760.4001864761053,856.4062100879777,740.0700624105755,890.2294045935091,-387.9751749875412,-618.7814124110387,-640.1839327884966,-464.007253010384,-641.2975371495828
-167.5494115673269,-212.2793979022884,118.96603902421572,32.69881092754856,-164.68231539987923,-1281.5388908079162,-80.41051198158995,-657.4499535221198,-701.4088791431101,-399.4787106315133,759.5045821229087,-742.7888579939672,789.9481851546203,-427.5124205811394,-328.6026056441199,807.9233126768121,-350.04286387403124,-528.3422594964363,-620.5192193446817,-507.99630681700296,-522.0343451765409,-466.8305886468768,-355.6206317541216,-648.3738955911701,-371.79621833513625,910.1692937376984,467.2688637047582,282.3406287164259,836.5607091089687,-473.6901753640052,-502.7467745122611,-425.9854923469551,-465.7587054126572,-387.8530530829614,554.6128799348446,1037.898018422073,-303.557972747312,-587.7097889091365,-444.7431711539066,-557.2623822554441,701.1200903044728,710.3459135301325,345.44531353335884,-502.3772442818342,-518.2303291536278,-427.17042103551546,-479.5421501104369,-662.7754177993145,-234.9570074259229,426.1956442136516,-482.6602570284116,-664.5835390135034,-449.24444251727294,403.2705509378606,1134.1161390677023,388.5726778228069,-313.6567063247454,-38.09776492822255,-344.30633802776947,703.8108321247907,922.3549749620954,332.2514691327961,-256.0298091818052,-34.13627820503463,-133.80600612149345,-399.3979904773204,-379.750624436472,-459.89012673209794,-373.5692091140311,-104.46246805241265,766.7391109177588,854.869666050913,760.1591077052998,868.2509162636754,-395.3642799593631,-640.8166641286298,-670.0814610776483,-480.0540839207667,-663.0786262188484
-206.4097817413857,-252.55701375459455,71.80783482218823,-25.39137233273844,-180.3537257197769,-1419.079634259056,-56.00658956483519,-643.2649346833991,-724.470343093515,-422.6857655758204,727.172237209864,-738.076961735399,781.894188229789,-439.9908999433752,-241.449588703634,781.2078891032161,-366.1045571747105,-539.2998280602885,-653.6674376543011,-479.5156632822906,-540.5816573742804,-482.5438280062096,-292.7984967076425,-670.221645888293,-391.16485371345465,890.8600338136317,550.3106646111896,387.91257822224304,893.0636777212582,-395.3784918577544,-518.6109896912062,-447.8709785242224,-478.95602108282856,-409.4790273056021,606.8053472635088,1050.1668615021545,-323.6922915413903,-527.3567615343911,-393.8499854231878,-521.2252314114776,769.012810628914,675.8650064792605,302.1176289130156,-518.1877989085349,-528.4106202500121,-430.7600919690764,-501.4512424056738,-707.0114516131483,-249.1800889667535,494.0785562401738,-485.4505240364612,-683.4509880565066,-390.7782845389322,469.7016529903495,1148.7632776123542,334.0718460638474,-329.0323010736108,-48.586809009357566,-349.1034711443797,762.3311571517875,928.6826983036192,283.8728090395649,-271.50129906897183,-49.08801147861519,-148.96521649655807,-394.0046208681604,-393.7894914893143,-463.49765386914095,-380.9295597995445,-121.45851235879996,767.2597576560973,846.4207061850665,772.4280698747045,841.1428019466045,-405.0014146529722,-659.58254327237,-698.8337772140902,-498.3287601371059,-687.3503992448354
-242.93332387415975,-289.68693039235603,26.240817564766637,-80.67947036989597,-195.63901298066884,-1555.0164652031162,-30.41877506974433,-622.1604081345407,-747.5893252015712,-441.7850960466792,689.7757211588215,-726.2956667864008,768.5581820424501,-454.40623157431054,-148.63158203509417,750.7096990285075,-379.341211151955,-551.8374588121126,-684.5947744577843,-443.71209846088345,-557.6363370600518,-498.4169503105173,-223.00313854629144,-689.5042222727716,-407.6120226626404,866.2225964459202,626.9072560600557,491.4403540410455,941.0262568865844,-311.0121643552606,-535.7547038318128,-472.20285899590186,-493.8225782282242,-432.49130581119664,651.0116606985588,1055.027324320857,-340.475238971756,-458.8358938661637,-335.6770311730299,-476.8496782595341,828.491806326807,638.4880434363772,260.38809113445365,-536.1042591106275,-540.4864672639801,-434.6033456066597,-522.9468935320069,-748.5232236653143,-265.26606855982874,555.6901998591185,-487.977355004746,-697.9503810932869,-325.2827817589381,529.7449461213448,1155.467765471161,278.6433216851774,-341.99082046192336,-57.13081687672072,-355.6585063495797,812.7345963262663,926.9006827194208,235.03758584018416,-285.1167789668928,-62.501242150328494,-162.86701955903808,-389.44836578698414,-404.8021600396468,-466.2347460544146,-390.8968951161784,-139.0418809697871,762.266010847384,831.6250840877416,777.2001477997671,809.3997688837205,-417.01669725804834,-674.3132860967397,-725.5290405132471,-518.530209597562,-713.8444539825762
-276.9503417470755,-323.42980091363614,-17.505542278487678,-132.75412967507177,-210.9236901424081,-1688.0956757980712,-4.071134025522229,-593.6422235255051,-769.8926732698112,-457.0085732181531,647.9387489575747,-706.8353280821228,750.5009280297269,-470.7190998625448,-51.509564500227405,716.9318635847482,-389.9897932913988,-565.8183237044608,-712.2302581415629,-400.6550148771271,-572.4824894271242,-513.8419216791032,-147.01559355418237,-705.2755874573527,-421.24498189449,836.7948430866028,696.1524303548244,591.4049335909932,980.232202833625,-221.7538386555836,-553.8363641155102,-498.5599507892088,-510.4435980153485,-456.23183515295705,686.926811266021,1052.901033782781,-353.9720153627905,-382.788678368476,-270.67760678121056,-424.27471286489873,879.1787818037243,598.6289123674243,220.49203114601576,-555.652214436789,-554.4655120529114,-439.00351217709743,-543.249748137442,-786.0341260597698,-283.30052802432886,610.2562169800469,-490.6859390249905,-707.1024591989428,-253.39853243444,582.6662335091114,1154.771482590912,222.7584533948481,-352.8542245965048,-64.1019056479086,-364.26770669576433,854.6458673558623,917.484866993321,186.0594013543509,-297.15295864888657,-74.6235361484984,-175.7964430176195,-386.1258896854527,-413.0305313640541,-468.6080186338493,-403.4950187576801,-157.5240185286852,752.1143784877662,811.0726740591313,774.8990793835367,773.4979126768453,-431.4323303112644,-684.2390411021865,-749.1962379444263,-540.2497535384387,-742.1488982003928
-308.30867307475114,-353.5994826605068,-59.20933517400525,-181.24811886329468,-226.60355065492652,-1817.0468464423104,22.587834946465865,-557.376558676485,-790.4021925899343,-468.66454502131785,602.2640894149811,-679.221271141083,728.2802543299181,-488.767485984653,48.43029930847268,680.3356224230624,-398.3358087324023,-581.0067794106881,-735.4851912193815,-350.5906958221269,-584.3534206083881,-528.125099685299,-65.78724112931131,-716.5806998071442,-432.2223055016671,803.1072565109024,757.3376616895097,686.4014529905677,1010.6500115994738,-128.9050805516398,-572.4264917309665,-526.398849334466,-528.8169887577965,-479.9546316222009,714.4393014477603,1044.2422311036742,-364.32209626214905,-300.0575138362298,-199.4792331194471,-363.8532889411928,920.8868935438971,556.6574791545231,182.63414480047632,-576.2477373744952,-570.2799002958125,-444.24825203869136,-561.528461171386,-818.2405764713203,-303.2980463452734,657.175540791429,-493.9972107248457,-709.9826282986857,-175.93830734883207,627.9219585466369,1147.249938211867,166.88770603575395,-361.9750658498024,-69.90436051620112,-375.14725063674814,887.8644074174174,900.9700124303904,137.24406997947003,-307.90341855544364,-85.72624997029907,-188.04524998465885,-384.4008040780226,-418.7648057277904,-471.1188745522073,-418.6404820290144,-177.16101959822905,737.1977352844441,785.3579010452828,766.0251814958987,733.8901165441971,-448.1570991680916,-688.6059051036794,-768.8276707372167,-562.9712051854615,-771.7077974797098
-336.8805201953696,-380.0689182954305,-98.66188394797967,-225.84858995086603,-243.0738826890489,-1940.6063043919485,49.09948155672342,-513.2126386747077,-808.0607612854599,-477.13151532843455,553.3268603475017,-643.1399622157619,702.4340724365286,-508.2618465321435,149.62210772516548,641.3381190366578,-404.7073908822228,-597.0656656686065,-753.2863498935177,-293.94341793945864,-592.4493698034446,-540.5021880738386,19.584407450113567,-722.4836801241458,-440.7513024872536,765.6755970369825,809.960076632409,775.1745984305294,1032.4156423517493,-33.86841133408868,-591.0122279341073,-555.0595133259518,-548.8454929573221,-502.8393298173976,733.6202112996388,1029.5193519922248,-371.7407822679896,-211.6686627572576,-122.8725512971996,-296.1510302242938,953.6078650185458,512.9031475188099,146.98926539049396,-597.2047102559546,-587.7807769434547,-450.60105566367577,-576.9200941901832,-843.8527260130978,-325.1982722732702,696.0249964982129,-498.2946822508165,-705.7540864715321,-93.86913007130198,665.1634385587206,1133.4882855755768,111.49872497655122,-369.729463885641,-74.96404722406079,-388.42145137938616,912.3541622467652,877.9297619314576,88.89423255221523,-317.67236396404326,-96.09855962886962,-199.90445520466128,-384.59378115006814,-422.3374590046291,-474.2484937738314,-436.1370279465594,-198.135188496167,717.9304349583587,755.0634991117854,751.1316652309278,691.0047009654821,-466.983265455677,-686.6982905243614,-783.4046012167079,-586.0745952059818,-801.8254615308597
-362.569440141558,-402.7745222293697,-135.67391176764602,-266.30663261931005,-260.71714155483147,-2057.540148633559,75.00977980190375,-461.19963879316816,-821.7628075881664,-482.8497368745088,501.6713062992864,-598.4613861322485,673.4669438303054,-528.7841256660568,250.46851083641332,600.3134319629066,-409.46792263271726,-613.5568482293356,-764.6111969570728,-231.30988772224143,-595.9589171665112,-550.1574414144177,107.8858877827,-722.098027194821,-447.0841670477516,724.9959500853977,853.7219660732268,856.6467458621959,1045.8103311019927,61.89451134599635,-609.004766373268,-583.7754364943243,-570.331096582296,-524.0079684358794,744.7063127391148,1009.2000878806766,-376.5179413811672,-118.8077535806613,-41.79361975583883,-221.9369927070786,977.4935013451324,467.6608151078424,113.70231037379432,-617.7454373767642,-606.7338928759497,-458.29230899795056,-588.5532178327305,-861.6379307697345,-348.8632659067411,726.557233313951,-503.9120663603704,-693.7008103000092,-8.287603015447996,694.233332421569,1114.06096986258,57.05328803092059,-376.50987951652735,-79.717307895494,-404.1130859125794,928.2283927704916,848.9588568893183,41.31261771746786,-326.76851295196343,-106.041418074796,-211.65720497084692,-386.9725755825754,-424.11622179232455,-478.442736442698,-455.67296303329294,-220.53790867208443,694.7353674728356,720.7479419862033,730.8022785758861,645.2468085084088,-487.5859999756135,-677.8630089492981,-791.9255853670055,-608.8438199611429,-831.6759454945128
-385.3170760996152,-421.7189385329603,-170.0818094160783,-302.4457033745949,-279.88929553807577,-2166.66626853945,99.8839212135955,-401.59667422926543,-830.388406639904,-486.3108228382575,447.8106598474158,-545.2562909298257,641.8404746226744,-549.7909485079017,349.3895579342204,557.5962931020031,-413.0073837911712,-629.9454339460874,-768.5239888125762,-163.4468757331641,-594.0836283271359,-556.2467954677622,197.8226365892528,-714.6179038375122,-451.51306786055534,681.5419126283266,888.5224075689132,929.9380230976792,1051.2350705920892,156.90660071270858,-625.7497374653891,-611.6884820894404,-592.9721295464627,-542.5449246019341,748.0783666895123,983.7403356180276,-379.0138530149627,-22.78860480449588,42.699915596684505,-142.16653790894375,992.8329856450532,421.19852718601663,82.88740856006183,-637.0146907976036,-626.8167220471914,-467.5101440294024,-595.5732522010544,-870.465243616567,-374.0761289861864,748.6926674852818,-511.1219808120816,-673.2590858933456,79.61050198132828,715.1550455552565,1089.5156610692736,4.003171989562687,-382.71759440119325,-84.59969299125942,-422.1361736435353,935.7307205991546,814.6579970377642,-5.196336473285302,-335.4991057921814,-115.8616124739907,-223.572053840287,-391.7421268454051,-424.4962047389306,-484.0972270264001,-476.8218246954784,-244.35472998241087,668.0333649984888,682.9366265640687,705.6311419582996,597.0018896400194,-509.5255234617613,-661.534252969468,-793.4368619870557,-630.4783802570307,-860.3179789685339
-405.1092325905154,-436.9721183394479,-201.7536046583951,-334.16854897135585,-300.905188646791,-2266.874867225207,123.32004769621508,-334.8750619722261,-832.8400817644218,-488.0455211404057,392.229545940228,-483.8070815064102,607.9675864009894,-570.6212456318634,444.8698043604587,513.4878268658932,-415.7326514705626,-645.6079344071728,-764.2114677174943,-91.25230034537876,-586.0652432669318,-557.9243555897616,288.0569522385522,-699.3493379377593,-454.3643891733787,635.7635814467689,914.4419425549636,994.3779530331756,1049.1833810409332,249.71889031455797,-640.5405406872627,-637.8682514864005,-616.3634245735399,-557.5197968010789,744.2358999684674,953.5771503011032,-379.65219329638654,74.98342148249232,129.4579250002815,-57.9567988263972,1000.027471506212,373.7660733254825,54.62626992194272,-654.0972353838821,-647.6175192304759,-478.39132632487895,-597.169441216805,-869.3490330575803,-400.5409274779928,762.5063616334029,-520.1259645048407,-644.0461352006423,168.56498533901706,728.1160953825566,1060.3618228437497,-47.21497547471586,-388.7547552089613,-90.03486628159668,-442.29148928669366,935.2137409553944,775.621629923343,-50.3266775836515,-344.1639816775468,-125.86602331727843,-235.8966174429944,-399.0349739480798,-423.89133633479975,-491.5428900202161,-499.0466096067307,-269.45356037727925,638.2351873992332,642.1166528379359,676.2054337545163,546.6405859508491,-532.2521486538961,-637.2584844981733,-787.0640101859027,-650.1092379418642,-886.7153390789548
-421.9809434823742,-448.67074089226014,-230.5942712656651,-361.46229029001074,-324.023389485296,-2357.147078795304,144.9614866245365,-261.7124043873383,-828.0812304491116,-488.6098472913296,335.38828470142704,-414.6113670413948,572.2104932164114,-590.5084450946526,535.5015217635599,468.262590971391,-418.0569962595167,-659.8444786743371,-751.0166895770285,-15.740415859737151,-571.2144742220285,-554.3714369008824,377.2473233538887,-675.7400463220916,-455.9923187356162,588.0879509166618,931.7215515128012,1049.508798347543,1040.2139441682768,338.95193116173004,-652.6345332392011,-661.3356468200691,-639.9998202950186,-568.0128959067132,733.769845237531,919.1255383284908,-378.9103167190094,173.05194935624803,217.27095870474972,29.44435561878744,999.5635186711402,325.60376426607905,28.96592573780213,-668.0387408459226,-668.636751313735,-491.0124564231502,-592.6027175221019,-857.489797980902,-427.883913271931,768.2109434754698,-531.0459772222872,-605.8843162974663,257.2885959048988,733.4466943294394,1027.063973228883,-96.1856149242448,-395.015837640864,-96.42398963709404,-464.2650393190351,927.1165387128362,732.4287597823018,-93.77300982939424,-353.04964998701803,-136.356109009538,-248.8515585519581,-408.9022790194083,-422.7252888779661,-501.0322310718266,-521.7077105940054,-295.5767887778585,605.7361495853644,598.734845501521,643.0913659043104,494.5242892615422,-555.1144315059084,-604.7181043478743,-772.0439221988628,-666.8186649867362,-909.762459162444
-436.02024831745086,-457.0160661658685,-256.5500811762329,-384.4013895405184,-349.43110637753296,-2436.571341038628,164.5069310432022,-182.97846730684336,-815.1749442607087,-488.56983303869526,277.72837938258374,-338.3774833260384,534.8820232928999,-608.5972392798192,620.0221462023089,422.17620027871567,-420.3890207396592,-671.8949908508594,-728.4694729251858,61.98784431339197,-548.9402664548608,-544.8271338326716,464.0873361203536,-643.4065059703684,-456.7719419733724,538.9203024034961,940.7373780111874,1095.0811356564786,1024.9245319196275,423.3332200856571,-661.2718776092375,-681.0900807366867,-663.2831980743942,-573.142833316053,717.3344386898062,880.7786828754719,-377.3070869530205,269.9521304696036,304.90595472594373,118.69456782298712,991.9868567754692,276.95066649018503,5.9160393791352375,-677.8698204732923,-689.2913078470298,-505.381784341966,-581.233573664862,-834.3103079336466,-455.65607723720433,766.1367698789181,-543.9175055516034,-558.8193914717217,344.5051707755092,731.5949502751873,990.0394204523906,-142.52095706663965,-401.8784276279102,-104.13585119745956,-487.6296780740147,911.9423592380306,685.6366802791623,-135.2343799359488,-362.4232826324054,-147.62256610568463,-262.62487066131246,-421.3058159415253,-421.42206274951417,-512.7267012393804,-544.0745822153165,-322.33806940990394,570.9132939555551,553.1985138804744,606.8236746377744,441.0106887977092,-577.3706273100099,-563.7526952613855,-747.7559734811981,-679.663792597109,-928.3148214055118
-447.37046729780513,-462.2703535541168,-279.61179308103027,-403.1482910205833,-377.2298314276075,-2504.3572546904247,181.71812318509464,-99.71327562788262,-793.3218635894101,-488.4852134384984,219.67844271879983,-256.0117076634341,496.24977213755886,-623.964787502236,697.3445059485013,375.4728644884006,-423.1212810015222,-680.9590656201166,-696.3119775580728,140.7779708678631,-518.7782168920415,-528.6192179906056,547.3424312830581,-602.1568800593207,-457.091954825545,488.6461697624701,941.972763689106,1131.0425216515712,1003.9284454521766,501.7291320010848,-665.6967277086916,-696.1395935799934,-685.5331337145157,-572.0955015882745,695.6197112337545,838.9109980858977,-375.388591397265,364.2531728380011,391.1427650678347,208.3968541035784,977.8778141992706,228.0516571549013,-14.553940384107635,-682.6327475977921,-708.9218386197311,-521.4319579339054,-562.5489220957517,-799.485345537912,-483.3371110164233,756.7105675604203,-558.6843652938247,-503.1314802699853,428.986632342773,723.1001371900765,949.6600202267684,-185.86804013705756,-409.6932952799978,-113.49794502675104,-511.8499883619863,890.2375277441653,635.7773725251618,-174.41979922600223,-372.5265636747689,-159.94005953585716,-277.36644953604923,-436.1113261123212,-420.3963816741905,-526.6855400913831,-565.3410237580479,-349.2243624065695,534.1248666960082,505.87835309556016,567.8986468718429,386.4587005175141,-598.2035947854642,-514.3766090099733,-713.751124270606,-687.7033849602587,-941.2234319816976
-456.2308373728149,-464.752007315766,-299.816572865351,-417.95160409879537,-407.4224183274039,-2559.846729350844,196.424742591854,-13.098290310993509,-761.8956147321469,-488.8924374410259,161.65982050621344,-168.59733937845914,456.5424678650442,-635.6460489679127,766.5788508804994,328.39225978998763,-426.6188194336961,-686.219099463602,-654.5180307385548,219.4567736240252,-480.4167536284976,-505.1940334738157,625.8829391965306,-552.0084687849566,-457.3470561234748,437.6334930818574,935.9891732882804,1157.5203672290895,977.834405549884,573.1702026546366,-665.1802975395209,-705.5329652245023,-706.0011263446598,-564.1535395500355,669.3257884877845,793.8832723125374,-373.7121422574532,454.5988313415889,474.8096861164013,297.1412847135073,957.8295296354854,179.16278277337034,-32.51745144725527,-681.4102048175007,-726.8034766530501,-539.0140443411116,-536.1868159872558,-752.9635523365854,-510.3409116427602,740.4337335486484,-575.1952793856063,-439.33756071881874,509.5870353015053,708.5654573305038,906.2573110805127,-225.915979750664,-418.7738373183651,-124.78864454275832,-536.2905000392471,862.5725015403956,583.3561795315951,-211.055117904862,-383.5693465381359,-173.5618860188341,-293.18297546454966,-453.0836679177914,-420.0440277661826,-542.8565514821489,-584.6438378391255,-375.6036465949094,495.7117330900942,457.1128506686125,526.7705171830016,331.2322933178417,-616.7391908841688,-456.7917170328994,-669.7775831668021,-690.0271652261301,-947.3724314375638
-462.8554332751493,-464.8296140482661,-317.24864067522986,-429.1417850124506,-439.90229284637576,-2602.52228605565,208.52636018273512,75.57807497580099,-720.4743338908379,-490.2874394677961,104.09122131290424,-77.36630209645692,415.9578707035521,-642.6627517786347,827.0462079648967,281.1752691466529,-431.20782238177554,-686.8660673271444,-603.3050098445229,296.86728610611704,-433.71966372225273,-474.1439870977856,698.7120604205921,-493.1985070177709,-457.9300323909281,386.23462163885705,923.3975200258922,1174.800306134553,947.2305230890915,636.8690334331895,-659.045214048104,-708.3927587253008,-723.8882379434333,-548.7251792551273,639.1400439591716,746.0490886952134,-372.8290227092055,539.7439830537838,554.8162233504039,383.5465979587484,932.4297919850884,130.55454958357834,-48.092944974402414,-673.3552327732808,-742.1600828367035,-557.8931752050086,-501.9578338415523,-694.9801723044143,-536.0228186556199,717.8613666741301,-593.202319139499,-368.18475379657,585.2720746340124,688.6316108424764,860.130246882565,-262.4030958380616,-429.3850711201152,-138.23053973443962,-560.2272633269826,829.5257033490069,528.8522796988008,-244.8908827007953,-395.7230879030069,-188.71442748931983,-310.133155581984,-471.88418533250217,-420.7322202736876,-561.0693063725279,-601.0844982364379,-400.7384949386575,456.0002701139125,407.2135760073081,483.8509104835238,275.7028710085896,-632.0680538177412,-391.3942704214359,-615.8016312155045,-685.7868179777189,-945.7186599584664
-467.5503446108908,-462.9150225833154,-332.03872125529625,-437.124366713209,-474.4454391600472,-2632.012459937649,217.99148307939325,164.95902610812416,-668.8668067503688,-493.10864543587314,47.39175970792618,16.335605905555223,374.6715150678168,-644.0552933683211,878.2830688112127,234.0682488218452,-437.1646038884184,-682.1271741209896,-543.1373567874529,371.9019162570789,-378.74362263970016,-435.2312266619695,764.9877650903347,-426.1873762846808,-459.2235129994641,334.7878920377472,904.8312580037737,1183.301432044134,912.6726513958826,692.2305293190175,-646.690415079886,-703.9481096492995,-738.3658389965516,-525.371209293672,605.7179389715861,695.7617010689617,-373.2664801627955,618.5856901187401,630.1814979491194,466.29989322109776,902.2470529309312,82.51293142469959,-61.445088032849085,-657.7213799395734,-754.1819936059712,-577.7461675414311,-459.8619231073564,-626.0598385994049,-559.6888134900946,689.5829395445395,-612.3613203651415,-290.6341104553437,655.1427834438025,663.9523228255341,811.554661917584,-295.1235955106287,-441.73246714379263,-153.9849354977222,-582.8627255879655,791.6705424170011,472.72044057889696,-275.7107502379407,-409.1140577537648,-205.59126599037344,-328.2233903036701,-492.07069249538455,-422.7901214252425,-581.03127505264,-613.7533458479783,-423.8054338850867,415.3062088927149,356.47078917540586,439.5108773100745,220.2500187786981,-643.2704918778888,-318.7750222625871,-552.0222653217983,-674.2275973506016,-935.331785761029
-470.669113184636,-459.4555889510365,-344.3624289498841,-442.3708760123572,-510.7057020725193,-2648.0943258893863,224.85386788690727,253.66027175510376,-607.1318559357871,-497.72070305809353,-8.018034617841028,111.08827472171195,332.84563055583106,-638.9166448352142,920.03784620228,187.3255971683634,-444.7051110678304,-671.2944612058717,-474.72113444906967,443.5322393012562,-315.749527774794,-388.4061736726852,824.0379376274891,-351.6536318529469,-461.5913608444132,283.6185824428388,880.922402932425,1183.549784562077,874.6771058022306,738.854601427155,-627.6157235155932,-691.565983709627,-748.5990116942679,-493.8286848392699,569.6681418476917,643.3805873767424,-375.5094996767866,690.1875312454958,700.0569992324117,544.1926806442395,867.8208481843282,35.3380450231284,-72.7846942472676,-633.8919255616789,-762.0470695156365,-598.1614621006235,-410.0995695490835,-547.0089512404489,-580.6069220149086,656.2053236823153,-632.2344158734091,-207.83518491960504,718.4525467126888,635.1727674460425,760.7935725607999,-323.9334782048304,-455.95099912316607,-172.14744257122842,-603.3437756369075,749.5657987782765,415.39353956892376,-303.3399967791197,-423.81637657138094,-224.3468636670263,-347.403932383018,-513.1004155817915,-426.4995431258068,-602.3273592977575,-621.7557282443173,-443.9197063603106,373.9388679433068,305.1588988108663,394.0849765810445,165.2605614551243,-649.4439952230794,-239.71205284604895,-478.87848406848826,-654.7193020362088,-915.433428224923
-472.606455763646,-454.92567784388575,-354.43774265122977,-445.4076568748686,-548.2138020366666,-2650.6932554707146,229.2064114510289,340.3113499519258,-535.5897963610587,-504.3994244546748,-61.71750862708277,205.4398060749984,290.63764032568696,-626.4271136354072,952.2599014415548,141.21051070900668,-453.9751523521652,-653.7533181654608,-398.98942987494985,510.83410313629633,-245.20666989451755,-333.8197369092124,875.3684696668612,-270.4806506230206,-465.3696785861929,233.03912161751757,852.2813898012672,1176.1513986645143,833.7174514017901,776.5318406364489,-601.4451198491955,-670.7795731538397,-753.7720179278579,-454.02999919784565,531.5422579294647,589.2769900675562,-379.98290897362,753.796420391389,763.7427741087106,616.1517946273993,829.6565648781722,-10.659393668487972,-82.36710493971182,-601.406964008879,-764.9446387216484,-618.6416980736445,-353.07632211291326,-458.8976395577541,-598.0210309471005,618.3386629675782,-652.2948512854982,-121.09227442103835,774.6170076299633,602.9115889737417,708.1074405555889,-348.75533754846214,-472.0948671975808,-192.7445416157121,-620.7827174501487,703.7493335288794,357.2853829442552,-327.6536579134469,-439.8450081992783,-245.08976028944247,-367.5656106798908,-534.336153421197,-432.0859359917631,-624.4232245361173,-624.239405770187,-460.1647437774053,332.2052226323251,253.541409898214,347.8768084724626,111.1259945258364,-649.7326816224687,-155.15610041852457,-397.04830911921664,-626.7852568923462,-885.4335831749464
-473.7903115409972,-449.8174860656045,-362.5217194051326,-446.80288248197184,-586.3802935320336,-2639.880101522374,231.193031197532,423.59555170168665,-454.825048200322,-513.318414128034,-113.28954794829068,297.9499527173704,248.20772032721865,-605.8886287376915,975.08223685298,95.99391321516326,-465.04157144507246,-629.0097510770566,-317.078850444383,573.0070712215481,-167.78908681623486,-271.8282839046614,918.6643763973254,-183.7351550642412,-470.8574519220172,183.3485059570768,819.4813920097941,1161.7661082711898,790.2248263614746,805.2329808960701,-567.9476591334154,-641.3124981460941,-753.1151034499657,-406.11602843267065,491.8292335821204,533.8378706762768,-387.0343714832277,808.8515861247828,820.6965847715995,681.2639942254378,788.2242172581732,-55.16356527197621,-90.48884816614492,-559.9871068601506,-762.1017165802572,-638.6092035238574,-289.39995983157166,-363.0317818902868,-611.1672469683581,576.585365409304,-671.9342629984545,-31.82377660267203,823.2169097430691,567.7469658219221,653.7635955595956,-369.5817672896608,-490.1284023478349,-215.73097360313963,-634.2808194473836,654.7348996304415,298.7934261213681,-348.58384545917824,-457.148936224398,-267.87530709354417,-388.53720477759305,-555.0558186168307,-439.7097708635371,-646.6727292250292,-620.4224646133798,-471.62534816512186,290.4132980764836,201.8751107637223,301.16538896831685,58.23842973530667,-643.3577889932428,-66.20862347154336,-307.4390034270276,-590.1278830951098,-844.9626050072363
-474.6722698625279,-444.6312386090053,-368.9065616701325,-447.1520852528987,-624.5025375584038,-2615.866092823621,230.9990190442461,502.2867157927762,-365.6793440737098,-524.5378330971708,-162.32648694882516,387.23237328328577,205.7249995517996,-576.7570721063581,988.7991650380752,51.95163809404557,-477.88462899910655,-596.7152021481646,-230.297828278214,629.38762743947,-84.36382443230482,-202.99078345747452,953.7843559980364,-92.6383270257302,-478.3069111447759,134.83094537792277,783.0474277857718,1141.0831296768315,744.5910997796087,825.0932086124515,-527.0549477208216,-603.097534840466,-745.93179046659,-350.44227692026294,450.95423456529824,477.4678437807732,-396.91881389538446,854.9858203191444,870.5360186163281,738.7934589739671,743.9606545100263,-97.86059998263045,-97.48253023300008,-509.5525851700911,-752.8106735920048,-657.4146198691114,-219.8699279855517,-260.9160450904481,-619.2927885087679,531.532263172958,-690.4725906018194,58.48339621985289,863.9943548298673,530.2069112231189,598.0441339950195,-386.4771354685603,-509.9186857027115,-240.98781281145665,-642.9539639144082,603.0116684823273,240.30108224020657,-366.12582001582814,-475.6048597079527,-292.6980404012184,-410.08358701970354,-574.4654072757279,-449.4584709517453,-668.3296198330111,-609.6209046376554,-477.4233135132768,248.87445021587044,150.41333923742303,254.2117838721894,6.985245326568276,-629.6481506309001,25.906721048957557,-211.1683948885357,-544.6494591260869,-793.8970360297743
-475.7164632167557,-439.8648075340071,-373.9150995854976,-447.0625652529786,-661.7756377335259,-2578.995795807049,228.8403932373829,575.281377748009,-269.2353833343636,-537.9957251123668,-208.43797778607276,471.9936817341731,163.37208264150053,-538.6711095945601,993.8404060703998,9.360032694010352,-492.3919055328778,-556.687712742146,-140.0879161091173,679.4559784940344,4.028735909304717,-128.05793685731038,980.7495102894972,1.4693454744219467,-487.9137587170297,87.7538190499165,743.4502847069725,1114.799259020818,697.1740692105924,836.3925314468775,-478.8741247479018,-556.288721166053,-731.625715489112,-287.5772744481505,409.2815544207968,420.58880783213465,-409.78480855474766,892.0194941180582,913.0339638452068,788.1918160144094,697.2744377132353,-138.44670383840042,-103.7100476346434,-450.23662615976286,-736.4573326295774,-674.348791776308,-145.45907413509246,-154.2093786934587,-621.6772089807928,483.7457876907849,-707.1707676956348,148.32205240660562,896.8433197892973,490.7637675856339,541.2517658508982,-399.5775667046964,-531.2304087760032,-268.3211141458718,-645.9598004210139,549.0459627743888,182.1793911789243,-380.34244494543776,-495.0118431163778,-319.4838998314858,-431.9047920450694,-591.7153243908297,-461.33911388386827,-688.5635098847595,-591.2750092492635,-476.7539949042752,207.90420758710752,99.408233577279,207.2654741771921,-42.257344936039686,-608.0694462964924,119.87804619960008,-109.53771116186672,-490.4667828856281,-732.3777109905585
-477.3870595664423,-436.0028192041832,-377.895688122156,-447.1370563458312,-697.3072193831939,-2529.7385511046787,224.9527826452565,641.625042689877,-166.7912566568584,-553.5023052701068,-251.26039830586225,551.0674854804544,121.34767906642524,-491.4759889462392,990.7431229785236,-31.509768924517537,-508.35408971184427,-508.92828127671584,-47.97968783467354,722.8366806556187,96.20186476347745,-47.95356096677728,999.7271841283484,97.16797999039134,-499.8074739850524,42.36507477649055,701.1050200836527,1083.6003099978288,648.303884997133,839.5334925478742,-423.69539515461446,-501.2659072350369,-709.726001672853,-218.2928781948537,367.12089373711314,363.6371530149141,-425.66338884649457,919.9481686537688,948.1082406446686,829.1007680732504,648.5524991083394,-176.6368322610415,-109.55433011506382,-382.3921429772272,-712.548318451532,-688.6579390920585,-67.28815245989117,-44.67482101841213,-617.6555215857489,433.7698313661031,-721.2462792692601,236.2131294225429,921.795536979766,449.8326421101699,483.713255615735,-409.0890594051728,-553.7234572234593,-297.4610898119987,-642.5256893705817,493.2846005826754,124.78789976888706,-391.3667109366166,-515.0874288539707,-348.08260853798384,-453.6362206634924,-605.9198695291913,-475.27218746316976,-706.4799943163956,-564.9735605624006,-468.9221815116333,167.821475517406,49.11191780210948,160.56999548916087,-89.13157689028891,-578.2509275577759,214.3431150911832,-3.996838577623985,-427.9186432691881,-660.8188134024667
-480.1345544908242,-433.5053456018314,-381.2164647434424,-447.9570387629065,-730.1358942539404,-2468.678807169479,219.5803603296441,700.531702343181,-59.82646056609807,-570.7375835683952,-290.4672876786697,623.4419479206651,79.86722628602308,-435.2408852531703,980.1233842950376,-70.39859695592531,-525.463048924317,-453.6313953960848,44.45479162500303,759.2936611120141,190.8557175928436,36.25106313370629,1011.0110530955026,193.00118614872508,-514.0419621249871,-1.1097496208213369,656.3735591995817,1048.1462005370058,598.2899388900436,835.0175049698839,-361.99334251415394,-438.6311243268936,-679.9101178382425,-143.5465825029834,324.73617940132306,307.05859463981386,-444.4597198355022,938.9248911054354,975.8064771528605,861.3477945559927,598.1676422060302,-212.1733881190199,-115.4099223103619,-306.59101593355456,-680.7363755152006,-699.5619868419706,13.40599394347094,65.8741845982693,-606.6425506547554,382.1258288425324,-731.8915826283416,320.7518068166136,939.0029911270074,407.7733559584663,425.78028285674907,-415.2837534256621,-576.9536215926129,-328.06185340661546,-631.9766054390592,436.1592115734469,68.47467474840397,-399.4020990550544,-535.4657569010965,-378.2606473012376,-474.8502239799877,-616.1795674661139,-491.086739560884,-721.1445697840148,-530.4749414531411,-453.3755592142799,128.94604311708903,-0.2233971442364046,114.36747466903682,-133.30603371521627,-540.008284300939,307.92930308630145,103.89660954294574,-357.5652931272829,-579.9069217720139
-484.3811369541594,-432.7963155800969,-384.2588794838269,-450.0660883269792,-759.253213698924,-2396.5057449654687,212.96530105628065,751.3961086726465,50.03919589980912,-589.252661550471,-325.7802462788595,688.2798562974681,39.16149582512445,-370.2685923232864,962.6484450809344,-107.0666726186952,-543.3125802942495,-391.18891700706496,135.65072763596993,788.7204783783991,286.6153446695205,123.3687469458628,1014.9986897991588,287.5199755653135,-530.5868638505232,-42.47067146011271,609.5707254068351,1009.059876792781,547.4275575396493,823.4209923082009,-294.4215108452713,-369.1965356773923,-642.0231742654465,-64.45639887030961,282.3559781657537,251.30084803417716,-465.947980913169,949.2384577900676,996.2875241034616,884.9357377223926,546.4859567212652,-244.8344609678831,-121.67277101374955,-223.6155554824968,-640.842331438272,-706.2757690015633,95.30725120776728,175.62853728872958,-588.1575960503337,329.3144949703148,-738.2952572948841,400.6490508478837,948.718328326779,364.8953423108075,367.8277188733836,-418.4944435157242,-600.3767294377041,-359.7018634753523,-613.7620563191739,378.0908832217701,13.57543462304729,-404.7206426285491,-555.6982272756012,-409.6953576040514,-495.0593365735898,-621.6059099894056,-508.5173007077042,-731.6098417338394,-487.7241742020364,-429.7340706257893,91.59446773434078,-48.34638576469596,68.90177613429452,-174.4838915756505,-493.3613656746343,399.2936558149782,212.5226364039277,-280.17947466723245,-490.5895490749663
-490.505469982079,-434.2518243953213,-387.4104032945627,-453.95364755301006,-783.6288384398407,-2314.002518829313,205.33817604198748,793.7987239537982,161.09206736648923,-608.4749927521282,-356.97971738497574,744.9306847066129,-0.5267311258433669,-297.0966802231684,939.0110744795676,-141.30134309716516,-561.4022032852661,-322.18676870741393,224.0982988481936,811.1268578709688,382.0716999032834,212.1323876190905,1012.167868502082,379.3256952192912,-549.3198885917643,-81.54634590417136,560.972901688478,966.9200478917828,496.0039765471103,805.3723704432235,-221.8000750690259,-293.9641797663465,-596.0926461356818,17.730699182380928,240.1845127902559,196.8045185052341,-489.7697464365885,951.2890389205094,1009.8008020416154,900.0273405382308,493.8733050150431,-274.4411881008847,-128.72960390131612,-134.442110630063,-592.8724264201641,-708.0326504265433,177.06038501077552,282.83677826208543,-561.8482898999624,275.8186044600578,-739.6655797387243,474.7666749622097,951.2744255245494,321.46483220768704,310.24946719195026,-419.1074951628924,-623.3563640963881,-391.88529473681206,-587.4809685555576,319.4945304453827,-39.588154728302754,-407.65865103049134,-575.2571843632261,-441.9707864586546,-513.7214294070883,-621.3479531081138,-527.2029704489022,-736.9453057995313,-436.8649923345701,-397.8135988072095,56.07452921777013,-95.00860933949738,24.42006946830358,-212.41121702766495,-438.5456014801949,487.1610524864547,320.2465607608599,-196.7289683051384,-394.05322497886
-498.8272810161466,-438.1885575941757,-391.0563419443279,-460.0395931423626,-802.2385305922459,-2222.0353384877235,196.90962431422437,827.5036613640129,271.5744861684272,-627.7178303738455,-383.9150769829156,792.9346647760256,-38.94773953507323,-216.4896501293688,909.906940750888,-172.9247535153663,-579.1442796147201,-247.3942059424604,308.3870808685816,826.6226423814574,475.8236832888226,301.23369375213366,1003.0528282800057,467.1100596725647,-570.0205787183795,-118.19685767474635,510.8284448205528,922.2575055107852,444.3032160384081,781.530713554311,-145.09679918220965,-214.0981854999,-542.3376095102369,101.67539854342698,198.4123176272278,143.99271557969553,-515.4360775500656,945.5625903264744,1016.6649690625484,906.9259616020933,440.7001798727573,-300.86389733681284,-136.94726754856143,-40.21720130524203,-537.0298597451949,-704.1099376395837,257.3126115774912,385.85450780708254,-527.5123745644102,222.10618507635908,-735.2560207244053,542.1444767412432,947.0642527509088,277.71361038494814,253.4521400191884,-417.554357565423,-645.1751982689489,-424.0446532170577,-552.903416323522,260.78245123793664,-90.71092706727528,-408.61016453385633,-593.5429996984842,-474.5759236204156,-530.2470323219327,-614.6200825527307,-546.6890418659661,-736.2688040345221,-378.2461357847199,-357.64261322953223,22.67854061464276,-139.96745871320334,-18.82726332482525,-246.88498649652604,-376.0161883520192,570.3586294875208,425.466877352265,-108.3510974921776,-291.69176050592307
-509.5921972512029,-444.8525753566681,-395.5707264219869,-468.6599587404567,-814.0944100547351,-2121.542499673524,187.8635600199508,852.4502845942504,379.7356847927495,-646.1939929580468,-406.51348939382297,832.0193623499088,-75.85144322818282,-129.4220904592528,876.0158077684159,-201.80109385403185,-595.8746355126842,-167.7458479423631,387.2451915062076,835.4003159629584,566.5192021564601,389.3628246931752,988.221611450954,549.690552222578,-592.365953902973,-152.31601157134054,459.3689497843007,875.554628716384,392.6096158410689,752.5667385591848,-65.401879172602,-130.89058432540702,-481.1717310495896,185.98607835054332,157.22567170635656,93.25999969276268,-542.333464949488,932.6054270576848,1017.2471933434398,906.0537545854291,387.3444248219709,-324.0267803265359,-146.6623461432563,57.77302106517048,-473.7196216709276,-693.8552802604694,334.75457016556976,483.1877263956171,-485.1160622164886,168.63351429582127,-724.3919510301257,602.0185580263213,936.5219941321316,233.84860269561372,197.84693851149277,-414.301885480045,-665.0498369663288,-455.54501865338943,-509.9880420946968,202.36662815560243,-139.50727826210482,-408.0183082795313,-609.8947873470428,-506.90596869166455,-544.0090324452739,-600.7301190431128,-566.43149190128,-728.7785892367368,-312.42120408123554,-309.4707155622457,-8.32412805237872,-182.98989949157232,-60.588355770484405,-277.7604703232842,-306.4443999431241,647.844896361351,526.6610931252567,-16.32010102054156,-185.06592138280263
-522.9572967830215,-454.4087271438537,-401.3063099140767,-480.05415187987,-818.2767299284554,-2013.5233513911728,178.3520933938551,868.7394254977453,483.8815625822839,-663.0339575528654,-424.7870360079741,862.0896652461535,-110.9950947235866,-37.05333864692244,837.987015742579,-227.8430789065313,-610.8667204712996,-84.31705733510621,459.5715108575328,837.7172075417265,652.8933223066589,475.2471212724684,968.2554348862255,626.039762366066,-615.9285160368321,-183.83294649449013,406.8204897771732,827.2475354307653,341.2099057515021,719.1465351086081,16.102352125344176,-45.72222330669855,-413.1994754122349,269.2604058440639,116.81411104332685,44.96131852006907,-569.7336877993359,913.0002095705812,1011.9441312030274,897.9285714269315,334.19152933605994,-343.91093918793354,-158.17131762809404,158.1387813186971,-403.5459746709491,-676.7131082103183,408.1587205599046,573.5282952959255,-434.8076689520197,115.84735291100668,-706.4976337445498,653.8305005606112,920.1061926948238,190.06156850554711,143.8401749597131,-409.84168417414975,-682.1489435041013,-485.6903295423343,-458.894060723554,144.65945555753223,-185.71470070720093,-406.3647938502083,-623.604810534186,-538.267195444207,-554.3548879745155,-579.1067912105931,-585.8045900010668,-713.7847984012027,-240.14160021018583,-253.7683991514365,-36.6949085807627,-223.85682707331824,-100.61309683244473,-304.9576089514452,-230.7057376810081,718.7323553157735,622.4274977519551,77.9912509719158,-75.85626725564008
-538.9778845038077,-466.9309865552778,-408.5837705055549,-494.3539808253777,-813.9662351844249,-1899.027082129243,168.4922621269538,876.6153873184234,582.4211402798921,-677.3081389870227,-438.83768720139966,883.2123866403263,-144.15174209213174,59.30535542424713,796.4294295323801,-251.01734902054355,-623.3491723088054,1.7063331118679064,524.4597766401444,833.8783783169966,733.8017856064038,557.687201643474,943.7308494974352,695.3075996061184,-640.1771053065413,-212.7129477978504,353.4140299218474,777.7302439148804,290.3937804122382,681.918275326125,98.17555621943656,39.97943881086134,-339.205280784598,350.1265819669205,77.37553136445126,-0.5984164429374467,-596.8075766013656,887.3444063901618,1001.1654735027622,883.1407431663757,281.6324389237423,-360.5557430236174,-171.72143218339232,259.4266178746002,-327.3023089569447,-652.2500165037693,476.4133762551698,655.7802152343602,-376.92535818525977,64.18591765555294,-681.1223987449026,697.2276106100608,898.2854623650525,146.53821446181993,91.8229233169372,-404.678686798516,-695.6143177937078,-513.7321108206294,-399.9868656358523,88.07270921755429,-229.09764316651965,-404.1578722111017,-633.9364375614801,-567.8858537869514,-560.6214038201358,-549.3254744212588,-604.1117790528513,-690.7390527510425,-162.34235019946465,-191.21777723098396,-62.233844856446034,-262.367794346101,-138.65767631429827,-328.46601313641565,-149.86004040488888,782.3028796913343,711.5210857691923,173.15401299686943,34.188660156418244
-557.5960429669836,-482.39401442704497,-417.680293908058,-511.57478254085015,-800.4759961833264,-1779.1411289239354,158.36459072467335,876.4450185152859,673.9077738437143,-688.053035402368,-448.8597593019627,895.5968677464905,-175.11899115786383,158.22972197720262,751.9057560136567,-271.34851468934284,-632.5264796358263,89.06259161144041,581.2138564593489,824.2210615699881,808.248476040916,635.5888776953832,915.2052138428004,756.8357384114314,-664.4810744678307,-238.95739579424077,299.39432269946855,727.3601550265632,240.45302198435195,641.5019640996389,179.55581804971,124.78371268110588,-260.135792911119,427.2823795496434,39.11862563200204,-43.17351936113925,-622.6425853207529,856.2320613492012,985.3206588263934,862.3307292793512,230.05902986672385,-374.05851723419937,-187.5024302067208,360.1614708596963,-245.9535043015516,-620.1779155495924,538.5508936718339,729.0759974985838,-311.9980744944559,14.078191711576322,-647.9647575626032,732.0549291112961,871.5270832012228,103.4661200843068,42.160311725832265,-399.31916667855336,-704.5845048848897,-538.88097482544,-333.8364744318484,33.01471913992996,-269.4515515677341,-401.9190722485287,-640.1452905026421,-594.9213721371093,-562.1519921830129,-511.1309999047401,-620.5998670881471,-659.2608766208707,-80.12088778457301,-122.69452174730444,-84.78691815133348,-298.3458491334761,-174.49016292748388,-348.34824899345307,-65.12409428716657,838.0155767820637,792.8821994316739,267.72730556504,143.30633735372808
-578.6315445313027,-500.6662762791539,-428.8177885080686,-531.6089193315972,-777.2814726584451,-1654.9789727270334,148.01341950071006,868.695168833,757.0735241893136,-694.3007191787019,-455.1395762401305,899.5730221481417,-203.72761116131048,258.2256131701939,704.9308740814082,-288.92160505367787,-637.6022511904033,176.45133974898212,629.3540144200019,809.1013605793634,875.4058021872372,707.9896057038461,883.2057695592981,810.1640719305657,-688.1181802331989,-262.6028588265077,245.0267304816368,676.4641616539012,191.67927315853865,598.4821385173163,258.99670881048985,207.2992632980969,-177.0756221206183,499.5302936778853,2.262632183516362,-82.58498677586596,-646.2639876801758,820.2394249782774,964.8090853634784,836.1684295588107,179.85756996489846,-384.572660326282,-205.6391630697428,458.8890191162278,-160.61135739357672,-580.373729112651,593.7689390011427,792.7830054167898,-240.73908477666376,-34.05870024559773,-606.8931441398386,758.3401054530615,840.2885779799326,61.04096819054935,-4.819024448799056,-394.2583822361695,-708.2204237357607,-560.3211046066256,-261.20835939413246,-20.11415427193605,-306.60694487065143,-400.16907043660495,-641.503015723953,-618.4839039509544,-558.3161840956807,-464.45630437659264,-634.4764408680969,-619.1596659924492,5.290759140587264,-49.24175701902673,-104.25246838006282,-331.6422170643372,-207.8967919180052,-364.7411248513015,22.162298410419343,885.5073173506613,865.6568868182368,360.3022019897845,249.7738798183659
-601.7757275398709,-521.5050601181722,-442.1510624006228,-554.2218899340576,-744.0474797229438,-1527.6670885362887,137.44887416690716,853.9097823597756,830.855486257208,-695.1109371492054,-458.0521368144119,895.5682137985264,-229.8495246718277,357.77433856751765,655.9736042198406,-303.88271822446967,-637.8044297120904,262.57173286071946,668.614483848897,788.8837190945486,934.6274073900958,774.0785077580372,848.222376536424,855.0293531056001,-710.2864733313849,-283.7194090693559,190.60157429018943,625.3447368843666,144.3606128682048,553.40329471469,335.3033054834015,286.21401147079325,-91.21746867963154,565.8074015333444,-32.96542533531944,-118.7258432777123,-666.6594101438666,779.9147281306725,940.0139019693196,805.3347457014765,131.40060912455584,-392.30433509459897,-226.18514640186817,554.216365506204,-72.50404894367173,-532.8944607790083,641.4442106328895,846.5002297110309,-164.0319471590691,-79.82416724285942,-557.9619776836823,776.2725361942092,805.0121732310892,19.470698059048168,-48.83282889253188,-389.9680525072752,-705.7324090647468,-577.2277641914771,-183.046594499736,-70.92751868549884,-340.43337087254866,-399.4130361679128,-637.3229052587157,-637.6560134493145,-548.5309687233574,-409.43573625026704,-644.9302753335893,-570.4510414362832,92.55956980703128,27.962870648650835,-120.5863326054672,-362.140589641072,-238.6886041745817,-377.85477754876536,110.57544986430418,924.5865244172368,929.2084477436696,449.5430410875554,351.95879277675976
-626.5889211257256,-544.5537610181121,-457.7563649796058,-579.0512808219203,-700.6507075285655,-1398.330876128913,126.65028425318116,832.6877538509748,894.4133533069758,-689.6048662985098,-458.05467164023,884.084222951643,-253.4047491038955,455.37802827037706,605.4611836080543,-316.43771332487995,-632.4116377172538,346.15980928240094,698.9331004411506,763.9334610150702,985.4530879895492,833.2093709513805,810.7037576123523,891.3565600401051,-730.1203056843823,-302.40829955112133,136.43576888590567,574.2854437037788,98.77712887246612,506.7677141133715,407.3655776452477,360.3306601349981,-3.8278169209357937,625.2088808809015,-66.33566401922582,-151.56413425773897,-682.806295053732,735.7721033851984,911.2992323776276,770.5057812683175,85.03781716102915,-397.5079115712472,-249.1170643941196,644.8492884729822,17.059009189448265,-477.98657216518126,681.1384669644567,890.0464846634243,-82.90917530612913,-122.84080766120609,-501.4218533575208,786.1783640148889,766.1218856571253,-21.02266149202384,-89.65398981227361,-386.8838682258189,-696.4079442472557,-588.787686495556,-100.44969140706468,-119.06010515259034,-370.8430720027977,-400.12579000451376,-626.9864256987393,-651.5180322336054,-532.2833258991874,-346.4119726411464,-651.1543648170108,-513.366589363455,180.28973411408657,107.64532055223822,-133.80538334104162,-389.7608240553621,-266.7080606512945,-387.9694523511882,198.6504505789235,955.2211525108792,983.120141794918,534.2241402450177,448.36460785453113
-652.5019408081954,-569.341812792691,-475.6207598406245,-605.6087643106275,-647.1965002172755,-1268.0795176554882,115.5708069833794,805.6624894102274,947.1380035459993,-676.999366124713,-455.67705976415465,865.6753569347246,-274.36690760638254,549.6028926678121,553.7856154859402,-326.8488354634448,-620.7797236498432,426.0233578268152,720.4341168451516,734.6124602798952,1027.606256680224,884.9064276701539,771.0569237392071,919.243827149878,-746.7103734896536,-318.79918609628106,82.8716677927618,523.5554355326294,55.19571474453411,459.035283269528,474.1877231389668,428.59644430601,83.79030549711918,677.0045313700356,-97.62198453918027,-181.1434659042553,-693.7017491453064,688.2894156213498,879.0104893189199,732.3398887496519,41.08631878964203,-400.480348558106,-274.3302527930594,729.624495983383,106.72532639006056,-416.0888227265188,712.5971579550054,923.4414350415911,1.4756718829876012,-162.76277552705398,-437.722881846241,788.4930139588415,724.0228513544826,-60.20357541200679,-127.11778267142574,-385.3932568021935,-679.6392319842354,-594.2219798392914,-14.63995729094887,-164.17569546616548,-397.794178449503,-402.7371035475663,-609.9695788631902,-659.1763603921089,-509.1531043012105,-275.9357333324561,-652.3710406022509,-448.3562289084975,267.0639308042515,188.4765617597936,-143.9892276524386,-414.46192243490384,-291.8352586893989,-395.4299708608975,284.92546035257584,977.522040352828,1027.1895213233513,613.2602292409806,537.6695419850366
-678.8220694354503,-595.2876430090218,-495.6328466261924,-633.2853293194254,-584.0287346717266,-1137.9899075265837,104.14297563664336,773.4838868300093,988.65140496837,-656.6403942725086,-451.50916763730805,840.9285336374454,-292.7669976957331,639.1184185503832,501.31102953045126,-335.42922864741524,-602.3674974552728,501.0728499516902,733.4055933549189,701.2777634653407,1060.984694195662,928.8631183081624,729.6493046172191,938.9420320478282,-759.1274900338219,-333.0471047689122,30.27320563587287,473.4126619054316,13.864343881138112,410.6248575481005,534.9122763408557,490.1260669805807,170.33580139541468,720.6480490341434,-126.60992832891296,-207.58112863770867,-698.394077747324,637.9095600948727,843.4772689480512,691.4676135938929,-0.1789227740750849,-401.5546922910056,-301.63521410041346,807.5356163666321,195.1386998462124,-347.82800479527486,735.7413507968702,946.8811591186004,87.88130342128734,-199.28538895981077,-367.510513741776,783.7329186176455,679.1024325318848,-97.8259503282923,-161.12725991791,-385.82363713715137,-654.9496152959688,-592.8109795865911,73.0723566996825,-205.97539688416083,-421.2932440666349,-407.6174631677543,-585.8679364827123,-659.7937545960275,-478.83520972592936,-198.75779600411252,-647.8584664187563,-376.0827377842431,351.4858832944773,269.1151780787144,-151.2799199842735,-436.2442200964269,-313.9934039242656,-400.63797372941,367.9855885663795,991.7229774113478,1061.4152875746383,685.7293858127406,618.7567834821311
-704.7437919068491,-621.7049941626232,-517.5753822790091,-661.3599039805684,-511.7318579513663,-1009.0900850987416,92.28486956467287,736.8032010844834,1018.7985938446286,-628.0341268701685,-446.1852772296071,810.4459282349258,-308.69518777164205,722.7308284146706,448.38121998828086,-342.5353661166877,-576.7606087592484,570.3472459471358,738.272929934179,664.2827651292375,1085.645656476592,964.9344118422334,686.8129989970139,950.8303201482536,-766.4495448959693,-345.32942072090617,-20.980415344072792,424.1056393750978,-24.99390847032788,361.91671120599113,588.8381164550472,544.2171915503583,254.54741830953816,755.779192919488,-153.1052362247218,-231.0639601678673,-696.0151413258136,585.0446302286292,805.0181831214746,648.4844455947745,-38.534144789133975,-401.09285097066015,-330.7552567671393,877.7520222925273,280.9779740852269,-274.0073547802864,750.6539513495478,960.7101077873174,175.01586078143424,-232.15533751902308,-291.6135796152783,772.467962511267,631.7325944647196,-133.63825142460672,-191.6565388052185,-388.4314197595663,-622.0177463482195,-583.920260991787,161.3284825724678,-244.20582396021408,-441.3969552913625,-415.0646162286136,-554.4191657387929,-652.6204592765404,-441.1599317256017,-115.81320588369964,-636.9776283416198,-297.4083239939027,432.2222377734071,348.249089494584,-155.87964303424812,-455.15076080238856,-333.1532422645217,-404.0421029808485,446.5043248264407,998.1588856686266,1085.9779155798642,750.8877831569256,690.7355227973926
-729.364377358159,-647.8128840581738,-541.1203623096975,-689.0114906178272,-431.1244423273109,-882.3429346813169,79.90659696058616,696.261004069556,1037.6328528188392,-590.8742678149029,-440.36588756093647,774.8305453789934,-322.30049282218147,799.4095095284708,395.3266125948045,-348.5575065280212,-543.6925274233737,633.0337949413964,735.5701693317582,623.9803494712243,1101.786627521551,993.1235843170084,642.8504861893142,955.388982058023,-767.7908730351278,-355.84294459383955,-70.50310127229432,375.8737808759908,-61.186811317536495,313.2556423069943,635.4318544621543,590.3582830179201,335.2393458053624,782.2193301223716,-176.94261133639122,-251.8422018982944,-685.8125106332467,530.0822497737461,763.9468939570128,603.9461655833518,-73.81476040134804,-399.47777933389386,-361.32539735347245,939.6299919878944,362.9934610067053,-195.5878120624729,757.561440158146,965.3913344861325,261.57610436260177,-261.1807197321959,-211.02472233367777,755.2959739804702,582.2730429722598,-167.39046055865262,-218.75182693202564,-393.3920272050714,-580.6983296799351,-567.0268325139084,248.76225108422764,-278.6667533987119,-458.212876067255,-425.2912162113093,-515.5218952699065,-637.0249055984684,-396.1101741013819,-28.19800965642685,-619.1987751047145,-213.37352793445325,508.04178646464425,424.6344345405279,-158.0464157077589,-471.2678637463506,-349.33622485472955,-406.1263513417194,519.2806182135972,997.243484002696,1101.2155303975444,808.1761084280105,752.9523680407754
-751.7042087066758,-672.7493721363232,-565.8271054742071,-715.3348770577979,-343.2439918461497,-758.6311940008139,66.91678960148364,652.4782036398929,1045.3954717585475,-545.0640582754479,-434.71730277163886,734.6748716239899,-333.7882529165313,868.3055656891794,342.470037657537,-353.9083610683706,-503.0616323939441,688.481289914866,725.9106631331589,580.727279154108,1109.7231269311055,1013.5646072074912,598.0411101322001,953.1711663642576,-762.3330457485785,-364.8013658884241,-117.91179014665296,328.94639001796884,-94.55860254278058,264.9543515804396,674.3324541582465,628.2289956897462,411.3328960987329,799.9611336142358,-197.9942178364088,-270.22167278664455,-667.1802542248046,473.3933030145907,720.5785706139824,558.3664694197171,-105.92184405597196,-397.1051829718903,-392.8927180031735,992.7161436309297,440.0394837934506,-113.66270527800232,756.8124619190494,961.4767585924168,346.2866451265323,-286.24008879349054,-126.87385998801406,732.8203297076946,531.0746464235519,-198.84243702158287,-242.53011907424064,-400.7912264035665,-531.0382623283734,-541.744359733763,334.0408946638884,-309.21784309735824,-471.89913901740937,-438.4138804497434,-469.2498613056754,-612.5226314405462,-343.8343801063384,62.860703039078224,-594.1261384079263,-125.16915666363778,577.850180342582,497.12990321449126,-158.08798614081073,-484.7248923097615,-362.616255509901,-407.39685531912,585.2699702880169,989.44767995016,1107.5966361139156,857.2180343203142,804.9932915161221
-770.7315549908387,-695.589161584253,-591.143835946958,-739.3599100729353,-249.32317089944905,-638.744898250446,53.22882853713054,606.0498744238763,1042.4916117130545,-490.7316204964823,-429.8895534685242,690.5525830998473,-343.4154009299722,928.7621282209224,290.1308398034776,-359.010227272394,-454.9435010013132,736.2065940513077,709.9585618579941,534.8890459405304,1109.8650043867126,1026.5014595787882,552.6476639151844,944.7749034823448,-749.3559215095146,-372.43308036653445,-162.83732421165757,283.54051694885345,-124.99500814370586,217.2967785648554,705.3493172921382,657.6936694252541,481.88292992470895,809.1534238945632,-216.17748578134956,-286.554623439824,-639.6870843875615,415.3402760382345,675.2359993766742,512.2164651474924,-134.82677370893356,-394.37483044230936,-424.918426781677,1036.7435066044875,511.10178793109145,-29.426841579159674,748.8546352416231,949.5790091584732,427.9372428110101,-307.2897171375852,-40.3957575132028,705.6314353448723,478.4827292322111,-227.77316291993512,-263.1755972612681,-410.6180761050641,-473.287072764469,-507.8461472200531,415.90357136105314,-335.7840485036162,-482.66304692088704,-454.44397030484055,-415.8604199286816,-578.8020665343025,-284.6540638484591,156.04023516279273,-561.5196891958685,-34.102356224883565,640.7185280645093,564.7251450164831,-156.3541509091565,-495.6932239764562,-373.1199453289364,-408.36744747206376,643.6082817399756,975.2797344064066,1105.6913051088552,897.8115853040039,846.6767188508478
-785.3912741406393,-715.364908140896,-616.4131717363186,-760.0742152995067,-150.7581004655908,-523.3722190846528,38.76654847451341,557.5414872810935,1029.463817617255,-428.2374935584603,-426.4933257784737,643.0131345439994,-351.4835651122847,980.316550560821,238.62701929772163,-364.28090992278896,-399.5976223274354,775.8946054409465,688.4023822762251,486.8444043389321,1102.6925936672078,1032.2657415295034,506.9224669833567,930.8168268095272,-728.2676711689179,-378.9793961853693,-204.93563799421636,239.85793779527225,-152.42739504136347,170.54114631912037,728.4544051323265,678.7888017814244,546.0980263791907,810.0822862830962,-231.46184188636917,-301.22963777614086,-603.1005324996376,356.2854333070552,628.2546463050797,465.92558004086936,-160.573760285326,-391.6815446670783,-456.7819168575746,1071.6209859026571,575.3189008212946,55.85867530976868,734.2108956253027,930.3461042963808,505.4163363808409,-324.3684095245284,47.10683743591195,674.2925299790297,424.839905618581,-253.9903159306129,-280.93386747399063,-422.7597954417472,-407.9007307649644,-465.2845488726026,493.195818052165,-358.35942764831304,-490.7585982265746,-473.28039924852806,-355.7967132623747,-535.7458813302277,-219.06507501875365,249.96161068953663,-521.3126827490772,58.44171672228928,695.9046375905925,626.5622727065174,-153.22780156758884,-504.3844005336108,-381.02536630284897,-409.5443142119703,693.6276449227125,955.26798879204,1096.1423433268642,929.9146067243778,878.0387722994416
-794.6367292576874,-731.0919329077196,-640.8818058503722,-776.4491209228189,-49.06984831191357,-413.09429182899487,23.469204311141727,507.48701442278514,1006.96465574748,-358.17354035887587,-425.0766816057351,592.578938084577,-358.3301149240009,1022.6950674201978,188.2752622863535,-370.118808417613,-337.467941190496,807.3921542389047,661.9316406557862,436.9888878321989,1088.7339675022504,1031.2539330479874,461.1124341688098,911.9088031100522,-698.6324294329487,-384.6930018625094,-243.89864732452008,198.08155935761687,-176.83584064247276,124.92253161864016,743.7692514411599,691.7055967324737,603.3537738631952,803.1496640303487,-243.87404759030736,-314.660923011432,-557.4058389618488,296.59809122829216,579.986092128469,419.8833906464433,-183.280086850556,-389.4059359870497,-487.787150049432,1097.4173040803282,631.9968910785368,140.90430175090285,713.4565612264653,904.4398816715694,577.739250554471,-337.59938538466866,134.30275975148822,639.3299549999035,370.4882118017889,-277.3396169773384,-296.1042665622376,-436.9988533267052,-335.5381577595288,-414.20550350579566,564.8984327383515,-377.009101080303,-496.4829853329117,-494.7047705840465,-289.6830330026257,-483.44671479804254,-147.73202749757814,343.2309453179669,-473.6238284962236,151.0408918153645,742.8660942134117,681.9499101497029,-149.11503465136968,-511.0474142583262,-386.5593520847872,-411.41013226791256,734.8637674727566,929.9466582966196,1079.6377781427084,953.6257971061178,899.3119924876844
-797.4640062114657,-741.7958528714665,-663.7145115304315,-787.4683858700088,54.139316643161216,-308.3841819374833,7.295523802442681,456.3883358370592,975.729807044226,-281.3528137953597,-426.1024326123233,539.7447520268661,-364.31732966284767,1055.8008905714507,139.38886849000835,-376.8876017842413,-269.1768767729684,830.696611162758,631.217243637711,385.7367495871245,1068.5443413076594,1023.9055227481168,415.46277324303526,888.6384328128477,-660.1942305929332,-389.8364840469487,-279.464290098318,158.37156530075137,-198.2509674213086,80.65483859674711,751.5479254749484,696.7688433897596,653.198949786044,788.8506308788839,-253.5018945139612,-327.27727993239216,-502.8183388654428,236.66031486991469,530.7994218547125,374.44190674686985,-203.13397848599772,-387.904938478603,-517.1716883227598,1114.340745284678,680.6173537585801,224.4308240358181,687.198131866969,872.5187335981873,644.0699087515575,-347.1889889118438,219.8728015563532,601.2277485031077,315.770382054451,-297.7134445776141,-309.030564101014,-453.0125624166464,-257.05009904181753,-354.95701417701315,630.1496658178936,-391.8692218611636,-500.1721274829097,-518.3791432564266,-218.31323014763777,-422.2162726464456,-71.47569874133366,434.4808744018956,-418.7631002982481,242.2777637194731,781.2648505111898,730.3696639411328,-144.43467296151704,-515.9650665796016,-389.9934401107264,-414.4080828240501,767.0552038786184,899.8449089481371,1056.8857915390588,969.1628890073262,910.8990727382824
-792.9473405112459,-746.5424528693596,-684.0124227402614,-792.1591460475119,157.23297510730723,-209.60973057134848,-9.773287032459084,404.71537794893067,936.55274584363,-198.7904457860722,-429.92707180057687,484.9788390341657,-369.819948520127,1079.697010517916,92.27372042038552,-384.9010034907195,-195.51274844677525,845.9402123876844,596.896024423253,333.52096039496485,1042.6884294926322,1010.6830432060104,370.2190992860616,861.5540727661719,-612.8959644599231,-394.6806117623146,-311.42526891929725,120.86161162198428,-216.75446877589917,37.93211032267632,752.1571204546487,694.4134460652263,695.3547373206427,767.7504920907967,-260.49607735447626,-339.510986049872,-439.7883102168436,176.87046160845216,481.0803428934632,329.9178987388832,-220.390126384838,-387.5022176412552,-544.1186531839572,1122.7161634351075,720.8388068374205,305.20723182387763,656.0546114391265,835.2248429446688,703.735339130731,-353.42223595994307,302.5489760298471,560.4261899829487,261.0301916884423,-315.0582776546568,-320.09045660641186,-470.3754358096252,-173.46040748487894,-288.0906130675503,688.2600382002169,-403.1449068466,-502.19529076538913,-543.8467186548871,-142.63236602641453,-352.58702196943153,8.746368155871997,522.4100640447252,-357.2304803106266,330.7803460483756,810.9634944030016,771.4753082044367,-139.60753580341338,-519.449328525084,-391.6385854216668,-418.9261674331921,790.1350204272343,865.4791770818675,1028.5929651399938,976.839560559882,913.343241747576
-780.2745047175357,-744.4689322071233,-700.8353455622178,-789.6242822453686,258.5887485607824,-117.03969774295142,-27.73167719257567,352.9064707334198,890.261892839586,-111.67613507450204,-436.7821666150985,428.72541806490057,-375.2114423896643,1094.5851597612943,47.22255770646819,-394.4080846559173,-117.41086819952577,853.3712609919854,559.55952590073,280.7911124415855,1011.7262766009642,992.054817092022,325.62790264559305,831.1546976094616,-556.8922369371556,-399.5020698072887,-339.6361652156272,85.65535015539542,-232.4783299079111,-3.070834522188134,746.0545751634862,685.1599117140582,729.7074807465598,740.462755422943,-265.07013098503194,-351.7867646383502,-368.9975285633918,117.6441333924439,431.2280082211796,286.5949476258401,-235.3629927476269,-388.4785303345562,-567.7718021807544,1122.9607462565557,752.4920092581443,382.0859526461958,620.6418979439954,793.1757898972713,756.2327403421482,-356.65543237382707,381.15084440602783,517.3237377064497,206.61185232977977,-329.3806070932566,-329.6842975309371,-488.5645283114904,-85.9402113690766,-214.35517573095265,738.7195671686005,-411.1061741506375,-502.94882374046273,-570.5357280946134,-63.71217005487792,-275.3060015895012,91.86538777958884,605.8189836861291,-289.70729181226466,415.2598045230456,832.0138247813853,805.0853381722789,-135.04576421357748,-521.8356425593672,-391.8388013044321,-425.2822710337365,804.2158906753234,827.3484757272424,995.44643549667,977.0425398214428,907.2969296622712
-758.7807846685891,-734.8154783327731,-713.2276540973743,-779.0751988541018,356.6453876550418,-30.852410871697742,-46.54907403114972,301.36850248546415,837.7008687064177,-21.339319441562942,-446.7590755446237,371.407925324621,-380.8494231489876,1100.7824659317057,4.507923925811094,-405.5796738653833,-35.92890146035035,853.3334417513784,519.7468852539101,228.0092894067708,976.2027860468318,968.4809653692074,281.93543876648704,797.8845823208783,-492.5552349890622,-404.58033283645386,-364.018721353766,52.82351171788909,-245.602811274957,-42.198403665943246,733.7669916557238,669.5900103254002,756.2957898209102,707.6288588911068,-267.4983807241391,-364.5109606452321,-291.3471346472542,59.41227989992545,381.6497155535808,244.7250016432889,-248.41812119660375,-391.0621388089449,-587.2537749766235,1115.5599523578428,775.5699847774559,454.0338783368417,581.5605308556749,746.9601263938955,801.2293318637344,-357.3062664267905,454.6172856536677,472.2816780250391,152.85848875598728,-340.7510301809039,-338.22351965452305,-506.96793359197966,4.224131029728883,-134.68285438572474,781.1976333278022,-416.0820130643534,-502.84901264712784,-597.7667731464128,17.27876136889973,-191.3206180674364,176.73189346614896,683.6403932253779,-217.0401971837111,494.5436916979932,844.6387678560017,831.169851382718,-131.14245655096414,-523.4761334216848,-390.9638932356762,-433.7104304822621,809.5698936795286,785.93227213518,958.1002937239332,970.2101497650552,893.4902644810513
-727.9800962500325,-716.9559634146108,-720.2471237209676,-759.863806622461,449.9466003020823,48.85397183903562,-66.17040952575577,250.4765658986889,779.7122079302882,70.79141942144993,-459.7977679971864,313.4326159505246,-387.06066658388215,1098.6972904465802,-35.62576056401905,-418.49633434976766,47.78257364614093,846.2444831086523,477.9414803554058,175.64414408655216,936.6408769364416,940.4029766999918,239.38521400595573,762.1324853326399,-420.4729741291591,-410.1934202734613,-384.5652089457284,22.40171877677471,-256.35330389165165,-79.31479011310712,715.8685011812134,648.3236722982119,775.2930513458149,669.9003495843486,-268.1119125619703,-378.06100621932046,-207.9368557555453,2.616411116452001,332.7538191245365,204.52932729020677,-259.9617627634456,-395.4194150160143,-601.6873855275285,1101.0448724123828,790.2137420358578,520.1578811721753,539.3868413671361,697.136308648798,838.5556135405657,-355.84187351210693,522.0323893289533,425.6307407801706,100.10975333271996,-349.3063074715952,-346.1191839815293,-524.8965386794596,95.6679858902492,-50.167361214660886,815.5361281782298,-418.4527738956096,-502.3240484387881,-624.763822300335,99.10875572762534,-101.75669558376642,262.14989734426234,754.9633652112458,-140.21838003651965,567.6034031069058,849.2089871096556,849.8329382756431,-128.2618073475648,-524.7317363991273,-389.4014513116557,-444.3487682479972,806.6044599533836,741.6904145868258,917.1663132046456,956.8132632793356,872.7007895683332
-687.591777601299,-690.4264445549851,-720.9958629994305,-731.5123480694494,537.1796967847633,122.05047003716128,-86.51782485699368,200.5729085709387,717.1246374008616,163.2327988379433,-475.6804081130519,255.19207573076324,-394.126265575137,1088.805626651172,-72.97048278327591,-433.138397226699,132.51309402176895,832.57532221019,434.5708622736777,124.16355586899454,893.5379432658316,908.2369013210456,198.21431749005387,724.2347593187465,-341.4396424012365,-416.6123519845257,-401.3399047239542,-5.610872925541987,-264.9961825364181,-114.30496374645836,692.9605677603361,621.9979930619866,786.9865784086116,627.9239906405587,-267.2926228564794,-392.775238757056,-120.03610180723416,-52.29888886792757,284.9413104578463,166.19883436667635,-270.42919219618545,-401.6458243677493,-610.2196317324056,1079.9720282237222,796.694806455422,579.7238602545921,494.6673365814923,644.2342441051128,868.1929764504553,-352.76540092767016,582.6445271457691,377.67892170854,48.69864897619243,-355.24922203437296,-353.7710321456594,-541.5990433941737,186.98867012959303,37.96468970124108,841.736851307031,-418.6411032861096,-501.805105549079,-650.6689905960534,180.51931184477715,-7.889470300970482,346.9129591348147,819.0500864407345,-60.34485640674172,633.5749268483472,846.2157597255386,861.29189422707,-126.72987936150722,-525.9632983577718,-387.5482564700338,-457.2295374863001,795.8359837451973,695.0645310013506,873.2088586385123,937.339327905196,845.7255880736626
-637.5616472591245,-654.9500923787211,-714.6523320028383,-693.7396119962406,617.2074807168756,188.7663608172286,-107.49349194048446,151.96511266140374,650.743796529029,254.4929649578487,-494.03021149016695,197.0682622962598,-402.2674501758893,1071.6292386724103,-107.3627264479852,-449.3784973215497,217.02749311231187,812.8307850063078,390.0094186366732,74.02631561851322,847.3650936909877,872.370022491468,158.6488943414185,684.4816274955598,-256.43813634374925,-424.0942254112608,-414.4787689657848,-31.252076120894493,-271.8337764547414,-147.07593483523695,665.6540230563866,591.2489993725698,791.7547160950853,582.3300478751162,-265.4654528182306,-408.9431340060676,-29.04794844724046,-104.89573208782824,238.5965904519693,129.8938303820712,-280.2721285256841,-409.7575502825055,-612.0478712230994,1052.9063409355654,795.3957177843907,632.1687541000773,447.9159784074957,588.7586461374277,890.2568321739415,-348.6015843260452,635.878079067803,328.71978200353425,-1.052358630138664,-358.84614226608664,-361.5573322048952,-556.2801331052018,276.78708400849627,128.38822188881542,859.9443580526258,-417.1016683643366,-501.7165581312378,-674.5611179644507,260.2621092297487,88.89136917400656,429.8403458015851,875.345124500284,21.39676608355464,691.7723438183137,836.2418025417035,865.8545998071006,-126.8260879178988,-527.5217543784353,-385.8012426542164,-472.2716949319928,777.8626014731855,646.480312009731,826.7436240164718,912.2798105960989,813.3567623012113
-578.0760573756135,-610.4571914759773,-700.5032881606293,-646.4820736847283,689.0922414876993,249.0789793704554,-128.9834539298348,104.92352541548657,581.3460880759361,343.1170633879144,-514.3159050451528,139.43475048823075,-411.6326130792934,1047.716475535663,-138.69081422033003,-466.9770196374044,300.1016641459823,787.5325960002942,344.5831824097909,25.67330938505541,798.5685258450569,833.1606791004277,120.89907289105524,643.1257424538583,-166.61529021738167,-432.87394806881287,-424.1874601869852,-54.59635537575108,-277.19855359671675,-177.55810250665598,634.553717082438,556.6966107530187,790.043225358849,533.7237894544406,-263.0889511178747,-426.7960330185185,63.53252141203724,-154.7543820668992,194.07797096123628,95.74331966325772,-289.9456859185288,-419.6841045897175,-606.4473853132441,1020.4076995326492,786.7896019166869,677.1053748622026,399.6138977074557,531.1933930477255,904.9765601955093,-343.88180514706227,681.3377204629438,279.0405551794514,-48.83584847564036,-360.4222565560272,-369.825698216084,-568.121551595486,363.70878440323486,219.7183731314757,870.4255842631575,-414.3099164663888,-502.465398698246,-695.4780159056961,337.13504432916943,187.1211349762274,509.8114680627232,923.4772683225708,103.77847080990028,741.6939317382959,819.9317262648182,863.8963647949606,-128.77544740563164,-529.7375283093842,-384.5481454962392,-489.2763719976179,753.3375338113586,596.3501209081234,778.2396714579922,882.1211301982446,776.3609585376455
-509.5678982079094,-557.0989607224866,-677.9743898911478,-589.9085867307086,752.1111666327851,303.10470625746933,-150.86234798906054,59.6780441471072,509.6752094147223,427.7300834118311,-535.8619217465567,82.65791538975576,-422.2860644473279,1017.6264114057352,-166.90098910516028,-485.5808201109496,380.5572824086641,757.2052970167414,298.5762086328214,-20.48134348235074,747.5723367037597,790.9407666384417,85.15365347354918,600.3920929234736,-73.25070026321521,-443.1547789836789,-430.7378257497242,-75.75378372553061,-281.4465832932164,-205.70649180371024,600.2460630858573,518.9330150819337,782.3421891968461,482.68003513361793,-260.64433962264235,-446.49846966526894,156.16366352643354,-201.48567113169628,151.70842229410596,63.84400778811192,-299.89526606039925,-431.26234906228,-592.799338572332,983.0212685391972,771.4198100102427,714.3203292817594,350.21101198932035,472.00615014672695,912.6736199697564,-339.1290439962541,718.8055833172502,228.92946955969708,-94.36446537784936,-360.35452491145816,-378.8849440266378,-576.3056634903332,446.48256790221694,310.5515831376098,873.5475982699081,-410.7501119000471,-504.4299719418313,-712.4420765927358,410.01564169822666,285.30235758024133,585.7969065313182,963.2544321167296,185.56516492124877,783.0211105360798,797.9636806378527,855.8374131743317,-132.74162533630735,-532.9093490487411,-384.1579621003913,-507.9255540753499,722.9442158952362,545.0754326961084,728.1241037911883,847.3389083691078,735.4633620557928
-432.7138228768495,-495.2541367995005,-646.6581218963748,-524.4274515123245,805.762959728935,350.9914121930393,-172.9988289275621,16.414429217711948,436.4408234170991,507.0750382394464,-557.8642522756618,27.096851890159,-434.1990087263248,981.9166626233992,-192.00179973639533,-504.72552967545175,457.2939074224568,722.3653998934085,252.2379726833146,-64.05878440630002,694.7820833182068,746.0203324397213,51.57484544750496,556.4883384828659,22.279591703368897,-455.09795391076506,-434.4629896115064,-94.86839817173048,-284.9503127202685,-231.50169491384693,563.2895626461031,478.5144775816892,769.1645378893037,429.7404273004138,-258.6232859319396,-468.1402391412876,247.3043851568288,-244.74360014657265,111.76703749694788,34.25920280090487,-310.5437628937658,-444.2324120345573,-570.6179575193437,941.2714097062956,749.8804522773929,743.7656554880152,300.1289840149361,411.6526233081308,913.7391435612324,-334.8430870914707,748.2319586275081,178.68178159190512,-137.376326412666,-359.06248011756213,-388.9979182702922,-580.0409312753795,523.9547954314298,399.5071144164714,869.7547652246047,-406.9028822153938,-507.9481893131376,-724.4887440453898,477.8903820505525,381.9478835431288,656.8845699841061,994.6524335998288,265.55131945050505,815.6108201499499,771.0235386363962,842.1220227706347,-138.8208664365714,-537.2927180745252,-384.9713479567343,-527.7842063076639,687.37421403925,493.0486833314675,676.7886085480893,808.3951864614581,691.3363243802962
-348.4223481691558,-425.5275482054561,-606.3376941614249,-450.6849944875756,849.7658963411192,392.9124498188768,-195.2614567812477,-24.729620090298223,362.3187814727333,580.0448934492435,-579.4116629396951,-26.89809461183224,-447.24318717381567,941.1349405079144,-214.06646772671309,-523.8416788627358,529.3170255234467,683.5138444262759,205.79128175675163,-104.7231866273622,640.5884767393154,698.6936073598902,20.293306463468745,511.6147269679536,118.54299744155452,-468.8117856319769,-435.7511284860203,-112.11608723943095,-288.090670186648,-254.95036696751345,524.2082257702508,435.95642472702895,751.0270884131435,375.4129738999616,-257.5146164149999,-491.7293803343472,335.4606827527313,-284.23734859823907,74.48162427429322,7.017820774236905,-322.279386930922,-458.2360060719592,-539.5756190779482,895.6588712286534,722.7984616233654,765.5450930414412,249.76496142936324,350.579951950502,908.6122243606555,-331.4862870244548,769.7204906210577,128.60410758018827,-177.64065180344025,-356.9971044275529,-400.3751796174564,-578.5885697929145,595.1179648632028,485.2670211001275,859.5464753222279,-403.2324981257949,-513.3054446851547,-730.6971442075873,539.8787715810503,475.6229344607579,722.2998393637429,1017.7987110720876,342.59515734454124,839.4822276967187,739.7826779458122,823.2001437092383,-147.03688071575874,-543.0883102380815,-387.2910842388549,-548.3060039523925,647.3086678968393,440.6542008420423,624.5970654911807,765.7381249875234,644.5925365074478
-257.8129280139594,-348.74026983201554,-557.0056206551028,-369.5551997720369,884.0479573642391,429.0621312912889,-217.52474067727843,-63.66833815103403,287.95230078701496,645.707085316672,-599.5117802030092,-78.9882237803084,-461.1875649704928,895.8141399767032,-233.2330505851371,-542.2647843065484,595.7608252054607,641.131600028967,159.4402256980186,-142.18851642736084,585.370702805087,649.2457833044168,-8.59630433200017,465.972875219965,214.09210775718253,-484.3407335974021,-435.0380000515661,-127.70212221242556,-291.2484963617175,-276.08518056281173,483.4876555935766,391.7314955944835,728.4347568344698,320.17333916395944,-257.7902387908926,-517.1862701784175,419.2293996154967,-319.74198359811174,40.02276475201554,-17.886295691976247,-335.4443348877052,-472.8176294568216,-499.5244788502208,846.6607300427871,690.8176250831463,779.896099220794,199.4955672845467,289.2288989439835,897.7599548678952,-329.4701283172993,783.5090172576661,79.0167414968459,-214.96341821763892,-354.62809683636283,-413.16932397831897,-571.2894914136083,659.1324042808233,566.6127137337231,843.4564070920659,-400.174107226018,-520.7225066346456,-730.2219685677933,595.2513182208351,564.9842870875309,781.418925627945,1032.95222204085,415.6488362321485,854.7989017063675,704.8800830848767,799.5121191181021,-157.3368260819761,-550.4306402590852,-391.3727578573789,-568.842739500099,603.4037227884805,388.2679892824103,571.893415863349,719.803617735554,595.7824376326009
-162.18656550759957,-265.91137198427674,-498.8758154713684,-282.1204146606097,908.7300292905228,459.6525193706324,-239.67494480581928,-100.37138077791508,213.9535171520288,703.3199394117122,-617.1213430543384,-128.8507412809739,-475.6983648209072,846.4705544560456,-249.70235370466176,-559.2494148724933,655.9048114538317,595.6780543659063,113.3777227060862,-176.22407316418523,529.4989992885412,597.959858038672,-35.039097656515544,419.77285758360745,307.5064018520565,-501.6550174181785,-432.79827155580864,-141.85839782997638,-294.795306927118,-294.9642063194865,441.57345221860027,346.27013805748214,701.8683526496177,264.4673309306044,-259.89058468908354,-544.3390460857854,497.3371914641445,-351.1072588203444,8.499603272736664,-40.49455260653199,-350.32444148563457,-487.4290646089976,-450.51329964847866,794.7324636020883,654.5848347403972,787.1688266714376,149.68066326305143,228.03463669434169,881.6600530565918,-329.14280391739874,789.9473339764612,30.253757489153703,-249.19278877914317,-352.42991915423903,-427.4697755004968,-557.5905290566652,715.3403900161659,642.4565224370672,822.034090785752,-398.12114313036096,-530.3437192205889,-722.3255139349928,643.4409480197929,648.8149176192873,833.7750892669877,1040.4808618294906,483.7833782827834,861.8477489008563,666.9091435050096,771.4769289724286,-169.58854826280236,-559.3773806380154,-397.415804707464,-588.6573893310367,556.2801442045811,336.2562439339885,519.0090467149266,671.0182091181839,545.3953580860538
-62.98899822781189,-178.2317374665529,-432.3882627593031,-189.6436677990337,924.10344030077,484.91128892641086,-261.6151721598158,-134.86656186541296,140.904878536619,752.3407723806225,-631.1797412951731,-176.18422298239372,-490.342663452998,793.6046541750006,-263.73367419747467,-573.9871057222853,709.1837433365447,547.5916861307638,67.79224657688516,-206.65867627517963,473.33626070268537,545.1229269954938,-59.022942315909845,373.2382300007434,397.4321285421982,-520.641398051121,-429.5356973503176,-154.84039004643392,-299.08341162845096,-311.6697481031976,398.8715096033243,299.9632488528912,671.7761199520102,208.7140448607584,-264.20992607797507,-572.920588586339,568.6730182351697,-378.26402782596574,-20.04246492307462,-60.88311285718832,-367.1398696557618,-501.4374748521211,-392.7982740574413,740.3114766517402,614.7386441192316,787.8032979106641,100.66647778668732,167.4260507249398,860.7866691859638,-330.77797128817906,789.4732032270994,-17.339182221258515,-280.2240390947675,-350.8670591701284,-443.29789976300975,-537.0688340804312,763.2724582596611,711.8670071657752,795.8293221127591,-397.4131367526578,-542.2259015451975,-706.4086108044023,684.0477597437929,726.052732278972,879.0578089716097,1040.8377496984522,546.2074750172522,861.0160720726088,626.4091912091853,739.4841786670987,-183.5792617499069,-569.8997698176341,-405.5550734581504,-606.9407316782865,506.51704900825246,284.9725896449146,466.26904136971945,619.8026973351351,493.8637458342077
38.23207009996696,-87.03088435656382,-358.205623004615,-93.53364934419172,930.6032972549864,505.0803814609995,-283.26917974658824,-167.24145300259514,69.35991317849665,792.4259078429793,-640.64479675381,-220.71502735234048,-504.5956751722509,737.7037681943833,-275.6385677716549,-585.6278212131975,755.1907943878444,497.2924272295893,22.873364488921528,-233.3834469552838,417.2385728593672,491.03140182522833,-80.58061244668838,326.6088006867688,482.61868480819066,-541.0957620709117,-425.7722079503101,-166.92378128639567,-304.4354574992279,-326.3067134433956,355.749737769761,253.1663149348921,638.5689666551363,153.3091650382044,-271.0819579228608,-602.5673140829477,632.3129178927949,-401.2279487909717,-45.622122004679575,-79.16162742993005,-386.0368403331907,-514.137255224415,-326.8468719251453,683.8214101749637,571.9000759847494,782.3059677725408,52.78777625095233,107.82358076376832,835.5997039013931,-334.5648270170987,782.5879083745118,-63.409263837376365,-308.0036839437242,-350.3789752609758,-460.60238350652486,-509.453304170618,802.6461408836229,774.087170319181,765.3797649933759,-398.3241624796878,-556.3283957441524,-682.0390385469526,716.8373570784098,795.8123678694215,917.1054136334852,1034.5376542766692,602.2797082081919,852.7680771068882,583.861529752981,703.8898607005522,-199.0158632682302,-581.874597441505,-415.8530759102534,-622.8313146677075,454.6494577156492,234.7541489535344,413.9967775891135,566.5758346865399,441.5697249713336
139.87384251303604,6.261836945770738,-277.20152059481234,4.69613928987892,928.7791928949346,520.4151706570715,-304.5833856200693,-197.6434579685308,-0.1570010551436022,823.4232390767363,-644.5296099323938,-262.2043249666248,-517.8517477858746,679.245967654649,-285.7729120055454,-593.3044932469116,793.6742527203103,445.1850825110498,-21.18422582566918,-256.35320610235067,361.5546868693194,435.9947650459216,-99.7910728184092,280.1411244771592,561.9500440250538,-562.718114356038,-422.035999543059,-178.4006573754917,-311.1335252947088,-339.0006390445758,312.54074181187184,206.20450549648544,602.6191288716341,98.62797921487432,-280.76606667576766,-632.8200441910229,687.5363213274471,-420.1003163461433,-68.32048059152574,-95.47114198407984,-407.0803867963451,-524.7656232737668,-253.3340715002332,625.6766054081116,526.6655167701637,771.2267705198079,6.368844989696049,49.63569933329182,806.5377146026315,-340.59961955146275,769.8325641680442,-107.60302240974444,-332.53252309972896,-351.3651917377568,-479.2549390417983,-474.64191364425807,833.3577780914172,828.5451619663946,731.2018805091642,-401.0521579437592,-572.5047690388659,-648.9759458583738,741.7333017331924,857.3994636368905,947.8920708006744,1022.1346794642128,651.5141460270174,837.6220471970607,539.6894712828447,665.0157349860328,-215.5270648552943,-595.0782893923335,-428.2931057476535,-635.4384749452181,401.1691804661316,185.9166545898532,362.516506572738,511.757596855678,388.8531871159335
240.3272771151227,100.15994597831904,-190.4406919951641,103.4721966706154,919.264863071808,531.1838729506142,-325.5266245538354,-226.27799661024665,-67.15212343626725,845.3583098676742,-641.9391894924055,-300.4553577555092,-529.4389898780648,618.7044529909656,-294.52759303007724,-596.1599920422107,824.5284597346123,391.6631905513951,-64.17839274887422,-275.58657128384147,306.62452044861385,380.3376127641319,-116.7798990242156,234.1068360603286,634.4700818311604,-585.1105146531844,-418.8487513301369,-189.5751503561287,-319.40798199316123,-349.8955167828334,269.5450251308588,159.3781838148324,564.2618571977762,45.02774099190179,-293.4347176320418,-663.1272261654152,733.8336894432604,-435.066009438414,-88.27755568164942,-109.98119633863286,-430.24814541855335,-532.5217521712424,-173.13072608594325,566.2861763054417,479.6014553275496,755.1376136089646,-38.276843381079374,-6.745801574777171,774.0142567397891,-348.8787152501612,751.7662530237194,-149.5746030708548,-353.86736921550505,-354.1710014578464,-499.0465186429609,-432.7139033146189,855.4684092560858,874.8574992215748,693.7851320334937,-405.7093632248324,-590.4967197408943,-607.1887940907828,758.8044870079964,910.3172430144144,971.5103257695991,1004.2021242680978,693.579664190633,816.1292340338267,494.2617277884492,623.1520078638098,-232.6675176840716,-609.183630141474,-442.7734360556394,-643.8679982680176,346.5284046751219,138.74891267250263,312.153706785061,455.7715805996226,336.0206243251792
338.0256293001402,193.16445964900373,-99.15162616723734,201.207694721545,902.7482973384384,537.6669638859508,-346.0873818675075,-253.404488868931,-131.16521888184022,858.4151468856737,-632.1055092611533,-335.3205036657083,-538.6373327684859,556.5517921614567,-302.3181678705585,-593.3757320545474,847.7800001868262,337.1127696726268,-105.89914231841767,-291.1648766469148,252.77682343445971,324.3998776749398,-131.7188280513146,188.78904322226083,699.4009898641152,-607.7783910443126,-416.712147652812,-200.75838969135023,-329.42637215927675,-359.15157508734063,227.03434646962927,112.96834929822649,523.7995868737562,-7.150903018630832,-309.1623948277947,-692.8507710902918,770.9057495419453,-446.3886844028975,-105.68703158609566,-122.8861921254797,-455.4252579362523,-536.5890608299778,-87.28424605355691,506.0572494804809,431.240781861454,734.613111226456,-80.848325290028,-60.95147675584317,738.417310850986,-359.2933480683547,728.946863832177,-188.9953733639765,-372.1212919884044,-359.0742050180017,-519.6843488651341,-383.9359445585101,869.1849946091019,912.825217149284,653.589247348678,-412.3141363295887,-609.9307577210246,-556.8694469653108,768.248430790861,954.265661715804,988.1505873915314,981.3151881672458,728.2936749290171,788.8553101060882,447.8983979257428,578.5628501695572,-249.924069619034,-623.7596443705391,-459.102849313708,-647.2498879155844,291.1452593455536,93.50699088698327,263.2331664412974,399.0461969381464,283.3539704585355
431.4904048883126,283.8083594372711,-4.692759883115231,296.34883915089165,879.9436561620372,540.1563912309427,-366.2684481344059,-279.3299250405457,-191.7737959653092,862.9132517588465,-614.4196029466749,-366.7077055561968,-544.6997036203411,493.2634298050067,-309.57385344146644,-584.2009870138644,863.5703797488159,281.915485624896,-146.13010471457824,-303.2300556323069,200.32617015877912,268.53525145926136,-144.8244192759458,144.47707798400742,756.1543339650904,-630.1355370208817,-416.0939386744407,-212.26263082949035,-341.2827098268341,-366.9431615113,185.25493488500663,67.24157765444538,481.5079663438271,-57.58361017559144,-327.9165167949801,-721.274746795693,798.6550432946362,-454.4034662175924,-120.78957575043586,-134.4011489941076,-482.4005436094795,-536.1600934010152,3.007789472714632,445.3970513080374,382.0803552892926,710.2141554675544,-121.06016280301549,-112.64054225750267,700.1112912856065,-371.6262203839421,701.9152785415087,-225.56439270407265,-387.4623021140384,-366.273277753791,-540.7902008208262,-328.761623687429,874.8383625701131,942.4237027870724,611.0441718167003,-420.78441927264646,-630.3182151437998,-498.436265056715,770.371621326118,989.133744046931,998.0790487040327,954.0369406806612,755.6111973769672,756.3649993617819,400.8787471454992,531.494187588387,-266.72425842317966,-638.2751051148452,-476.9978066733677,-644.7675631243499,235.41058924709776,50.40854595366626,216.0748997752238,342.0144455038027,231.11881397192224
519.3725982236327,370.698848367946,91.48633878172652,387.4188195499841,851.566140364367,538.9544071564568,-386.0791563720108,-304.3999416925874,-248.59856815089057,859.2822437029862,-588.4593206966317,-394.5858290151479,-546.875847784524,429.31998039388816,-316.7261683064542,-567.9818934089423,872.1365477895665,226.45088431785237,-184.6518716585049,-311.98161701161047,149.56945204893194,213.1079328293263,-156.3557830978124,101.45995977562345,804.3346833651692,-651.5129558741709,-417.41383179491726,-224.39445385907476,-354.9876017500727,-373.4568429279435,144.430341867649,22.45409764302743,437.6430710434933,-105.96325729811488,-349.55073015103926,-747.6171065715907,817.1708501115432,-459.5074948053158,-133.86501613881927,-144.7570027847768,-510.8641827549989,-530.4632519241759,96.43006160884538,384.7136461776696,332.5795672228206,682.474713759575,-158.64666740950088,-161.50747879263292,659.441022116754,-385.5501793401585,671.1832972685313,-259.019186436631,-400.1104933243602,-375.8773101716756,-561.9003856702304,-267.82389219762007,872.8593108458012,963.7872200636696,566.5522278312927,-430.9331527509601,-651.0590854730291,-432.5294344875069,765.5681134698838,1014.9860200484676,1001.6155125156312,922.9077293139044,775.6103576810744,719.2102670092299,353.44998850361463,482.18312602094176,-282.4470885848926,-652.1060357308247,-496.0816135975557,-635.6876527051706,179.69517752728044,9.627714536078267,170.98814074659057,285.11217569457455,179.57146152331651
600.4873963908898,452.55552274781866,187.8870897407448,473.057465056601,818.3107088481449,534.3718765206035,-405.52556460730045,-328.987486403508,-301.30986999715174,848.035636305839,-554.0114476047027,-418.9885456301906,-544.4381913594468,365.2079271718364,-324.1975081442752,-544.1890653278074,873.7906412707406,171.09744083046263,-221.24701914917384,-317.6728173678842,100.78204625285198,158.48791238589217,-166.61131061356207,60.01896907518817,843.7360937342911,-671.1715624631634,-421.02956029678825,-237.44696546757643,-370.4596839336671,-378.8897905638784,104.76377885766018,-21.145275776803963,392.4491232502453,-152.00207640682504,-373.8009490364397,-771.0445514537332,826.7088045250149,-462.1487609445847,-145.22374558535694,-154.19562201161156,-540.4072185794382,-518.7904982664022,191.5865836412288,324.41524611589966,283.15966750943693,651.8920332061598,-193.36714553028537,-207.28853249182183,616.7370009187528,-400.6292597670197,637.2254361303404,-289.14624082212333,-410.3337475148836,-387.8980169578534,-582.4679943059466,-201.9204807835185,863.7542239214802,977.189305518998,520.4919109541241,-442.4659621414601,-671.4500841590246,-359.99725121219336,754.297567686933,1032.0441824169754,999.1124734504048,888.4379789983197,788.4754657295143,677.9222128508404,305.8363239594231,430.86834154241154,-296.43607295722376,-664.5474267642298,-515.885969157824,-619.3893899687283,124.3567012208394,-28.709030293785197,128.26378166645807,228.7748535897972,128.9644541753039
673.8409642497475,528.242876500065,283.0054569810006,552.0550401227246,780.8352637881495,526.725960875886,-424.5991169140023,-353.47933489331217,-349.63465690620245,829.7451433998414,-511.08703603813535,-440.01639849922674,-536.7089853541254,301.4184698932796,-332.38987488998265,-512.4427232690065,868.9002459861143,116.2322778891254,-255.70655654044188,-320.6061003267214,54.21383336999458,105.04506900641482,-175.92431879513703,20.41976418204265,874.3320546044507,-688.318593860304,-427.22352103719135,-251.6909948401129,-387.5188798315728,-383.4484510846566,66.43984969140763,-63.31354243022379,346.16607450082216,-195.4349241602968,-400.28446032051335,-790.6905150486317,827.6666790722534,-462.8137100933095,-155.19773879260975,-162.96473172536636,-570.5232212550775,-500.525021754726,287.0407294821884,264.9081111534001,234.20365828252045,618.9202394648311,-225.01191164398807,-249.76771838719424,572.3212514768411,-416.3224437439358,600.4744956779119,-315.7906338692433,-418.442175276872,-402.2440572853234,-601.867880396412,-131.99265706466554,848.0814228814567,983.02030444321,473.222707713321,-454.9814541578528,-690.6971728435432,-281.87365504370354,737.0638537373807,1040.6652036816265,990.9366060905392,851.1041493373259,794.4787892939194,633.0065851629331,258.24758934768977,377.80076636040855,-308.01443979350444,-674.8292017061052,-535.8552799645898,-595.3924710645153,69.74578298066794,-64.52570944876354,88.1657304199494,173.4329551930208,79.55025937819674
738.6484474793073,596.795935430499,375.3750435029422,623.3790060997289,739.7486325218811,516.3371313125806,-443.26444699700255,-378.2609020438456,-393.36363749297766,805.0167514852966,-459.92904087990536,-457.8367946380995,-523.0878297963529,238.4443943258052,-341.67391012815256,-472.534250912598,857.8703049710263,62.2295032050242,-287.8374623190972,-321.1278472810378,10.08523002418329,53.14239667864563,-184.6575174270587,-17.095508202156395,896.2597950471239,-702.1274218261483,-436.1904052480844,-267.3653488730212,-405.8819864716713,-387.3474285269288,29.625640903846897,-103.8133483276082,299.03648097624506,-236.02351559469133,-428.50235183775226,-805.6761281173115,820.557857014053,-462.01409779523146,-164.1315621083658,-171.31293446029238,-600.6124627054031,-475.1677843469121,381.3563524955006,206.59313817120776,186.05660242377152,583.967147766667,-253.40875336396408,-288.7819601904162,526.5130904794881,-431.990516586446,561.3205984192463,-338.86424773308977,-424.7815049295252,-418.7178586273084,-619.4048150920255,-59.09809159264261,826.4292596603312,981.7633311803504,425.0903166982029,-467.97446163992026,-707.9325955162518,-199.34790033367287,714.3952143718245,1041.3171959111155,977.4535465731112,811.3474693814645,793.9620534743858,584.9426225023432,210.88694974880696,323.2539344797797,-316.5023099702604,-682.1362488658276,-555.3540668407466,-563.3821310185176,16.210607089814932,-97.79809261851663,50.92174170125488,119.5061942753171,31.582980733523623
794.342893824396,657.4382496111274,463.60790698239816,686.1930071657702,695.6033865260124,503.525527001949,-461.4470753835997,-403.69994210741584,-432.3580347757967,774.4695841780876,-401.01166938934,-472.6817779629199,-503.0785506403769,176.7749708772501,-352.37831709794057,-424.4431372860875,841.1275667046325,9.457208245888998,-317.47090229707527,-319.6224734192007,-31.41660959528412,3.128705979714168,-193.1962120922192,-52.31566545140232,909.8000648770084,-711.760305541879,-448.0262629553483,-284.66628296111134,-425.1610625155136,-390.8084250281671,-5.528822638138972,-142.41424915953112,251.3112067406553,-273.5613773247343,-457.8454441212612,-815.1338667006879,805.9839801785032,-460.273549495161,-172.3737227642631,-179.48500473368128,-629.9889230329447,-442.36181259309046,473.1380758917173,149.8612942933279,139.0262251680296,547.3939604551882,-278.42948560006715,-324.22505799283783,479.6341974807369,-446.90637981831,520.1132380189308,-358.3520714503829,-429.72564473365446,-437.0150912281693,-634.3251232813616,15.62104424456153,799.3967339217813,973.9698863465296,376.4316915780744,-480.8425450295432,-722.2362513326018,-113.72779250833683,686.8268124752547,1034.5542664540235,959.0165565487658,769.5749644414042,787.3185542100384,534.1847485317919,163.95720775102473,267.53340791319147,-321.2355388537599,-685.6321052790498,-573.6776932990402,-523.2301426734812,-35.900307242121606,-128.5532253987428,16.714324811340436,67.39686516662681,-14.681956711225384
840.5753433565526,709.5919184562946,546.4314456113979,739.8677834909528,648.8932632731744,488.606746237837,-479.02179261733767,-430.12984403018334,-466.5554486059494,738.7183324464802,-335.0312503577973,-484.8435550424064,-476.31430684552186,116.8890244178807,-364.7797074786132,-368.3483454763816,819.1081784933681,-41.7267396838092,-344.4706791546573,-316.5059061739107,-70.14128358715705,-44.66885064367352,-201.94018547650964,-85.06710022088522,915.3536590483632,-716.3934770446415,-462.7194405822685,-303.736446012314,-444.8650313830025,-394.0590233375753,-38.890715235910896,-178.89531591989729,203.2536132267354,-307.87921097545615,-487.60381656753583,-818.233413572039,784.6081390245754,-458.1142186242536,-180.2686454757416,-187.71760544443444,-657.8903927559859,-401.9131105221806,561.0689140250023,95.08809222175886,93.3837153661512,509.5174114692688,-299.9962045422664,-356.0502604853449,432.0124763343572,-460.2691014950484,477.1657694522723,-374.3161945571174,-433.6686271866544,-456.726902763459,-645.8319539717287,90.973319218272,767.5771709871256,960.2362593213688,327.57939537226866,-492.8959975782557,-732.660990359809,-26.398347144295208,654.8862807250196,1020.9915366834816,935.9593458983104,726.1622243567466,774.9766089186195,481.1665006868151,117.66540991999116,210.98477969395196,-321.5857969809728,-684.4856496803931,-590.0665095030487,-475.0104735375352,-86.23744192166548,-156.86720325629767,-14.32766549497972,17.48263384566687,-58.99007710328481
877.2068282704929,752.8797519868057,622.7199377467401,783.9841404214887,600.0547084494494,471.8872273728904,-495.8025184877084,-457.8332833418093,-495.9743004320352,698.3597486041418,-262.8888598864724,-494.6678604700181,-442.5797525811875,59.24644615417426,-379.0928930355121,-304.6332848970011,792.2487184555413,-90.97990160584988,-368.7414351375412,-312.21849374633933,-105.97820015760207,-89.95209661527292,-211.29424801569672,-115.21921568812397,913.4160236359318,-715.2438198378372,-480.1438117632191,-324.6536639126021,-464.4048267790612,-397.3310523050202,-70.34507642709734,-213.048906633574,155.1420217106134,-338.8503093748781,-516.9799195683975,-814.2090726566723,757.1297903271593,-456.04386083774494,-188.1494851642617,-196.23553082093676,-683.4918529078612,-353.80712353540054,643.9435836384316,42.62733343378879,49.36465798437956,470.61383683895446,-318.0868490017978,-384.2713240177831,383.9843218088851,-471.22184167571606,432.7616964227273,-386.8972066919709,-437.0161067434751,-477.3449924846325,-653.1041527714717,165.75496808409082,731.5452699860544,941.1816967940476,278.8648495291024,-503.3715050966629,-738.2611814289157,61.222002635346726,619.0826692202412,1001.2813600745492,908.5930233771428,681.4573363352007,757.38489120492,426.3059770999471,72.22556339244592,153.99983649358512,-316.9813418996056,-677.8999518496558,-603.7233470825392,-419.0084589979529,-134.45184179599525,-182.86129659839668,-42.136190529300734,-29.89085936629325,-101.0919096842188
904.2934148675608,787.1200578482642,691.5196077475136,818.32848329179,549.4718459974856,453.65944218256703,-511.5343871895951,-487.0269879943248,-520.7163858909022,653.9634187539078,-185.6653727816236,-502.5453483797557,-401.8290827660895,4.278531017199622,-395.4616659598651,-233.8837619535274,760.980651071399,-137.9811976343826,-390.2361248217037,-307.21740012158983,-138.8590980171868,-132.4586930993478,-221.65751662024576,-142.68844521053936,904.5512737239136,-707.5962876551655,-500.05468291577495,-347.42002428865635,-483.1023010517819,-400.8582649730805,-99.79592645498968,-244.68535130895967,107.27035442440712,-366.3956416291635,-545.10515885203,-802.3878804910115,724.2623596246683,-454.5435601585284,-196.33189273509583,-205.24852105812624,-705.922210980782,-298.21979191563,720.6961654858793,-7.195634254305744,7.170053222397215,430.924605006645,-332.73969464865564,-408.96205575597605,335.895046463896,-478.8735944064276,387.162079564329,-396.3128485351181,-440.1765308242022,-498.2695789682997,-655.3185030649463,238.7867282177501,691.847620833067,917.4291354020736,230.62016815273336,-511.4494816402624,-738.1236796604811,147.72542955387004,579.8989565742779,976.0916122808816,877.2068604135826,635.7854163940099,735.0000218224759,370.0120440158735,27.859402077491826,97.02055443707646,-306.92782021204533,-665.1422494880964,-613.8341296097524,-355.72257419747484,-180.1988665922537,-206.69664897434927,-66.70946109812023,-74.41721669898725,-140.7485709019019
922.0656936099087,812.314871519738,752.0664267544063,842.8817447458309,497.48402456718577,434.1971765393717,-525.8887382639693,-517.8483115575879,-540.9671412756664,606.0667536178468,-104.58999801291316,-508.9012747934135,-354.1988602032858,-47.62239052809655,-413.9501729409874,-156.87854886464555,725.7279137931903,-182.43725962560265,-408.9622944601006,-301.96854449685844,-168.75994375900854,-171.9682936956607,-233.41156245316,-167.44072755798717,889.3668731333698,-692.8311170055143,-522.0876995149354,-371.951807205472,-500.20299130987473,-404.87307890659486,-127.16774021631808,-273.63823502013395,59.9469592505568,-390.4882239861108,-571.059730740999,-782.2173755501873,686.7142278002018,-454.0562627761517,-205.10875613393225,-214.9486200208044,-724.2843449736148,-235.52239409042363,790.4211515736833,-54.09088149405304,-33.0325998356217,390.6623334851775,-344.05644193386973,-430.2544460189337,288.0973681004313,-482.3244523638962,340.6133970734251,-402.8538969113464,-443.55204812969447,-518.8202908851108,-651.6748910874944,308.9488132942056,648.9966002358387,889.5890859864521,183.17837822054597,-516.2749446537796,-731.4001269876483,231.7568154772823,537.788065744649,946.0867377384542,842.07230936759,589.453217680888,708.2766225888981,312.6905589333567,-15.20473446625175,40.540691832884086,-291.0283436088858,-645.5738911520399,-619.5911871916294,-285.85820703937213,-223.1439526258754,-228.5678623007124,-88.1152801473787,-115.83596729477402,-177.73854476423335
930.904270817446,828.6327078661265,803.7962313382797,857.8027758617143,444.3949939144404,413.7512045943956,-538.4615986638066,-550.3441849008334,-556.993342505406,555.17388480795,-21.003671938744525,-514.1837903301812,-300.0146676185328,-96.11350498658102,-434.53507483556257,-74.57254113736518,686.9071173657655,-224.08888879802865,-424.9867486390272,-296.93813791401186,-195.70213986542103,-208.3077960953895,-246.9076581231904,-189.49242133989983,868.490083274567,-670.4498141616486,-545.7610098946764,-398.0708622879436,-514.8926959219981,-409.6021765024296,-152.4071744699534,-299.7699223613711,13.491700202820295,-411.15642468803424,-593.8953795375949,-753.2918374400714,645.1735305836498,-454.97620261013424,-214.74585118897423,-225.5079651526072,-737.6782563917554,-166.2795949049282,852.387328846563,-97.81080618909722,-71.10815772660702,350.01734790337747,-352.2036083837901,-448.3355788699639,240.9479969872013,-480.6938443070065,293.3552360404214,-406.877401090769,-447.5291698565061,-538.2499791183336,-641.423732524711,375.2123708865449,603.4673938154618,858.2470273706159,136.87193604030702,-516.9816131158141,-717.3393629696138,312.05199580306555,493.17211856637965,911.9120333343628,803.4495271414754,542.7533642395191,677.6598883742257,254.74992732577053,-56.73473477276016,-14.895169397617892,-269.00201391549194,-618.6789988449495,-620.2186862814361,-210.3132355266397,-262.9700751842572,-248.6958399018424,-106.49207015674855,-153.938402008709,-211.8652875921064
931.3128437983352,836.3870981516385,846.347137707993,863.4074408408438,390.482743265569,392.5456663112727,-548.7761233575502,-584.4628425179492,-569.1380906756651,501.7579332933528,63.68109230623346,-518.8511956857236,-239.7908513224457,-140.91171118146912,-457.0987794410529,11.927140562870878,644.9296830678236,-262.7173066392521,-438.4382521459519,-292.5838634602794,-219.7529914386068,-241.3555520325888,-262.45344193323143,-208.9097405430579,842.5470964081485,-640.098847602925,-570.480864398369,-425.4980549564469,-526.3176570279342,-415.2608332667469,-175.48492461456468,-322.976949690179,-31.76854434576989,-428.48591121199246,-612.6606417752537,-715.3757150187191,600.2969326068506,-457.6392464034466,-225.47826340396844,-237.0768198823932,-745.2269516926423,-91.2403822407918,906.0443732784,-138.15669389067648,-106.95261529644338,309.16390143112403,-357.4120009129102,-463.4435583838433,194.802487735968,-473.1509375245841,245.6272692984033,-408.7975060840176,-452.4691713715517,-555.7614022725161,-623.8947785281908,436.6659980813551,555.6977584607304,823.9544303702654,92.0295572063066,-512.7187170232744,-695.3186160847084,387.4705312246885,446.4444826251028,874.1814397828572,761.5955266743582,495.9678460871431,643.5805967667619,196.60541171876343,-96.49899506145914,-68.69519476105957,-240.7000376392484,-584.0905665455106,-614.999412848637,-130.1556685961685,-299.3864961652139,-267.320277512373,-122.0475036009078,-188.5722922140665,-242.96525869568853
923.8903669637866,836.0122812466587,879.5546200780278,860.1447470872814,336.0090887816568,370.77543224130267,-556.2893199360518,-620.0485077237929,-577.8130829448158,446.2659388400775,148.02216957118776,-523.3585257799439,-174.22292222276374,-181.80292426582005,-481.4241220847541,101.39133461436715,600.2051510386873,-298.1499037265142,-449.50800264684295,-289.3457452562717,-241.0253858551247,-271.0444485137393,-280.2993933977643,-225.80686453720415,812.145541544258,-601.5899596306035,-595.550741626911,-453.8493886712623,-533.6079760849449,-422.0459287334788,-196.39756775136095,-343.1949212331708,-75.50578453785612,-442.62002900123497,-626.4280364848024,-668.4229427417678,552.7022893895381,-462.314152881187,-237.5073863263105,-249.7815997245141,-746.1044635746996,-11.321890927679988,951.0224282261016,-174.98462577957386,-140.49180438288772,268.26575929064666,-359.9741256335988,-475.86269685977976,150.0086280588058,-458.946156987278,197.6750661567126,-409.0741911191915,-458.6982251129936,-570.526667116147,-598.526206021236,492.5362039733635,506.0900422822489,787.2233030290658,48.9714812217482,-502.679803861999,-664.8720974746143,457.021798399085,397.9740196497935,833.4689058884163,716.7730165723904,449.3705077661583,606.4523570370856,138.6817381270155,-134.2718088584111,-120.22645598497536,-206.1185768143768,-541.6127215570423,-603.3019851716053,-46.59408900278055,-332.1383026178062,-284.69217790577574,-135.05478787751264,-219.64529001508188,-270.9159676404776
909.3036640328704,828.037438879618,903.4399804835394,848.5713590863543,281.22822345039947,348.60468719894766,-560.4032173779373,-656.8390048763479,-583.4883056398841,389.1256129092549,230.58983228093592,-528.1438251873917,-104.17254432645905,-218.6499846894521,-507.1909321934944,192.50413754222345,553.144875065425,-330.2652146806915,-458.4477137881668,-287.6367599270291,-259.67663803399864,-297.36381335710587,-300.62557434756604,-240.34291513802955,777.8608032111543,-554.9160407581336,-620.1840026256773,-482.6353565747832,-535.9037144588762,-430.12769400704417,-215.16923408265592,-360.40258064055575,-117.39798777920068,-453.7584894274741,-634.3225542067831,-612.5909104635534,502.9648950903834,-469.194735203079,-250.99826458462576,-263.7226194410717,-739.5652026578082,72.41353588465569,987.1252924275324,-208.21042467411016,-171.68000602675073,227.4808542363328,-360.2394904807994,-485.9181846719076,106.89872112264187,-437.4425699857808,149.7543848404792,-408.2003124105297,-466.4972945354842,-581.7092044915365,-564.8927081021792,542.2010912966349,455.0149235790296,748.5239427425565,8.00338965831899,-486.1326272697012,-625.7156373059464,519.8836403960983,348.1108435648752,790.3031996637825,669.2589939706373,403.22836220274,566.6708022898924,81.41368598878672,-169.83948467945748,-168.82357138716495,-165.4075348442415,-491.2379392663566,-584.6074305136041,39.05789761830193,-361.01619336556473,-301.06672432723497,-145.8467699391875,-247.1268803061585,-295.64362373097504
888.2616358551419,813.0608071019614,918.1932362834052,829.3257884948243,226.3936254864919,326.16689241330266,-560.480452243507,-694.4660957857849,-586.6794048967907,330.75300979271094,310.0070871957593,-533.6144599212761,-30.64545118262254,-251.39872024564187,-533.9749520674548,283.90180401009417,504.16536654761904,-358.9968784489091,-465.5652614190473,-287.83326278374204,-275.9064517051474,-320.360125092376,-323.5291310390296,-252.71800281027635,740.2263387540812,-500.2616036569052,-643.5199797339371,-511.26398796840994,-532.3829587052359,-439.640359413057,-231.8529447973146,-374.6247888498372,-157.13703633913462,-462.1543307766887,-635.5506876441387,-548.2480114272676,451.6168419837278,-478.3929373569602,-266.0770302208662,-278.9713092680327,-724.9736172881845,158.78732810518247,1014.3181292650715,-237.8133368504513,-200.49849260292444,186.96482305795865,-358.60786290476744,-493.9704091049576,65.7811772525208,-408.14573888334303,102.13369495143144,-406.687371569155,-476.0918898870437,-588.48792831288,-522.7311602088635,585.1969582582658,402.81631529180993,708.2854145517011,-30.590717474480076,-462.4490179001751,-577.766092318445,575.4132755897452,297.19284430746313,745.1658723956733,619.3522265604157,357.8016607945017,524.6143553585389,25.244496299407384,-203.00678646209397,-213.79964935178893,-118.8745762897738,-433.1581285220863,-558.5339500332087,125.42159635723678,-385.8659523468321,-316.6967897079448,-154.80811536349688,-271.04883053568284,-317.1299721214926
861.4919752813196,791.7248700994987,924.1516691225454,803.1034302614735,171.76293816231404,303.56620158205584,-555.8640395213387,-732.4582590783684,-587.9330825738336,271.5602031929675,384.9867622162346,-540.133782180673,45.23694265541171,-280.081782517076,-561.249560991806,374.21348804572045,453.6906555687119,-384.3363833935416,-471.2179586761049,-290.2653276239956,-289.95395401610494,-340.13652442851657,-349.0130742267166,-263.1685313352614,699.7279349307651,-438.0070612813507,-664.6433104765797,-539.0479362358433,-522.2909731231964,-450.6719825326941,-246.5314642134026,-385.93421875496,-194.437257223047,-468.10919507168535,-629.4291331879583,-475.97394679766575,399.1488962868955,-489.9328776792662,-282.8281828175641,-295.56671341979103,-701.8329558995533,246.53862733658255,1032.710820315954,-263.83817524901,-226.9540366215653,146.87333121931428,-355.52064859604627,-500.4090235747425,26.9318650693777,-370.7305711983648,55.094779771276734,-405.0504416671627,-487.6418778624895,-590.0830650685888,-471.9623741452321,621.2179634003961,349.8169014584376,666.8981561832716,-66.55631451698336,-431.1334828723589,-521.1544118057652,623.1505994646456,245.5522329010362,698.4919451228309,567.37889242305,313.34274482913065,480.64615395810966,-29.377918564224583,-233.60329247022872,-254.4592966274485,-66.9838296401671,-367.7687039856835,-524.8586346124575,211.0956289833764,-406.5970548783564,-331.8272886698938,-162.3658796540979,-291.5041540793725,-335.4179089662088
829.7210458629363,764.6936614254255,921.7754032420394,770.633435875106,117.60065699279995,280.88031914445963,-545.9008733287872,-770.2456627238414,-587.8109327241082,211.96210375907245,454.36398484388855,-548.0084306456413,122.27106234729628,-304.81997296487856,-588.3907042696777,462.10193899192177,402.1531874133078,-406.3344466199163,-475.8036302964112,-295.20713262142897,-302.0937839250343,-356.8511363279084,-376.9768561115927,-271.9619247394503,656.8016268398223,-368.72625796864014,-682.6062289363243,-565.2158085968518,-504.96943322250735,-463.25385571682096,-259.3175363225753,-394.4516712607197,-229.0441736233128,-471.9670354894388,-615.412180505186,-396.5523025508331,346.01422558771554,-503.7459699004649,-301.2914941107788,-313.51118494235266,-669.8117913415969,334.3617650657723,1042.538217190134,-286.39570275698367,-251.0774353041124,107.36317622495564,-351.45064460856395,-505.6468015360967,-9.414315899133513,-325.06370707517203,8.93137112479954,-403.7926779436431,-501.2316332633582,-585.782964618909,-412.7074895868078,650.1094128481662,296.32381571686096,624.7180420508109,-99.6763931286189,-391.8491762626028,-456.23147562734266,662.8144049973315,193.5214120429772,650.6727873432211,513.6958318874439,270.0937870299782,435.11670561760405,-82.00683843807033,-261.4892958280815,-290.1134061338629,-10.34892307207544,-295.66503736924534,-483.5348988857725,294.6987487623775,-423.1898834172896,-346.69050102144735,-168.97882634834065,-308.64466154691905,-350.6154938475465
793.657324633976,732.6329760049186,911.6214108537891,732.6581955538988,64.17866088211314,258.16470831876524,-529.9682684934872,-807.1671951490187,-586.8721819814817,152.38164967865998,517.1229717435742,-557.4765166979678,199.2083081238281,-325.8208848601341,-614.6853369228835,546.3022646751033,349.99295181251443,-425.100934328416,-479.74974615542175,-302.8675650336638,-312.6312533857649,-370.7142213695551,-407.2092454798014,-279.3909116408219,611.834826584366,-293.1770120938556,-696.4534273539407,-588.9277692666043,-479.8846418169645,-477.350004160804,-270.35340846373145,-400.34501596718064,-260.7431046254367,-474.10643423587993,-593.1167095375471,-310.9553143537862,292.63329109947307,-519.6672979070722,-321.4583831597642,-332.7653122055789,-628.7668959218722,420.9456002336448,1044.1385929687076,-305.6611122918269,-272.92209847895447,68.59222833992916,-346.89048283651294,-510.11325232390783,-43.07118857061767,-271.220086476269,-36.05412742633924,-403.3898227928191,-516.8609075728479,-574.9710265199675,-345.29770851672987,671.8555850108894,242.63402602917432,582.0712193980373,-129.77931250795584,-344.4398475319236,-383.5661072940736,694.2923777242626,141.43756829093127,602.060597922555,458.6910888667329,228.28360037350905,388.3668564140872,-132.20441946288608,-286.56092314430333,-320.0954022029831,50.27974543935017,-217.6310270095984,-434.7044874523296,374.911003272704,-435.7010826305007,-361.50241143645405,-175.12585891034726,-322.67721794439086,-362.8980276262824
753.9785657528984,696.1940487845136,894.317286374924,689.9159602677494,11.774780279862291,235.45798859455437,-507.5026138423744,-842.4795664719143,-585.6558307676767,93.25273950062925,572.417364746626,-568.69692424371,274.7940409018227,-343.37480762667184,-639.343569668895,625.6569973311472,297.65473103035384,-440.8032906802278,-483.500943863793,-313.38126296861,-321.8966468361036,-381.9841841684076,-439.3839653258252,-285.7674778738834,565.1700841442654,-212.28478148645897,-705.2489972050602,-609.2952628329949,-446.6535776510988,-492.8473788280881,-279.8095844105025,-403.8268497055931,-289.36723468160466,-474.93176693922686,-562.3436483860814,-220.32116868691293,239.3992344003463,-537.4334877868062,-343.2677101073172,-353.2422373881697,-578.7610649674663,505.0128785966879,1037.931559053462,-321.87055670716705,-292.5627323212192,30.718321593178167,-342.34011638075566,-514.2479367214017,-73.90795708908765,-209.4925343779675,-79.55567150349019,-404.2750884861757,-534.4368573740871,-557.1517196784228,-270.27635881845026,686.5632758262028,189.03904554139424,539.2590578254275,-156.74601130851585,-288.9464263552535,-303.93500979856327,717.6259787571342,89.64550863901604,552.973878348424,402.78165924959313,188.12374290792135,340.7306949872521,-179.55083429388432,-308.75422098094714,-343.77859065788454,114.03330636398256,-134.6199315417512,-378.7030857743116,450.5113260079506,-444.2666617669338,-376.4600237321112,-181.29392424517525,-333.8588533349202,-372.50793803514426
711.3226241570745,656.0009977044994,870.5360039630295,643.12689118759,-39.330301655564206,212.78830978462165,-478.02897455169295,-875.3686172453777,-584.6627129843705,35.02044730099673,619.5836850869282,-581.739943299367,347.8065308883152,-357.8479595104989,-661.5145539193143,699.1459349275791,245.5835342306829,-453.6635009660942,-487.5053179390222,-326.8003589616179,-330.238769053493,-390.962475894812,-473.0585006856994,-291.41658058131526,517.1108307605375,-127.11992786733096,-708.1048480351399,-625.4045113444151,-405.0666135139931,-509.5474109870435,-287.8827913568384,-405.15103395414366,-314.80478927413776,-474.8634922263333,-523.0947309435728,-125.92462004749534,186.68313369573184,-556.6823808628758,-366.6010680497744,-374.8016436227823,-520.0745904227632,585.3577479483699,1024.3966028608754,-335.31578447309,-310.0941280279141,-6.102748566453825,-338.2937167168776,-518.4933996793528,-101.85440652037067,-140.3934872702251,-121.27010385913204,-406.8247709605433,-553.767719511615,-531.9745572636325,-188.39267055372508,694.4424128025987,135.82864463631776,496.56262588302496,-180.51615402818595,-225.61705718192636,-218.3047581059945,732.9915018760852,38.498418479010354,503.7033070240804,346.4085971389592,149.80418391933205,292.53806847658194,-223.65441203646597,-328.0480423439,-360.5942322186878,179.94776247226116,-47.72805604539553,-316.05883909848893,520.4098930493305,-449.1025563333992,-391.7395237743993,-187.96571850035485,-342.49089464825283,-379.75230723939865
666.2816948992128,612.642074485375,840.9726906496588,592.9825963959084,-88.85746540505903,190.1804518166212,-441.1902757180932,-904.963044278638,-584.3379998656743,-21.86174077698362,658.1478200649858,-596.5794669845427,417.0939918853354,-369.6732222702007,-680.3059686012625,765.9095613563964,194.21844581247743,-463.9536635073793,-492.1998798218689,-343.08723119236686,-338.0178857983966,-397.9874368383781,-507.6764079411018,-296.669702752364,467.9284338542056,-38.86940384128106,-704.2098814936262,-636.3432443368914,-355.10576576022635,-527.1596182001988,-294.7931847971038,-404.6083082714353,-337.00498618850247,-474.3278685908476,-475.583447321551,-29.14209960773893,134.83857228310205,-576.9548540589211,-391.2777994492883,-397.2437884786727,-453.20929488079855,660.8796703935172,1004.0532324057745,-346.33703381803684,-325.6300396307612,-41.71993029215071,-335.22635050843394,-523.2876325881866,-126.90435845458278,-64.64834612449565,-160.90482854974323,-411.3449186256175,-574.5586358355189,-499.2548310608846,-100.58713484524608,695.7851454278126,83.29329728651123,454.24622072628273,-201.0928255048465,-154.90966239909673,-127.8063904592228,740.678671275501,-11.643607344663373,454.5174767933559,290.0298324760788,113.4888203275247,244.11645244404627,-264.1622545154774,-344.46564598596933,-370.0499252669805,246.99152604272751,41.83767448043547,-247.48343429032,583.6739291892318,-450.5024882130492,-407.4950869610624,-195.60748572573516,-348.9123003488976,-384.9979747286388
619.3995794490404,566.664531618321,806.32422727956,540.1390183289554,-136.5345237004911,167.6633741626829,-396.77454882593,-930.350755793042,-585.0546710284474,-76.93770903563544,687.8247891774126,-613.0870049761653,481.6079596207729,-379.3386401532144,-694.8067833646147,825.2652442385773,143.98524544704594,-471.99027793853503,-497.9956031257791,-362.1085970225888,-345.5982209159778,-403.42713208269,-542.5733616856802,-301.8583113547707,417.8699176850527,51.1960082888734,-692.8590697146612,-641.2299339865064,-296.9574046862282,-545.2979304476813,-300.7808472408803,-402.5211785902167,-355.98247723052737,-473.7464016677416,-420.2392163841206,68.58718316984047,84.20504956858144,-597.6991481680994,-417.0501090464195,-420.3040446212245,-378.8843514207944,730.6122044064988,977.4435058558254,-355.3144185996426,-339.30211591722286,-75.99010726192542,-333.5807961957802,-529.0559840812954,-149.11719638036345,16.819638438479565,-198.18620168237268,-418.05935465941593,-596.4101143253326,-458.989922758947,-7.968845165517154,690.9447796130122,31.7251618942906,412.5596204005677,-218.54545214990372,-77.48648181980496,-33.70354646271295,741.0681327695804,-60.41722362616122,405.6680404125126,234.11120580661404,79.31114232217342,195.79198431007373,-300.7707706235888,-358.07499398056194,-371.7478432260195,314.09599726059383,132.79680973927586,-173.8558073079549,639.5460686054663,-448.833105751653,-423.8580602402352,-204.65715400107072,-353.49238811649894,-388.664245673504
571.1714885433946,518.572714317039,767.2722475413135,485.2123818122392,-182.10218683496612,145.27792314162463,-344.7386516230151,-950.5979988973456,-587.0984670659876,-129.75732096407486,708.512342227766,-631.0277964657255,540.43151765468,-387.3740116827268,-704.1127807081447,876.7158354530534,95.28825145968624,-478.1273751703412,-505.2624666862458,-383.63129558195766,-353.3401758694856,-407.6712391987091,-576.987066395049,-307.307261859999,367.1657672857701,141.757530371975,-673.4814605701616,-639.2446355981375,-231.0184766182924,-563.4803378654638,-306.1016578418516,-399.2382507852875,-371.8200463112561,-473.5253045144096,-357.7040346939814,165.80241645457392,35.10987418048131,-618.2780404212998,-443.5987730595104,-443.6484713413056,-298.0235244141063,793.7454612630594,945.117496710508,-362.6580979676353,-351.2588425041395,-108.7815469146654,-333.7548432540596,-536.2024570239114,-168.61738400679718,102.91258586776156,-232.86815757659372,-427.0993317744083,-618.8195634998898,-411.3701018499078,88.21426142796635,680.3157970939974,-18.582521643361744,371.7388894610768,-233.01071574001884,5.799517223584039,62.64452578000677,734.6090906741956,-107.46146755385196,357.3939112365588,179.11631504813693,47.37034206706261,147.8895333687185,-333.235572043815,-368.9877960211067,-365.4023204292664,380.1877976941605,223.83536213473357,-96.19896960621082,687.4548418820932,-444.5265295701005,-440.9362031909809,-215.51300862399492,-356.6231459529816,-391.2133237486004
522.0458338517916,468.8288379028301,724.4698567273477,428.77780464708167,-225.32029560246457,123.08439606813242,-285.22689930495125,-964.7712695872424,-590.6548262959741,-179.8874296928104,720.2792014547141,-650.0593327819256,592.8012091597457,-394.33594795924745,-707.3541344074972,919.9507246306804,48.50189253135589,-482.74862260094704,-514.3148970360683,-407.320100773244,-361.592423270975,-411.1220554818472,-610.0710452741573,-313.328168291375,316.03732212095264,231.48574934173703,-645.6660224699209,-629.6603819504782,-157.89547743675072,-581.1323500487116,-311.022618780161,-395.1281306182956,-384.6693824753556,-474.04521572188986,-288.8211675360025,261.06279953257774,-12.131688877398004,-637.9791286792325,-470.5300389561842,-466.87097865266026,-211.73394700376755,849.6414411672163,907.6220125602536,-368.7975567505148,-361.6644507403186,-139.97737122928396,-336.0893900220113,-545.1003630782044,-185.5920063719034,192.38847973862656,-264.74057531391287,-438.49508626413694,-641.1862560366907,-356.7828932900516,186.6108931293044,664.316003016703,-67.33763916567271,332.00573031160604,-244.69132724797836,93.92598254966131,159.8234619896159,721.7981719120826,-152.42499265639535,309.92427762932255,125.49579346109935,17.728137344804733,100.73173982626932,-361.3802104328428,-377.35740133887725,-350.8562200635711,444.2211350580129,313.6466993172074,-15.65086340499441,727.0173379419083,-438.07055996442,-458.81265760276176,-228.52306126519903,-358.7113066239068,-393.1386665418671
472.4274460485757,417.8558243467489,678.5321504768957,371.37010398490446,-265.9740310462748,101.16965688443284,-218.5831844889892,-971.961834340273,-595.7982913645786,-226.92465615654743,723.3489564222259,-669.732615171436,638.1218722500724,-400.7917991102199,-703.7241741630608,954.8397918841148,3.962522491390037,-486.25854569971386,-525.3979935001263,-432.7378854620182,-370.683996750134,-414.1847090212254,-640.9122030874508,-320.2127353069926,264.7033666000411,319.0778808595491,-609.1841665922441,-611.873951212956,-78.39568291306308,-597.5946067765415,-315.8167206238794,-390.5729530425605,-394.74980106442246,-475.6513710728269,-214.6158326504895,352.9877643590874,-57.21809253790449,-656.0283806147955,-497.3743564907389,-489.4926532030778,-121.27706575112232,897.8418893844157,865.4926578089792,-374.1703347328504,-370.69775444362506,-169.4788262579573,-340.857619140179,-556.0823557229971,-200.28645416599483,283.8976594701265,-293.6369183222631,-452.169553169455,-662.8199721712463,-295.810349025717,285.80590483794657,643.3715955834638,-114.25292424630364,293.5655181552935,-253.85263224012223,185.72942545674397,256.4059312624204,703.1603811666232,-194.97441459115757,263.4802985302189,73.67660647461733,-9.593456448185153,54.63701459332682,-385.103302807477,-383.3756795330282,-328.09545466248574,505.2087505352437,400.9712782786905,66.56947656626626,758.0345358896296,-429.9969041716621,-477.5443376050837,-243.9752374916124,-360.1703436586656,-394.9515307243892
422.68167950868775,366.0415468394422,630.030392340669,313.48629056016176,-303.8798565074092,79.6534995835994,-145.3554219072833,-971.3124790824374,-602.4848437040524,-270.5091373178448,718.0807427688458,-689.4964699659088,675.9740701355265,-407.3028651134701,-692.5083280868962,981.421051278608,-38.039040115437615,-489.0730199617929,-538.674896056886,-459.3484236213727,-380.916460201839,-417.2566852100011,-668.5519433958642,-328.226032302428,213.38562500448535,403.293330820787,-564.0077628111364,-585.4347266064785,6.489516165693051,-612.1347997618469,-320.7574150245883,-385.96155013468086,-402.3448453815985,-478.6443710166518,-136.26826305708008,440.29409233550354,-99.8649167969254,-671.6069504255408,-523.5875684506168,-510.963787744503,-28.03288584266046,938.0687467227216,819.2491177695863,-379.2105325556082,-378.5508764798841,-197.20815166827836,-348.2554860071518,-569.4299256949306,-212.99843752067324,376.0236469244596,-319.44074510765057,-467.9345047526296,-682.9534508683696,-229.21887592754305,384.36187457454594,617.9056727114067,-159.05099244120467,256.6042743093032,-260.8171138955305,279.93911012209674,350.9935116806895,679.2327699182097,-234.8032103279657,218.27544653724937,24.05188194870357,-34.613225527175416,9.916552854667165,-404.3836815341438,-387.26905884071647,-297.2609739293711,562.2499882551848,484.6332337659831,149.19888838852873,780.4801814849405,-420.8678487757357,-497.15949466425474,-262.08847213638074,-361.4125160485311,-397.1660331275528
373.138915656886,313.74385919212267,579.489518811108,255.58921952430612,-338.8909978142576,58.69396516592845,-66.29152705727454,-962.045871148168,-610.5475808809449,-310.33834890792167,704.9478809777489,-708.7052164786006,706.1142217264336,-414.407311211978,-673.1121366640009,999.8830547476824,-77.26383559171872,-491.6092061135034,-554.2156330910021,-486.52207006051833,-392.55619919700473,-420.71681541993365,-692.0104996182733,-337.5996828801734,162.31295910103267,482.9860632990628,-510.3215124354295,-550.0703021620379,95.60891785387015,-623.9638638871842,-326.1127434677804,-381.6822293895225,-407.796765741088,-483.27163626778014,-55.07999133212736,521.8284120711978,-139.80977063313736,-683.8710921802308,-548.5551162998617,-530.6690903732162,66.5409079501375,970.2176693845388,769.3933529018572,-384.3373926787903,-385.42782089404017,-223.11089291538383,-358.3937103334358,-585.3625177115631,-224.07055518522,467.3263601314305,-342.0907818098313,-485.48937618076445,-700.758641520236,-157.94164375914983,480.8607328995924,588.3304049777331,-201.47038245548896,221.2849148772656,-265.9569376691592,375.2149868972117,442.2563992499135,650.5511981294757,-271.6405925217863,174.51455053377757,-23.02831150391141,-57.39061214463909,-33.12952632044003,-419.2833114209904,-389.2939039912994,-258.6574998147437,614.5547162298085,563.5720563544033,230.96841961595652,794.48437091835,-411.2618324342165,-517.6543098499261,-283.00477421098583,-362.8410509388185,-400.2831029142096
324.0990478648213,261.2958522597949,527.3884910754006,198.11185803717945,-370.9023165720024,38.49133493835544,17.673391309389586,-943.4936887525288,-619.6960923122168,-346.1800852537191,684.5156244997494,-726.6299269901818,728.467940570436,-422.603203973982,-645.0871821675958,1010.5433251879618,-113.52963265536783,-494.2751225681934,-571.9877676150032,-513.5444966333199,-405.8268480150022,-424.9139114282401,-710.3140096104933,-348.5249487904422,111.72414200841548,557.1324785789577,-448.5286673344206,-505.70747905575706,187.68274517594065,-632.2561837504484,-332.1391513856372,-378.1151198273132,-411.4989401119828,-489.7196048252436,27.565360832509626,596.5938242455935,-176.81831338134398,-691.9748190307217,-571.5996879862383,-547.9364443002341,160.953041621552,994.345435434753,716.4102373181023,-389.9442091528393,-391.5428338408827,-247.1575548531433,-371.2914188073052,-604.0265126389825,-233.8816634464131,556.3856168541586,-361.58435169621055,-504.4230384691148,-715.3666025612737,-83.05400178980685,573.9434744164071,555.0428327468975,-241.2722199152836,187.7431595229752,-269.6847419989534,470.1878496979821,528.9692126570068,617.6403361023005,-305.2598065129887,132.39166257067578,-67.264937119626,-78.02428039641316,-74.21675237342684,-429.94783270034605,-389.7314155636869,-212.75828960250453,661.4620991629057,636.8679474360817,310.6412003546651,800.3131894857647,-401.7583699719311,-538.9884914323063,-306.7823045232409,-364.8425114992152,-404.7737392445394
275.8356098722468,209.01086515178,474.1629113357944,141.46163914009983,-399.8544720322762,19.29054575548328,105.43840859346432,-915.1254578687528,-629.5198127024682,-377.8837317820349,657.4190777642053,-742.4734255462763,743.1174319499975,-432.3320745188368,-608.1537791861311,1013.8241997549272,-146.71413569695713,-497.4590671042396,-591.8491491518727,-539.6285895312903,-420.9018568942668,-430.15526253839073,-722.5237235828878,-361.1457072472944,61.86914244112254,624.8537664854541,-379.2492974159776,-452.4873597425784,281.3396507092731,-636.173346423419,-339.0750036513776,-375.62405334111486,-413.88636635504525,-498.10670090367984,110.24511376660212,663.7697108179884,-210.6909285355752,-695.0947853432133,-591.992564326152,-562.0494433168948,253.7238350771742,1010.652323116839,660.7700638926796,-396.38776499939416,-397.1184832813356,-269.34456063508213,-386.87155254851217,-625.4844098695522,-242.8372944794695,641.8428350569029,-377.97905741742096,-524.2187595719116,-725.890735764582,-5.742748166468443,662.3461571519144,518.4240051706204,-278.2470741314611,156.083501696247,-272.44292437797486,563.4997994091892,610.0414104823152,581.0068476904551,-335.4853618641219,92.08693548505326,-108.4165265462192,-96.64942561523618,-113.08139015330372,-436.6047077158037,-388.8822188017189,-160.20525856624843,702.4535500864969,703.7598864806872,387.0480526855279,798.3458349039959,-392.9227472988858,-561.0799975035411,-333.38950561500667,-367.7793530848129,-411.0620179583841
228.5992879320513,157.18687082639977,420.2092711952509,86.02440391314784,-425.7372907243658,1.381799663391512,195.7659577696028,-876.5758573726232,-639.4955394755892,-405.3890828093732,624.3422051984684,-755.3890359101214,750.2840596407233,-443.9634025529576,-562.2193240963728,1010.2274883557392,-176.75643532008516,-501.51910992594696,-613.543074972271,-563.9295254448904,-437.89721905275735,-436.6952404257536,-727.7665885983513,-375.551354971703,13.00890590343197,685.4320117112151,-303.3106065529328,-390.7734003435056,375.1579077297284,-634.8907634309245,-347.13381512475104,-374.5479799349028,-415.42441621112056,-508.47710216599154,191.5424068807289,722.7241404284676,-241.2695351546957,-692.4567134430444,-608.9687199439182,-572.2637452381598,343.42929748802874,1019.4607317531056,602.9322758745794,-403.978438643213,-402.3833788932428,-289.6945433747251,-404.9581302550762,-649.7046302116746,-251.35937361428148,722.4389951254707,-391.392697562306,-544.2625501034909,-731.452876466104,72.7295072230892,744.9306783428108,478.8409804924967,-312.2215699530989,126.37563037394744,-274.69170362255846,653.8431203002864,684.5411716285928,541.1355224299855,-362.1988064405227,53.7627503533122,-146.3041939049815,-113.43393496877728,-149.48582140753985,-439.559060673281,-387.0607834742688,-101.80390589852487,737.1595399906773,763.655944833317,459.1191863742473,789.0506420376614,-385.2908569311791,-583.799146628416,-362.7003401675424,-371.98262797036097,-419.5083096261497
182.62062905027025,106.10994706937858,365.8901979727653,32.16749208185484,-448.5922655852116,-14.900828698553449,287.31749960429147,-827.6691306876397,-648.9991896081355,-428.7321198173503,585.9986750883236,-764.5029085084497,750.3073649662759,-457.7803990565857,-507.39130225879535,1000.309292369661,-203.6567193882615,-506.7728799315679,-636.6961676330308,-585.5629466199863,-456.8644136052572,-444.7242816129682,-725.2663076740705,-391.7697213097324,-34.58632857514225,738.3196715069339,-221.72917168464852,-321.1515380936534,467.7088758614108,-627.6262940014442,-356.49722203097497,-375.1919636578144,-416.5960930388147,-520.7953477236066,270.0907720126841,773.018668416473,-268.4440229690292,-683.3625502673656,-621.7455174941957,-577.8270716649154,428.742036132974,1021.1914157003874,543.3497732995687,-412.9710704690081,-407.5694513725328,-308.2560481841599,-425.2754484190487,-676.5524282445954,-259.8754829617409,797.0472229465281,-402.0014649247068,-563.8550138173084,-731.2115836825176,151.06330312003757,820.7091772862614,436.65105543383874,-343.06434355167534,98.65165583187824,-276.8962585124242,739.9958131531324,751.7119828908747,498.48798734230326,-385.3427698079604,17.559375931674147,-180.81511555652463,-128.57357643234974,-183.22398827714005,-439.1873913504437,-384.5897812816548,-38.5126662889759,765.3602937852357,816.1358813311782,525.9105920075975,772.9613294927976,-379.3544870620936,-606.9625095483566,-394.490731652476,-377.7447631856599,-430.3931813808968
138.1118227099202,56.05663459771722,311.5401044561507,-19.75837613382984,-468.5140914074246,-29.182946689447338,378.6939521139951,-768.4391960858361,-657.3217418812185,-448.0473506294129,543.1150818977503,-768.9395419067489,743.6218994643759,-473.96744628766174,-443.9841012102537,984.6561936504124,-227.4743616541617,-513.487855296514,-660.8192825681823,-603.6260462667952,-477.78367363380926,-454.3585438734089,-714.3738372412383,-409.7601361947445,-80.64008206422588,783.142403272115,-135.68541199582234,-244.42187102847515,557.6006282351113,-613.6698372519849,-367.307748253415,-377.8178662207712,-417.8880778855296,-534.9418671367163,344.6162313631559,814.4057290942103,-292.15784388121125,-667.2174193230497,-629.5446109210799,-578.0024462623046,508.46710009633904,1016.3387168821448,482.47317606431415,-423.5566452015362,-412.9087115935978,-325.10274870388287,-447.44930203104775,-705.7824461363516,-268.80791387592313,864.6987531845418,-410.0365194805712,-582.2267131517737,-724.3917968283032,227.96277582637487,888.8613288083376,392.20748734938087,-370.690988405978,72.90442919802537,-279.5132513475918,820.8522631837918,810.9816035793475,453.5035315635346,-404.9231316282248,-16.409527433466334,-211.9045066667192,-142.28645101764036,-214.1266616624316,-435.9294042053628,-381.7944492539757,28.57344943580838,786.980724028641,860.9465155789753,586.6241006952835,750.6546233198826,-375.5473237854748,-630.3270790438135,-428.4363542540032,-385.31231675048895,-443.90246078656486
95.2674933588222,7.29507558719487,257.4707174399626,-69.41868043526155,-485.6511217341911,-41.05567304020343,468.4788360067293,-699.1440933584737,-663.6891622042124,-463.5664953820237,496.4168831292523,-767.849884518571,730.7332229992826,-492.5995314998235,-372.51897813257824,963.863826676338,-248.3245813157557,-521.8723519629233,-685.311763583097,-617.2212531431019,-500.5577524415259,-465.6305660270835,-694.5961716326392,-429.4068755285701,-124.87390780982508,819.6955697016996,-46.49105804801879,-161.5818154132788,643.5195802727429,-592.4127313462678,-379.66146398746326,-382.6348912412728,-419.7758825691656,-550.7095700550144,413.9748881897349,846.819203238596,-312.41237559410115,-643.5553304957328,-631.6164538555118,-572.0940169463636,581.5712233844257,1005.4461176804958,420.75449246404366,-435.8548301926933,-418.62941273174,-340.3322793923733,-471.01031904897707,-737.0334543703422,-278.5627389701083,924.60149693681,-415.7790552407855,-598.5569209611239,-710.3148571056588,302.17563356902696,948.7442266027996,345.86591637794527,-395.0677200726044,49.08716017995639,-282.9770437100503,895.447838771508,861.96350461304,406.60151983441625,-421.0092952457795,-48.06123412488749,-239.59613979348185,-154.80698307141773,-242.06630157868776,-430.2782202094599,-378.9969918654662,98.2447726114598,802.0802339661334,897.9907638108838,640.6205064144345,722.7301958202065,-374.2318852224645,-653.5852842735334,-464.11197722204673,-394.8786263805203,-460.1139473835793
54.26449961076876,-39.91508323344281,203.9760476100052,-116.49627641671282,-500.2046174114988,-50.08379300564987,555.281946691003,-620.273549285468,-667.2859430524452,-475.6134751014256,446.6171846967176,-760.441176446736,712.1943308141479,-513.6339875284807,-293.7167828072563,938.5186043109618,-266.373909762892,-532.0673849351828,-709.4693542145984,-625.4820625954703,-525.0064301350743,-478.4813029980253,-665.6221751131161,-450.513292874892,-167.01267501628786,847.9350681447168,44.44914845181607,-73.80116905288267,724.2680730293665,-563.3757102304718,-393.60068856038185,-389.7902266969774,-422.7084563153266,-567.8017130240816,477.18426802320937,870.3590855038104,-329.26977851307913,-612.0625339490017,-627.2666012705735,-559.4745649184039,647.2043686780877,989.0833034207778,358.6497289994672,-449.9074159070017,-424.9515443888459,-354.0647529172756,-495.3995153661966,-769.825808790499,-289.51911214738413,976.1509201482452,-419.55398835269335,-611.9954698260563,-688.4277433086364,372.530706491147,999.8949868256152,297.9906864479952,-416.21358724111406,27.114434913336776,-287.6859023360918,962.976600497302,904.4512757351328,358.18485269665393,-433.7326541489719,-77.34779352182937,-263.98144619458725,-166.37974077042017,-266.96128974494246,-422.7692361088445,-376.5110238604912,169.20398921619207,810.8382455605961,927.3115214550952,687.4256029015688,689.7936067762671,-375.68758497928826,-676.3614450397646,-500.9926201967914,-406.5763107549924,-478.98626857561896
15.26079684505534,-85.32395428893464,151.33645724369902,-160.694170304048,-512.4266609893159,-55.81621089197538,637.7813798103186,-532.548688889917,-667.2817072876146,-484.5958065330697,394.4083201903919,-746.00748625726,688.5836192111102,-536.9048323047464,-208.4833428103016,909.1831007465912,-281.83470809681813,-544.139562326672,-732.4960325446127,-627.600399951899,-550.8620728900383,-492.7539560058813,-627.3441723750792,-472.79703476759767,-206.7906127932494,867.9633930283482,135.67987458089183,17.609981867903716,798.7961255043244,-526.2341309874664,-409.1069490795785,-399.3600805030116,-427.0926175233769,-585.8313445138205,533.4470763282313,885.2714472451363,-342.8541781547436,-572.5973709715444,-615.8828058574917,-539.6135834899991,704.7129614878152,967.825734382332,296.62007435100844,-465.6727324623011,-432.0816014255248,-366.4409780019052,-519.9761888105277,-803.562110442547,-302.0189710025454,1018.9333941469348,-421.7223872908242,-621.6872416399631,-658.3302568814283,437.9712788532304,1042.02660167959,248.960304230524,-434.20116076800855,6.864624686337041,-293.9884781741348,1022.8017245823654,938.4068306054012,308.64394600049724,-443.2834215635522,-104.25910112798056,-285.2172296010355,-177.25337063157374,-288.7793346396447,-413.9678767640438,-374.6360305767421,240.09747181671767,813.5364667987071,949.071777916283,726.7294256692632,652.4426689025026,-380.1001242564615,-698.2102495677859,-538.4568120053352,-420.4696691281544,-500.35038593691047
-21.60651772380073,-128.69369969317617,99.82157847504256,-201.739765012347,-522.6166403812438,-57.79857499371504,714.7618981799122,-436.9132591923018,-662.8601407694114,-490.9926333516244,340.45600005354515,-723.9597274981697,660.4852964750054,-562.1199819964219,-117.88776963246922,876.3853256196312,-294.95895812845265,-558.0751629750197,-753.5199494832457,-622.8547280267394,-577.7666238095476,-508.1900601341972,-579.8740159596143,-495.8868168654335,-243.95783374096945,880.0120243360616,225.73975440675116,111.2391126409048,866.2259565180361,-480.8392048254816,-426.0944668429032,-411.34145053907525,-433.2777077111936,-604.3227055997955,582.1665220700627,891.9250698536737,-353.3511053914168,-525.2055003155043,-596.9617567674031,-512.1046313385166,753.6447014389297,942.237494136009,235.131392975814,-483.0211603348435,-440.2065941096697,-377.62033002874256,-544.0282733560514,-837.531487788596,-316.3572731219851,1052.7225733780813,-422.67275047018944,-626.798674449093,-619.79882255569,497.582693456576,1075.0179139259585,199.17136266977283,-449.1557289399014,-11.81643288171648,-302.17082692895417,1074.4586809695188,963.9434963662064,258.3607403713414,-449.9060483840941,-128.8249746191254,-303.5220142418861,-187.67489516454265,-307.5398740130243,-404.4564625104612,-373.651803220696,309.5498747014154,810.5390010912467,963.53245137083,758.3793688902288,611.2573960884023,-387.55243447019575,-718.6177898680495,-575.7922606329151,-436.5471435017665,-523.9042545016073
-56.223798992416086,-169.80165478729722,49.691934128631246,-239.3903293305896,-531.116256782434,-55.58783918572557,785.1479057435163,-334.51615640388627,-653.2493404108548,-495.3397330325784,285.3956641058548,-693.8538195819941,628.472910966414,-588.8615974765847,-23.13432783118288,840.6118702208505,-306.0315143292244,-573.7755442472353,-771.6135069315202,-610.6379378381566,-605.270459528121,-524.4283115548926,-523.5524363265622,-519.3212960062237,-278.28704592676326,884.4213299363864,313.20590399887175,205.61310405259965,925.8683534918704,-427.2340489636936,-444.4044993424128,-425.6450039741669,-441.5408920705985,-622.7150124012012,622.952869383776,890.7862017718794,-361.0052034452146,-470.12947467172273,-570.1342004076465,-476.6905466194458,793.7453064418455,912.8579187428288,174.65187234450786,-501.7319051959623,-449.4873002643426,-387.7781705403085,-566.7852595006285,-870.9178313606578,-332.77285519230475,1077.4696668468237,-422.811219767927,-626.5455115104517,-572.805561371386,550.6130998206258,1098.8988425142709,149.0403856646002,-461.2531049335968,-29.1106935439037,-312.4442327530305,1117.6516228694368,981.3052454538524,207.7123025916571,-453.8934830479149,-151.1160862951001,-319.1710491136182,-197.8845633166948,-323.3153294712902,-394.8203936513847,-373.8127945682896,376.2007045611905,802.2714216834006,971.0294359150143,782.3681366600965,566.7934484793849,-398.0174257711464,-737.0056068979898,-612.2042319579053,-454.7141424392818,-549.211109067161
-88.5038581697051,-208.4440556960817,1.1992138973483033,-273.4393411175954,-538.3030750684543,-48.768404893936754,848.0296631253774,-226.68553621191785,-637.7525095416859,-498.21193506997184,229.83056540849896,-655.4156032247944,593.0964199897234,-616.5898074706438,74.47110151004026,802.3046846940766,-315.3629682434285,-591.0540254087186,-785.8174160671454,-590.4839078746396,-632.8335791143849,-541.006598506584,-458.9506660999133,-542.5505928897732,-309.5801693832448,881.6191755553967,396.7361761787581,299.24209392755216,977.2304907743544,-365.6635297325739,-463.8009109840511,-442.0894594390356,-452.07355897528777,-640.3690498296315,655.6213798609313,882.3928690756112,-366.1162592933746,-407.81181513277113,-535.1871355339929,-433.2850667348737,824.9479597335968,880.1922378049142,115.6477860625903,-521.4912562848137,-460.05080495100174,-397.1026773331388,-587.4337455616076,-902.8121980563664,-351.4399740015095,1093.288689226854,-422.5508085700681,-620.2208881027004,-517.531358590699,596.4866611774211,1113.832148623064,99.00321469140644,-470.7162049882251,-45.22238961042804,-324.93410521188486,1152.2438114371023,990.843416640214,157.07363901368848,-455.5805317518649,-171.2436925857164,-332.4900012010108,-208.1113633296609,-336.23110386658925,-385.6338433210789,-375.342338614076,438.741415715572,789.1998921524972,971.951263529578,798.8176751084069,519.5787791364938,-411.35282837886217,-752.7380883399196,-646.8268940557947,-474.7866540120093,-575.7017904293706
-118.3891130631155,-244.44012512597763,-45.41474638846852,-303.7232827074609,-544.5826973518049,-36.96936258167927,902.681818083183,-114.89530750611448,-615.7778150816251,-500.20347351414506,174.33105443029532,-608.5611471793591,554.8729779196049,-644.650028427319,173.5585727946876,761.8610638574276,-323.2822481448832,-609.6343929507851,-795.1683410630169,-562.0915006800105,-659.8295880946251,-557.367635440011,-386.8636220930533,-564.9409866646337,-337.6745968899579,872.0993641924916,475.1070788172569,390.6632813316618,1020.0153285693464,-296.5770903835282,-483.9673725199151,-460.3978665412756,-464.96929495329454,-656.576954648293,680.1822621694093,867.3300545250738,-369.0336420812744,-338.89098406171894,-492.08180315267055,-381.9894470649178,847.3565691251302,844.7061926619739,58.577464681391085,-541.8925875127512,-471.9824318143399,-405.79094394301103,-605.1356112255867,-932.2294649496636,-372.4605818323591,1100.437904613333,-422.29972850152456,-607.2227519105271,-454.3718116847909,634.8090025123936,1120.0930822758544,49.51174732108274,-477.8105821451604,-60.37205514349064,-339.67024490508845,1178.2431887841385,992.9922872510696,106.8194049486688,-455.3365624127362,-189.3581892451521,-343.8473922772951,-218.5692145635549,-346.46425571898754,-377.4451500712156,-378.42668891295375,495.951497563159,771.8113194854602,966.7186070458276,807.9603183771452,470.11302734492193,-427.2984324777536,-765.1334277449855,-678.7378082345155,-496.4861742561767,-602.681429378092
-145.8546041078484,-277.63627140988723,-89.9201547278245,-330.12842797086785,-550.379693495961,-19.88223005104711,948.573807939678,-0.7253186766738698,-586.866153746258,-501.9068760241052,119.43452355847424,-553.4112008634597,514.2813939258599,-672.2840628226128,272.7339648554055,719.6362843615523,-330.12905693251906,-629.1511787406156,-798.729478905285,-525.3447049949316,-685.552890523406,-572.8684893959564,-308.29432086947423,-585.7832079057426,-362.4488745563116,856.4008941277112,547.2455861268011,478.4827074776725,1054.1132125818178,-220.6240487584357,-504.5065910345408,-480.19615728463407,-480.2139254192995,-670.5754580126912,696.8236279080677,846.2068703360274,-370.1492407502949,-264.1899837646058,-440.96630748863856,-323.10281897862416,861.2241968663258,806.8243548722131,3.8837007963074655,-562.438386943923,-485.3172452873639,-414.0442382119999,-619.0486962138359,-958.1291517704888,-395.857408967573,1099.2987175870085,-422.4489270978435,-587.0795481171305,-383.93522111351257,665.3651352723575,1118.048198180339,1.0280413196068685,-482.8391028057051,-74.79041201048383,-356.5788109912763,1195.7844027284546,988.2448064917252,57.324265621116105,-453.55776554569417,-205.64659426320597,-353.64586582031137,-229.4537597633956,-354.2408343768696,-370.7621131843021,-383.20885743380495,546.7320324637798,750.5953895489749,955.766603257825,810.118381950488,418.869101134353,-445.47603272426375,-773.4781958958893,-706.9756376231114,-519.4365308324972,-629.3406804100358
-170.91060135334223,-307.910172942588,-132.1024348628947,-352.5971567713873,-556.1274623090537,2.7215259258516675,985.3721860201204,114.18300696553533,-550.715566847896,-503.8910593680303,65.64551047009796,-490.2987581994577,471.7600084481978,-698.6450941108707,370.6193452077329,675.9482494372375,-336.2462387817066,-649.1518709702545,-795.6231715158598,-480.3276459006357,-709.229403935486,-586.7941377129248,-224.42967618434247,-604.3046029757314,-383.8276192271697,835.088850777414,612.2535099064596,561.41323563375,1079.5867099218522,-138.64120511841085,-524.9419462582291,-501.01430222036015,-497.6781071994685,-681.5626978241153,705.8887447879756,819.6366077208891,-369.8889970287988,-184.69769441543667,-382.1819104903529,-257.1252735948617,866.9281677170206,766.9316601865677,-48.01505967488789,-582.5446116823806,-500.0313938486565,-422.0623687245504,-628.3497256059144,-979.4401514375415,-421.5679693605212,1090.3532347994433,-423.3590018365112,-559.4730745237057,-307.03217792996827,688.110500679249,1108.1344948305848,-45.98399761989732,-486.13593558129793,-88.71240385631782,-375.4763665415256,1205.1086656976552,977.129686629901,8.961745779858699,-450.6591450382016,-220.32910974998308,-362.3124087124357,-240.93959528542564,-359.8319109584688,-366.0374177464662,-389.7822803094831,590.1353080365543,726.0291673314935,939.5306801963048,805.6833708313512,366.2963436162622,-465.3923629373578,-777.0453942975428,-730.5610040058774,-543.1631829062369,-654.7715462970256
-193.6045543863287,-335.1745512683376,-171.7661528156478,-371.1333605223,-562.2572231451325,30.973987911146352,1012.9353902979152,228.17349144087663,-507.2011003146114,-506.6793499048285,13.435536712329734,-419.7689922013315,427.7075703740939,-722.8165986672245,465.8918899098392,631.0834592227378,-341.9721572404541,-669.1012301530436,-785.0644106813684,-427.333291379275,-730.0309720365991,-598.3750142651061,-136.60834701305612,-619.6852434217815,-401.785530343845,808.737551313761,669.423619066229,638.3072372912463,1096.6500345036347,-51.633006898529366,-544.7218555665517,-522.290343045019,-517.1129300778183,-688.7185077748934,707.8490718989812,788.2202762803253,-368.70313792032897,-101.54348345744674,-316.2623298920688,-184.7529953895262,864.943409895112,725.3775086656925,-96.7342900846218,-601.5476596917359,-516.0336669599726,-430.0371839720176,-632.2590558492941,-995.088916312462,-449.43966328793306,1074.1616299353168,-425.34672988900616,-524.2574291642369,-224.65678212969,703.1561074934144,1090.8398402528203,-91.06893994626336,-488.0599888452068,-102.37160979252393,-396.0664148290082,1206.542800190378,960.1908796597572,-37.89850384461072,-447.06636718274,-233.6549346555829,-370.2876905206045,-253.17771653326355,-363.5483874215548,-363.6544536207399,-398.184398543982,625.389262921008,698.5647569937908,918.4362557179288,795.0958551299545,312.8246727577421,-486.44526455848097,-775.1156609403328,-748.520260881267,-567.0955282178829,-677.9876665140192
-214.0221816785264,-359.3804765013477,-208.73944533959065,-385.80655703733385,-569.1863515823061,64.89616677677873,1031.3018723853008,339.622191275673,-456.389028720986,-510.72816929953376,-36.75763732205151,-342.57117846149487,382.4865684631094,-743.835058340805,557.3195101108081,585.303633084308,-347.63316089189243,-688.3878922264238,-766.3938972994375,-366.86489407856175,-747.0934786519862,-606.8082969529178,-46.28182788853188,-631.0778273417379,-416.3503889297597,777.9163587509514,718.2472464405,708.1828355203642,1105.6446212152937,39.25504958229952,-563.2271112709067,-543.3774970477119,-538.1489279263894,-691.2278565388083,703.274658054499,752.53397283096,-367.0552316599071,-15.966034406133554,-243.92571903068844,-106.8651839442925,855.81553372535,682.481669914939,-141.93321141145802,-618.7142242872771,-533.1577436659595,-438.14530905965927,-630.066630692191,-1004.030453104872,-479.2262114019483,1051.340309219825,-428.6715384731869,-481.4730384594112,-137.96005213190375,710.7489865491038,1066.6854280463965,-133.79161348531076,-488.9878909731502,-115.99520218372568,-417.93885872843816,1200.4787003028014,937.9702484877092,-82.89499773542946,-443.2075524149011,-245.8974923438188,-378.01471399319007,-266.29292856803136,-365.7347037983917,-363.9138414495435,-408.3903168539747,651.9158131995972,668.6203192637806,892.8923626671825,778.8269129544838,258.86910723920005,-507.9332697435912,-767.0010893057406,-759.9117726522857,-590.5726514215742,-697.9487654928544
-232.28755332275944,-380.5200918025312,-242.8786811879583,-396.7544086591035,-577.3062791774876,104.38613505881892,1040.6728104541996,446.98224783716034,-398.5445466256886,-516.4071181730773,-84.5315427549898,-259.64262444215643,336.4283831440909,-760.7161836096707,643.7915310294147,538.8523625599518,-353.53620373136613,-706.3334393202599,-739.1091729428488,-299.6295248749993,-759.5384735866393,-611.2824738930638,45.02955412055999,-637.6309842908094,-427.6049642663986,743.1783865291272,758.4136500025454,770.2429350152327,1107.0124976470229,132.76867845078186,-579.7813314595819,-563.5544411750137,-560.298816280474,-688.3068657308424,692.8034907703997,713.1201618260188,-365.41022552204953,70.7222862206678,-166.05938829474255,-24.502970930112102,840.1350171301541,638.5411800279655,-183.3243526044324,-633.2542458477017,-551.1557051795317,-446.5402978820996,-621.1583449868417,-1005.2812907159667,-510.5857060547647,1022.5417053201012,-433.5223267093376,-431.3548734677394,-48.21660801265145,711.2493373872056,1036.210780238394,-173.74968587582998,-489.30656230806704,-129.7995434065562,-440.5728038523842,1187.3542486230604,910.9939838621324,-125.68014179012158,-439.5050552009741,-257.3492059701398,-385.9269880530605,-280.3809822569843,-366.76158765865927,-367.02103567262446,-420.3067852122243,669.3424239469228,636.5745450971062,863.2889728262825,757.361856436633,204.83413053502733,-529.0686990211217,-752.0709162307274,-763.8541032023635,-612.8528115456846,-713.5887781415664
-248.56208667664544,-398.62868294827285,-274.0730760931406,-404.183428356548,-586.9701817573222,149.21074533059164,1041.3908232192557,548.8244449151338,-334.132273679614,-523.9811580720069,-129.52140381565204,-172.0850366655663,289.8395780429272,-772.484154528947,724.3430782790934,491.9612633733368,-359.96167414195406,-722.2040962780284,-702.8922722265489,-226.5234675931017,-766.4979138136406,-611.0045123835228,135.78370119154695,-638.5153672890714,-435.687770576992,705.0521331191355,789.8018585118465,823.8866581639987,1101.2690780273297,227.58125832573856,-593.6645411966174,-582.0387874331922,-582.9641668867558,-679.230599457279,677.111311044756,670.4827201731564,-364.22166990184087,157.17392056147514,-83.69771742052431,61.158966939251286,818.5136610269639,593.8374241669593,-220.6823399779463,-644.3370926768154,-569.6934482990939,-455.3444394353948,-605.0418306079779,-997.9534101246544,-543.0805995063541,988.4363350819162,-440.00512536038224,-374.3341394711634,43.21382541129216,705.1058017929956,999.9615940827042,-210.58634324231951,-489.4053881324451,-143.98645089718846,-463.3430755197056,1167.6364984131114,879.7630370089735,-165.92718212023493,-436.3672472697534,-268.3159105993158,-394.4364367682489,-295.50524469750553,-367.0179983334422,-373.0754315456814,-433.76682575528326,677.5066291862146,602.7644934562063,829.9975553560903,731.1867480753225,151.11739671654246,-548.9942769903109,-729.7781468374435,-759.5553290300405,-633.1268009716034,-723.8469956095453
-263.0424425310492,-413.7860498412199,-302.248980961892,-408.36775545646094,-598.4806879280386,199.00165762209005,1033.916176543926,643.8716322758389,-263.80921832367926,-533.5955430892753,-171.4033909656424,-81.13416921609681,243.00864297169792,-778.2031672192905,798.1722322082456,444.8552112860178,-367.1564710979398,-735.2251592813867,-657.6323642248078,-148.60972267856897,-767.141407902524,-605.2287543455506,224.4646038868021,-632.9517076991223,-440.7926327789965,664.0359238521949,812.4660993195066,868.7131836759946,1088.976876328059,322.33275253868607,-604.1297573798465,-598.00365882989,-605.4461067249772,-663.361610598171,656.8832696488031,625.0854034454858,-363.9183850789404,242.0456994420386,2.005915383354994,148.84691673177923,791.5642201238325,548.642662208415,-253.85146148186536,-651.1109834984514,-588.348652717207,-464.6405046407885,-581.370520767563,-981.2879691541444,-576.1799613687028,949.6975513541182,-448.1321368970751,-311.03296284407566,134.9281950453605,692.8302699540453,958.480527892008,-244.00236114848167,-489.6679755909637,-158.74010071735944,-485.53072760763934,1141.8076872631495,844.7475544802184,-203.3380860298817,-434.1803016324815,-279.1109466599894,-403.92124760996194,-311.69279504398014,-366.9024129657188,-382.0614478884762,-448.5253924232302,676.4535372588086,567.4865257361938,793.3742254455387,700.7779928795574,98.11234579200816,-566.8031584815708,-699.6860279628805,-746.342511113679,-650.5351247433429,-727.7014083292495
-275.9573730315265,-426.117154796216,-327.37357509531034,-409.6459760689239,-612.0778518094467,253.25623002340447,1018.8019335083457,731.0256117429484,-188.41019373049787,-545.2640937485825,-209.8986141717437,11.876014566935655,196.2125304244332,-777.0103537921749,864.6494813580321,397.756374752825,-375.3273553572517,-744.5981766056412,-603.4419705875234,-67.08837045375937,-760.7051358259346,-593.2864838133796,309.6286765147648,-620.2398314839057,-443.1670314415262,620.5948992443215,826.616162126812,904.5183282450132,1070.7214208333749,415.6692377337657,-610.4222943119746,-610.597167179798,-626.9599946289818,-640.1780652753185,632.7886068904967,577.3532313451686,-364.8908795959512,324.03770345769016,89.81201522700935,237.2271505110904,759.8838275149262,503.2253691784787,-282.7516214153537,-652.725505070367,-606.6119117704828,-474.4637559709338,-549.9647382711587,-954.6875242404612,-609.2643282302467,906.989211252908,-457.8127302313303,-242.2518985756961,225.52306538693432,674.9735178338105,912.3008419423134,-273.76691005450283,-490.4634717030293,-174.22448863894112,-506.3376898810896,1110.3544083183249,806.3850396531377,-237.65199869870457,-433.2999722653626,-290.04894549094263,-414.71384891479977,-328.9299444075101,-366.81358778086695,-393.842075368729,-464.2564941878688,666.4266657067777,530.9999174471926,753.7647196060992,666.5950728176219,46.20937676869632,-581.5621306278624,-661.4931665310285,-723.6901964854867,-664.1887570079109,-724.203269558525
-287.56362390225746,-435.792023851935,-349.4577262531889,-408.41604396454335,-627.9276519281826,311.3436030348336,996.6693596321834,809.385601248038,-108.9260688215317,-558.8613412978682,-244.77766662233705,105.5530924964513,149.7223949106706,-768.148941152557,923.3194984735176,350.8868826912644,-384.6346035522462,-749.5207793413072,-540.6655718682478,16.738974882425307,-746.5214123699341,-574.6149660601942,389.94735798618456,-599.787496983128,-443.1092007887532,575.1601818336221,832.5941931050592,931.2845092569994,1047.0903720251229,506.2811955201176,-611.8013471565332,-618.964481303864,-646.6538870314661,-609.3001590257038,605.4593030628171,527.676171901188,-367.4778776817868,401.9296805409541,178.43119736764962,324.9475207180154,724.0415381613143,457.8539185854434,-307.38238604242514,-648.3568816200136,-623.8915316105854,-484.7945668468472,-510.8285127511457,-917.7453581344748,-641.6334333342436,860.9562821780787,-468.84697047094585,-168.9504337666131,313.63657594977906,652.1028049648966,861.9426581435042,-299.72652246243143,-492.1374383570975,-190.58132602920577,-524.9055341565489,1073.7600386824145,765.0817449228017,-268.65386418507654,-434.0433779625896,-301.4393006914242,-427.0892031263725,-347.1572976014122,-367.1409142537848,-408.15536172556415,-480.5522314175855,647.8527158497427,493.53260597861646,711.5103765258399,629.0762893828644,-4.204674651328589,-592.3376102299554,-615.0560267877444,-691.2466893858139,-673.1930378870796,-712.5117630686009
-298.14102594645766,-443.0248624035905,-368.5578276205007,-405.1284187717521,-646.1113007945311,372.516047804066,968.184685425252,878.2579453165966,-26.47564605674535,-574.1190004672422,-275.8654617291423,198.48800379732185,103.80804614668877,-751.0003463503723,973.8957326206882,304.4700761199157,-395.186006953744,-749.2089041609072,-469.8797389043538,101.50897815634453,-724.0476874720285,-548.7846570769133,464.2440312466433,-571.1378219696794,-440.9639493933835,528.1297832873869,830.8494441828437,949.1649728359048,1018.656523962815,592.9388618417697,-607.5632570412754,-622.2720555103484,-663.6304593028034,-570.5134945704076,575.4733840941063,476.4144315884602,-371.95335300306505,474.61347391372215,266.56207913011195,410.6794994913329,684.5700378568189,412.798320870029,-327.8249141418783,-637.2354255644152,-639.5223451418549,-495.55201097735,-464.1608827475901,-870.2704847187847,-672.5170381868106,812.218222093185,-480.9222421785392,-92.22104723962563,397.9873656433168,624.7823486978692,807.9114802099373,-321.81176436396845,-495.0023227962672,-207.92821754410707,-540.3381444138804,1032.5003155010115,721.2166323357019,-296.1827577542923,-436.6808284073245,-313.5793195946628,-441.2536204890007,-366.2645897947594,-368.25448373649607,-424.61424970230087,-496.92418799938486,621.3211138544327,455.2884466997376,666.9543053492922,588.6372093278368,-52.748889125291065,-598.2238882501877,-560.4075400427572,-648.8567515671981,-676.6740847763697,-691.9275350471204
-307.98692074748635,-448.07232136813286,-384.7764848619134,-400.2775768568743,-666.6156744516936,435.925370895167,934.0380821418923,937.1572826777845,57.727646937672645,-590.627148475565,-303.0460483605736,289.29693757688307,58.74075660422914,-725.1137895772255,1016.248721273926,258.7303802723249,-407.0312825909612,-742.9209660635915,-391.8843386544492,185.83872146978464,-692.8936514261493,-515.5232418292125,531.5236999715597,-533.9940278598777,-437.11716327875575,479.8707840256318,821.9124333704655,958.4633662724704,985.9650341438248,674.5231680734948,-597.0657246328121,-619.7334609430669,-676.9719048212297,-523.7881189013118,543.3432884460004,423.9046372324972,-378.51449163932926,541.1201642871594,352.9290469747825,493.1585010509239,641.961317043485,368.3299220097985,-344.241661898388,-618.6743551954704,-652.7786865749555,-506.58878365357504,-410.36059558395846,-812.3069386306222,-701.0889885596639,761.3648119255025,-493.61347097078936,-13.25777303193158,477.4086780091528,593.55735185648,750.6985286404106,-340.0412893025797,-499.3276225429648,-226.35695063330596,-551.7278587288397,987.041760920098,675.1471327205312,-320.1394540440438,-441.4277738354073,-326.7470627892556,-457.33434001740767,-386.08562981420135,-370.494979914352,-442.7100972280101,-512.8075880855906,587.55930694555,416.4553016211794,620.4469824979035,545.6713752690027,-99.05244799554384,-598.3728878157656,-497.770629389843,-596.5793832312671,-673.8069139854684,-661.9237488595762
-317.4100536905264,-451.23082468331023,-398.26199758853846,-394.3920685234013,-689.3251948953365,500.64389355745976,894.9254539517278,985.7998727399678,142.41272475312667,-607.8403886692249,-326.2670433515317,376.66126359150303,14.794209361062654,-690.2319566943733,1050.3893489339955,213.89189692643316,-420.1569985137475,-729.9833366894932,-307.68483740877065,268.36807109066103,-652.8450567756273,-474.7351942992812,590.9943292966482,-488.2402473470543,-431.9889409870244,430.7223274533957,806.3698195362585,959.6098758061808,949.5249072392372,750.0511177216085,-579.7521280425126,-610.6361244951769,-685.7671942022996,-469.292021978167,509.50941809241897,370.466227183682,-387.2710128048548,600.6409349041725,436.3181176265652,571.220462439378,596.6659047785982,324.7191495564128,-356.8738421233172,-592.0989257774453,-662.891445432643,-517.6878080009064,-350.023386502334,-744.1460812925764,-726.4844871861686,708.9539958364885,-506.38735858412,66.67942971713987,550.8762363493166,558.9420107813118,690.7823946882429,-354.523098007926,-505.3299122867484,-245.93172453676655,-558.1844212433698,937.8424927396816,627.215884156251,-340.4927591511413,-448.4370118009404,-341.19389809805165,-475.37018232405103,-406.39375609795314,-374.1635356550381,-461.82010177282535,-527.5685636898078,547.404906938257,377.213277425734,572.3506265084743,500.5527514658775,-142.76050404016928,-592.0245115260146,-427.5655931123805,-534.6994196108676,-663.8443106598114,-622.1732569518433
-326.7240393243617,-452.8328523384577,-409.2066494211401,-388.023300529793,-714.0155179618955,565.6892718368965,851.5334103808271,1024.0901895482036,226.28969959039915,-625.0891494411827,-345.54329264815925,459.3636032338121,-27.756481521236005,-646.3112761747088,1076.448496166848,170.1758586295527,-434.4821526643639,-709.8162814658267,-218.46622370742924,347.8001805028116,-603.8828967632687,-426.5156703689111,642.0792666683402,-433.9572225368916,-426.0253085236335,380.9990131541424,784.8410807345462,953.135235367529,909.8044803236796,818.6948001870379,-555.1750236724025,-594.3681355400963,-689.1409448362663,-407.39808146278585,474.3387187644897,316.4074499140138,-398.2362588495807,652.5410143984016,515.6092422425784,643.8329469392511,549.0951052331586,282.23154993634023,-366.0366973196626,-557.0746125974459,-669.0688818492182,-528.5608591815488,-283.93139148489405,-666.3308711854016,-747.8204209302747,655.5112089350229,-518.6109192565245,146.30291272976766,617.5289311972928,521.4116820150741,628.6315036455164,-365.4529686939059,-513.1629680162409,-266.6871598800714,-558.8658532690584,885.3548264875785,577.7576379315004,-357.28416932300286,-457.7913381655823,-357.1368122907466,-495.30363675642,-426.8982576094465,-379.51171535585024,-481.2187297724425,-540.5147867270767,501.7758176764809,337.742463261372,523.0418478287098,453.6393279357644,-183.54145125109684,-578.5364779513627,-350.4105054185308,-463.7318652113015,-646.1453565552696,-572.5704796457942
-336.2404684938934,-453.24207165495017,-417.843880440512,-381.7332243112594,-740.3493936554511,630.0522160510964,804.5275645225794,1052.102190837213,308.0887355904926,-641.5961092750535,-360.9593706964498,536.3184062454247,-68.63761238420254,-593.5355014574301,1094.654626248289,127.79711471768502,-449.8545813822324,-681.9593308782096,-125.55956014857978,422.9381966474474,-546.1966997716534,-371.1577469915756,684.4206699682334,-371.4318657299109,-419.6884794260909,330.994337737436,757.957835422185,939.6439343359568,867.2304402963157,879.7936275773907,-523.0178686890658,-570.4441417880421,-686.2830290658292,-338.6836936822164,438.1278732832336,262.0304861885529,-411.320429793226,696.3664242653607,589.8036437747812,710.1194452659579,499.62558129273015,241.122482159234,-372.1127092473809,-513.332936547483,-670.52065327724,-538.8495069008519,-213.0347039184927,-579.651352965774,-764.2184092115904,601.5296478170893,-529.5644437668183,224.33641046465476,676.6818513663626,481.39914836062457,564.7068954300976,-373.1101517113716,-522.9082857295342,-288.625960227267,-553.0101397098434,830.0289859715572,527.1055807505718,-370.6304856034301,-469.49687685367337,-374.75053904918207,-516.9747873063485,-447.24222950507766,-386.7318112126001,-500.0931225278602,-550.9095969591774,451.6394720043292,298.2295903041256,472.9122440941271,405.2773026796995,-221.0951841000413,-557.412407726973,-267.11408185208074,-384.4181783891882,-620.202435847323,-513.2466596672411
-346.26169277436685,-452.8472266174205,-424.44445952737465,-376.0811146608722,-767.8750741168094,692.7260221142858,754.5441061357857,1070.0568465645051,386.5970335074068,-656.4975503950694,-372.6705577007019,606.5957884962477,-107.581414596226,-532.3215129167008,1105.3108456971397,86.95984165067077,-466.0484053672921,-646.0949319317045,-30.40261000693623,492.7165302086768,-480.1909090935556,-309.1523024996048,717.8743482526404,-301.1598645533409,-413.44567022462746,280.98390745753085,726.3463870282525,919.787910733762,822.1897579059565,932.8597675471996,-483.11400013505903,-538.5292395975678,-676.4779436734957,-263.9226537349609,401.1104590569969,207.63534810869456,-426.3262902265145,731.8436346788371,658.045108474885,769.3760388178682,448.6055873301037,201.63091427089924,-375.5429114843183,-460.79346047095777,-666.4842888954008,-548.1286285632159,-138.4255863627627,-485.1310095220293,-774.8300609523529,547.4709675221228,-538.4588294856902,299.55312255430863,727.8316712525292,439.2947067694759,499.4648732741947,-377.850527656102,-534.5663467948008,-311.7161447884084,-539.9664475716185,772.3172005652511,475.5964303081285,-380.7241090722872,-483.4773582556117,-394.1595818295871,-540.1174962952941,-467.00232358634577,-395.9476686361526,-517.562314096133,-557.9896070556414,397.9822464724691,258.8731378504805,422.3667959823997,355.805297680969,-255.16185082780103,-528.3268364300856,-178.66081528803468,-297.7141006131852,-585.665497664332,-444.5773407461017
-357.07329693269645,-452.0547319125911,-429.3118004873384,-371.6096347087032,-796.0276447172447,752.7367528668216,702.1844253357893,1078.2975611382512,460.692233239716,-668.8692343940696,-380.9019970766449,669.4378615967865,-144.3319934486598,-463.3165690069972,1108.7728587793229,47.852692233208224,-482.7627460049448,-602.0691645952784,65.50366304816767,556.2254470304532,-406.4836095578466,-241.18018360631916,742.4968381848038,-223.84078611765372,-407.7565573102507,231.22822334405836,690.6138244020555,894.241911805179,775.0338477725434,977.5771073172727,-435.461935849597,-498.4596898313087,-659.1328820975817,-184.0692274048128,363.4672305302055,153.52234489336556,-442.9476266018607,758.872593221814,719.6345427998801,821.0801085857943,396.3621622205438,163.9728086854594,-376.81649644182056,-399.58052635329744,-656.2531621982696,-555.9126799670429,-61.30634547340557,-384.0040770541044,-778.8637473281128,493.7659617757551,-544.4570107713598,370.8110581419394,770.6548422803586,395.44960749200646,433.359132738268,-380.0975044415001,-548.0490284347444,-335.8878366669654,-519.2244654188313,712.6774830584637,423.5738084700648,-387.8308575784801,-499.5696367545661,-415.430243198174,-564.358247135063,-485.6908200237618,-407.20628115993975,-532.699954888052,-560.9855901659231,341.7800304755086,219.8865361601138,371.8200994866684,305.5581312622082,-285.5305644125227,-491.1458212916529,-86.18860397485322,-204.7690734678709,-542.3623685117209,-367.1812041744418
-368.93625998014295,-451.27997448713546,-432.7765760631244,-368.8304020844322,-824.1336416122792,809.1729042253843,648.0124171270681,1077.2650533230774,529.3707976789118,-677.7561727122531,-385.94582612781096,724.2672978375537,-178.65234261017144,-387.38663046919856,1105.4290325118895,10.643619899094617,-499.621962591756,-549.9083257932705,160.64068523128287,612.7281991354004,-325.8972248602745,-168.0967091866544,758.5258766871838,-140.3654667532159,-403.0595634964667,181.97490958015075,651.3377845274227,863.6815396100735,726.0842532655463,1013.7943968241784,-380.2361271348879,-450.25927529147634,-633.8034023805823,-100.23477732137394,325.3385531255574,99.9930258788358,-460.7706861630786,777.5139157716703,774.0375225770101,864.89127669663,343.20864507061486,128.33458265318782,-376.4589181004656,-330.0334575970331,-639.2048619053628,-561.6648278190232,17.047682768705865,-277.68441912416495,-775.6120267772601,440.8148868140444,-546.699015569465,437.084086973883,804.9993941553868,350.1822105163648,366.8420568109404,-380.33097660846175,-563.1735939473407,-361.0296717692589,-490.4403940036223,651.5764523228107,371.389569279486,-392.2852704908743,-517.5207440874459,-438.56282161334207,-589.2180001210291,-502.7603921112105,-420.4704205785938,-544.5600870811634,-559.1462587230031,283.9708140081483,181.49925756947223,321.69063508333306,254.86975764218815,-312.0475395765258,-445.9418848248748,9.040458734012518,-106.89777019285002,-490.31398550027353,-281.9097828241252
-382.0788136543352,-450.93739832023226,-435.1907796563001,-368.2092978550983,-851.4192865023258,861.2134489968608,592.5539878396544,1067.4730872103496,591.770309670974,-682.2054440475256,-388.1561828200538,770.6883705062792,-210.3320438062016,-305.5958356925021,1095.6835225026334,-24.52536772119797,-516.1776711394484,-489.8302821556882,253.51781247589176,661.6704008806245,-239.44122569353263,-90.9089946468008,766.3556749551454,-51.795853627967546,-399.7572811217474,133.46031417012057,609.0597840107832,828.7647806774786,675.6391970549072,1041.5134646359309,-317.79239767356285,-394.1501746729388,-600.215576023413,-13.657738927812158,286.83794794993395,47.3496084445591,-479.278785047868,787.9712981170701,820.8849686019627,900.6452153697892,289.45195539998065,94.86709469971294,-375.0186928309233,-252.7092123818135,-614.8287519833918,-564.8089511578472,95.32825531421727,-167.72705580274993,-764.4787093897096,388.9872040174562,-544.3299724251112,497.4874252549718,830.8714124557704,303.7860961369076,300.36494198459826,-379.0746947703391,-579.6587195561752,-386.9849847629739,-453.4581450964184,589.4906844745931,319.40294240517505,-394.4834884716656,-536.9867688638228,-463.4842004119151,-614.1173459024828,-517.611858310596,-435.612597437316,-552.2053651136575,-551.7643327646667,225.43003600156547,143.95573903998962,272.39341309214893,204.0750850558072,-334.62316890895755,-393.0022076504106,105.6750157815942,-5.544751044818366,-429.74356845320455,-189.82803977589484
-396.6880348932992,-451.4295319491612,-436.9213676046972,-370.1517927084993,-877.022606068133,908.1532554454344,536.2982187557294,1049.486205864962,647.1850382370159,-681.3010032376221,-387.9421086138795,808.4811407732572,-239.1952257553135,-219.1776953030384,1079.9431082157296,-57.543260703971,-531.9128075528695,-422.249667289898,342.7157195272063,702.6818286969367,-148.28733515679343,-10.747009571762293,766.5085450773108,40.662126546049386,-398.20145883897305,85.9104557306049,564.2818554493116,790.1175569493188,623.980416717258,1060.8735689487016,-248.66745555096705,-330.5573714316864,-558.2835437964665,74.33184669346663,248.06571188251985,-4.107027587534589,-497.8602270254653,790.5704031396392,859.96745313534,928.3413195483904,235.39916996661512,63.68054278864757,-373.05310108991193,-168.37682636588573,-582.7514497719361,-564.7444103618717,172.23546976409742,-55.78390742633866,-745.0044341069478,338.62062653316167,-536.5302066669532,551.2966292375611,848.417417289526,256.53927892930574,234.37699937512787,-376.8824015794499,-597.1230175046649,-413.5480200242784,-408.3244307396607,526.9062313080755,267.9775310802023,-394.87389726157033,-557.5338351693952,-490.0411266747731,-638.3851580220577,-529.6051094030227,-452.4106808196436,-554.7369590947981,-538.2040809150727,166.94931081047991,107.5122333492284,224.3314394413122,153.51048908312356,-353.2376271649596,-332.82924336244133,202.31357276136464,97.75630507569088,-361.0789683972265,-92.18631723527696
-412.9012537349562,-453.1352038722601,-438.34358743800254,-374.98860138599656,-900.009601174875,949.4250108050628,479.6996214846165,1023.9003369430084,695.0745705110285,-674.1992464915975,-385.758477976453,837.5897927552583,-265.10833611472145,-129.49906894186182,1058.6080734495038,-88.33463743215256,-546.2479892204416,-347.7762426044016,426.9257146895838,735.5712440553758,-53.73816116132967,71.17033386828805,759.6044792724189,135.69168438975,-398.6780836364812,39.54132271393315,517.4660883547384,748.3235481052957,571.3798015042915,1072.1330349567966,-173.57207333253967,-260.105848569515,-508.1215021840079,162.35168504609126,209.1216534541545,-54.08064331872181,-515.8196172959603,785.7355879852818,891.2239538883244,948.1254949103184,181.3630164332457,34.84057269752202,-371.113000675643,-78.00340025437967,-542.7589467555277,-560.8633656334968,246.51810438899403,56.44430479864751,-716.8895679030187,290.01945025443484,-522.5464024150691,597.9595515889338,857.9039297826301,208.71363879677705,169.32305179683,-374.3230887432023,-615.0864914731819,-440.4604935445027,-355.2966557717764,464.3161174975558,217.4763641392016,-393.94580150899935,-578.6414260405026,-517.9945532608189,-661.2708533863756,-538.0732563812901,-470.54553819724737,-551.3252274700992,-517.9293080176681,109.21902693451064,72.43182905791517,177.88651092388332,103.5129426880924,-367.9446895291405,-266.13326865003006,297.5459632901814,201.42697605908745,-284.94771868783783,9.615311702105023
-430.7974153406413,-456.3972669697306,-439.83406237175205,-382.9620134623193,-919.394487283537,984.6169253750852,423.1809394360637,991.3268419079772,735.0657234759594,-660.1639596873467,-382.0951774909833,858.1063325526898,-287.98727707521664,-38.01844878731698,1032.0671629075698,-116.86353677619344,-558.5504034627318,-267.2060451722888,504.9833485425579,760.3151780863949,42.80941331954533,153.57246147717686,746.3302407901459,231.9029008431653,-401.3931610738146,-5.441444997460265,469.03657650843553,703.9182459653591,518.1054431573293,1075.6493424225548,-93.3777987764169,-183.61013939502823,-450.0493041022669,249.00865330951984,170.11612048234602,-102.28406723673312,-532.3925795886904,773.9658523490045,914.7261132221422,960.2694550616536,127.66598269544956,8.365795393121235,-369.7269848717175,17.268158715575595,-494.8141602232845,-552.57030337586,317.0111120788646,167.25779975479628,-680.0132326313039,243.45222812337897,-501.7226746592015,637.1011105683773,859.6954941930989,160.5837077801227,105.63992375268884,-371.9657215571713,-632.9753054678109,-467.4088845656516,-294.84285969540485,402.2158011483402,168.25533511583689,-392.216448871814,-599.7082618097153,-547.0154872068478,-681.9602679677661,-542.3398661360384,-489.60107437569815,-541.2401080470958,-490.53057305685456,52.81519024231494,38.97799441024207,133.40987176235842,54.417786387378655,-378.87355527062255,-193.81678117555532,389.9950884310807,303.8900150595842,-202.1646631355954,114.06876845296148
-450.3885984975069,-461.51020886322,-441.7636627383035,-394.21328364849256,-934.1638479463676,1013.4856370488036,367.136001457622,952.380286640322,766.9483109971538,-638.5991918570763,-377.46482543434894,870.2509688529135,-307.8034725480202,53.759539797580366,1000.6963629045506,-143.13637657427023,-568.1454016115227,-181.50530174781355,575.8950623608217,777.0418534941399,139.90442987152386,235.1759953193745,727.4094072349292,327.8733936406765,-406.4598253996068,-48.84344307624799,419.383217089982,657.3869348600335,464.4267969894324,1071.8587714278892,-9.097380529357682,-102.05619866900147,-384.5910812743397,332.94035606645286,131.1786741583271,-148.4445420449832,-546.763784650652,755.8113158351213,930.659224596011,965.147954570621,74.642809796422,-15.773188368083126,-369.3851614479901,116.14897057421184,-439.06884263039615,-539.3032989977683,382.6685542671197,275.00681424800626,-634.4473303707792,199.14891216425292,-473.53029989674974,668.5211051638553,854.2323428276522,112.4340378935108,43.7515994802248,-370.3637661386498,-650.1301596540233,-494.0228581396356,-227.6333737929096,341.09674320587595,120.65546172112737,-390.2167620690077,-620.0608993375556,-576.6828403723704,-699.595040562819,-541.7389469260075,-509.06704179061694,-523.88006580887,-455.7502660862664,-1.8092344038611945,7.407074393767469,91.21324731886104,6.555259390201827,-386.2285708728664,-116.95108886789733,478.35681097596375,403.6146458753323,-113.7124259605224,219.6038489809037
-471.61195723292894,-468.7080542457646,-444.4901563680501,-408.7714968534789,-943.3043382210824,1035.963869791241,311.93220715716336,907.6699369126644,790.6656225892277,-609.0785759486163,-372.3893675063208,874.3504998639037,-324.5884744327321,144.33124083957688,964.8610054306272,-167.20371691364258,-574.3308977964987,-91.78747931730712,638.8570532741514,786.0115493904657,236.08378101867856,314.7233351656888,703.5746261871332,422.1900286944437,-413.8873983947325,-90.48289156325166,368.86679010844506,609.166070711092,410.6187138873783,1061.2566017852464,78.1405489792535,-16.576006287306367,-312.46657985303256,412.8548751533684,92.4639677370533,-192.3097667211829,-558.0880738020237,731.8513814412586,939.3012542699678,963.2153203226496,22.64120004973246,-37.65324910624081,-370.5228916685812,217.24047613152985,-375.8689890799028,-520.5564083565876,442.59058803968105,378.13777787585343,-580.4645765651632,157.29764388745505,-437.5948023578866,692.1856576828056,842.0087674378337,64.56451485494955,-15.936694437749694,-370.039842254996,-665.8184489929455,-519.8752131312644,-154.52433600708855,281.43837323965363,74.99446368389687,-388.47616195414463,-638.9651644197497,-606.4838001990138,-713.2952636461762,-535.6371323301187,-528.3449546619192,-498.79836477139935,-413.5040766894351,-54.32834177776824,-22.03980086426522,51.56072361469503,-39.75399870202137,-390.2868366473673,-36.74587086864027,561.436001376118,499.1591237146052,-20.71539725100072,324.63605487376776
-494.32241357355,-478.1529680057792,-448.35060049017375,-426.5443522507633,-945.8333557397492,1052.1625201650388,257.9123090938172,857.7947395796933,806.3006594441085,-571.3696729116158,-367.3859112329332,870.8159675918768,-338.4367761622656,232.24037290408896,924.9204911223144,-189.16071031341573,-576.3945578952361,0.7157536153560377,693.2659876921637,787.5947437544567,329.9139203818489,391.0191721602234,675.543114746302,513.4897152800193,-423.5729703551703,-130.19244172498895,317.8247622060118,559.6473734719197,356.9641526573079,1044.3787061481082,167.12162826418972,71.58421709605415,-234.5752361529072,487.5669135884932,54.1545986183016,-233.654386966046,-565.5143166090533,702.6755318894872,941.00121431566,954.9824989575508,-27.97936457733494,-57.39674432873952,-373.5049051078621,319.0756707839309,-305.7531662416141,-495.9024397417498,496.043516206636,475.23456284163376,-518.5397640966198,118.04142200209124,-393.7190938297856,708.2131599248694,823.5531082329916,17.293161550949776,-73.04524309312252,-371.470812890409,-679.2502379012152,-544.4837189303797,-76.53369856689821,223.69885935725503,31.55818580667932,-387.5068800037326,-655.6404618424328,-635.8172181103024,-722.185002593935,-523.4573107253804,-546.7573629253587,-465.7254133982797,-363.8973805307335,-104.54263114435172,-49.1449504274004,14.661870698124057,-84.20419443484968,-391.3937526121045,45.48709010407269,638.1770093445002,589.2086539157683,75.59169619950686,427.61403738204575
-518.2864869820839,-489.92495089069257,-453.6534273513927,-447.31133506143135,-940.8318743571058,1062.366960741644,205.39524805063928,803.3413470496597,814.0592721151072,-525.452048909746,-362.9521751819652,860.1207268802467,-349.5065810465381,316.1214788012947,881.234778407449,-209.14613051411428,-573.6336147024349,94.68849616333534,738.7216420730225,782.2493104716707,420.0304702675998,462.96332038613787,643.9961742910325,600.4973911769289,-435.2960087330451,-167.82130168414872,266.5772949587442,509.183860714207,303.7554243361401,1021.7851925264488,256.57952600729715,161.10085988892564,-151.97338800394985,556.0287835838051,16.460905161936395,-272.28666356404585,-568.2114845755417,668.8674559374003,936.158135116018,940.9956316109748,-76.85073180554437,-75.16821801513188,-378.61028198349,420.1634234275694,-229.44352663895344,-465.0152223566752,542.4723404963701,565.053122642498,-449.3437689432623,81.4749151911151,-341.90142676529115,716.8558251489076,799.4100976392622,-29.043821324287325,-127.22711841049686,-375.0736107338123,-689.5979207333797,-567.3151528713722,5.189174382308923,168.305185735393,-9.407611249147376,-387.78816481377584,-669.2769198140287,-664.000444687096,-725.4201047147452,-504.7027739433118,-563.56062780737,-424.585983825715,-307.2351895518847,-152.3737498213696,-73.72211883528693,-19.33358090941101,-126.51004882131514,-389.956612685498,128.37442638188745,707.6872431249571,672.6070910807761,173.89921903471983,527.0643423861098
-543.1776981539673,-504.0129913971436,-460.6701917275272,-470.71975961823017,-927.478418908702,1067.0274743076468,154.67589080280334,744.8845834272753,814.2513634452902,-471.5280090684707,-359.55193274709524,842.7799258639045,-358.0183682746463,394.7383638485263,834.1717023530699,-227.33992357213967,-565.3769623598608,188.7680286926184,775.0219620677913,770.4979196272902,505.1740224494295,529.5785200159304,609.5632152978461,682.0594994237778,-448.7164172710561,-203.23756905452612,215.4329833791014,458.0970326810468,251.29386522650168,994.0465518520672,345.2318195130681,250.61314066466176,-65.84539273077729,617.3550286555661,-20.382137813707097,-308.05502376896214,-565.3962626998398,630.9929315422797,925.2017465611124,921.8169212137442,-123.6010820024002,-91.16995840158944,-386.0188540786682,519.0337889144329,-147.82965165080793,-427.6903708114064,581.5056882250112,646.5482482925256,-373.73016078591263,47.64171366834137,-282.3470497896597,718.4780951243007,770.1261044843559,-74.09481783946273,-178.17559981815748,-381.1920898454944,-696.0192564953785,-587.7917823533257,89.39883368687279,115.64310663448728,-47.70460233717579,-389.7507855776061,-679.0552132212601,-690.2799259553524,-722.2175272072806,-478.98082644440814,-577.9611921533335,-375.5102384354545,-244.024578416474,-197.8548185763125,-95.62386126860844,-50.33930441855844,-166.41254599215392,-386.43639441721217,210.52407526131736,769.2530321229144,748.3812609865014,272.86038391595275,621.6313338089112
-568.5740268917027,-520.3080062578144,-469.62699258509184,-496.2841639936854,-905.0829610316196,1066.7438867978187,106.0236144318944,682.9896405792799,807.2712735438772,-410.0251988957772,-357.600827017956,819.3322116223242,-364.2512067988779,467.0158075243097,784.1141741865132,-243.9592775989932,-551.0089753948615,281.5839531644018,802.1513835685261,752.9066069875582,584.2207113906505,590.0321994827776,572.810511619617,757.1715615912411,-463.3763754188125,-236.3306513839602,164.69390043534824,406.68446117793866,199.88788916269405,961.7325614699448,431.8163613130341,338.7647505566507,22.53022713067546,670.8398720907055,-56.12061595121494,-340.8541802646808,-556.3613670108831,589.5916181893931,908.5757752795662,898.0083001872329,-167.86171322463056,-105.63662063522882,-395.7996072161127,614.282114915382,-61.94575895942654,-383.863467053474,612.9533841594869,718.8916301319819,-292.7146824082405,16.532321868183224,-215.4726562436014,713.5332149552077,736.237619926414,-117.49820023430816,-225.63133293117397,-390.0851752323142,-697.6832696894621,-605.3004535476547,174.7922332213958,66.04757280037582,-83.18795598743162,-393.7622276745649,-684.1687722750702,-713.8457206425876,-711.8852228583331,-446.02471567436766,-589.1351624643266,-318.83772169015344,-174.9689087662249,-241.11663886293195,-114.74808286571071,-78.33408606300891,-203.68443265343996,-381.33791942761167,290.5684734518665,822.3474770820105,815.7572158076622,371.1295354281294,710.110514880512
-593.957927518184,-538.5978726047799,-480.69564928505343,-523.3895051433749,-873.1193488174168,1062.244662500061,59.679776484399696,618.2152370507541,793.5783630727906,-341.59063631730726,-357.4529257679703,790.3242633860661,-368.5368796247875,532.0632820005742,731.4663725276475,-259.2532602388945,-529.9942812226421,371.7972322601247,820.2635356761114,730.0652599001007,656.2064930390385,643.6515554793752,534.2346461864722,824.998839196592,-478.7061853290805,-267.013655213844,114.65957929102218,355.22712071566843,149.8494335708528,925.4039938468557,515.1264756226313,424.2448581717421,111.81819601162036,715.9671169188128,-90.48953243124222,-370.6304911792431,-540.5035966577149,545.1726471692234,886.7245119880512,870.1181663211013,-209.2754141529004,-118.82914042043072,-407.90166848948775,704.6097846156811,27.05781314485896,-333.6245593648307,636.7972908086583,781.4808899186531,-207.44828341834037,-11.916818763070196,-141.90299066801998,702.5392702123239,698.2631162460924,-158.89003406051282,-269.3888217099119,-401.9165633624112,-693.7983025266703,-619.2043545513762,260.04847139101,19.794209535582425,-115.77073776137068,-400.1129626923573,-683.847923528299,-733.8499121670253,-693.8514505355986,-405.71272436294,-596.2508281067791,-255.11378837843512,-100.95368330294184,-282.37020328860814,-131.04355421992992,-103.36169180698862,-238.13517129015648,-375.1985819794051,367.2059487640375,866.6305065165,874.1682087874603,467.3991690302356,791.4739322875174
-618.7194007132891,-558.5648305438045,-493.9847962553073,-551.2985356639848,-831.2547642007994,1054.3609633006463,15.854203531409404,551.1169762053411,773.6786669426774,-267.07613912675845,-359.38837388914993,756.2985239102172,-371.2519889433831,589.1899298544337,676.6581649901353,-273.4961242646678,-501.90250996062827,458.1373201462609,829.6596366168952,702.5705355686163,720.3444539682766,689.9316906716322,494.26038455223545,884.8895149525654,-494.0342400457087,-295.2256330029686,65.62963030476189,303.9959124842724,101.48888790761404,885.606987844197,594.0434119131983,505.8264681598898,200.6658288957228,752.4125526632665,-123.22230266726532,-397.3862367290287,-517.3505319683952,498.21366115023153,860.0830143172262,838.6712507225167,-247.50614368096265,-131.0281713077226,-422.1484303817401,788.8596299221754,117.9475983388382,-277.22792675885705,653.1763283419248,833.9397174833783,-119.18480223474889,-37.82302687431409,-62.45932121180047,686.0558894278107,656.6982029708416,-197.9136064672676,-309.3018867421105,-416.7462059888669,-683.6412965233923,-628.8574145836972,343.8678738568372,-22.907633872765985,-145.4263895065639,-409.0041585337665,-677.3853378055916,-749.4286788796455,-667.6922418928232,-358.08331274661384,-598.4935509308351,-185.0783244848445,-23.024411558069808,-321.88605168056966,-144.51428958755264,-125.5289960124612,-269.615098843873,-368.5758625941631,439.23832082843217,901.9418171862446,923.2546228056434,560.4340326551822,864.8868931546725
-642.1625777182339,-579.7855155179626,-509.5311476632321,-579.1636347287343,-779.3746520819442,1043.9964424246011,-25.27908227490404,482.2502005628829,748.1083139339429,-187.515545482852,-363.6024828278401,717.7842627472065,-372.80830662246245,637.9105998697592,620.147183075152,-286.9794278523552,-466.4318740931105,539.4357224776261,830.763995529388,671.0115084345153,776.0348737183912,728.5369160655587,453.2425278482063,936.3802812315896,-508.6011001690375,-320.9335927944488,17.904767315047255,253.25695511634748,55.10867517185892,842.8697666975833,667.5646643985704,582.4003236953553,287.7425637144789,780.0393205898692,-154.0613069994799,-421.1825042775825,-486.584706282623,449.162756619762,829.0710082997175,804.1615174714099,-282.2496477958407,-142.52726988216148,-438.2353036807023,866.0443845752617,209.4429596376177,-215.0961860992564,662.3668023446007,876.1096848975371,-29.244744846108443,-61.35561344774431,21.860112019711668,664.6626624031501,612.0138122804889,-234.23020231540792,-345.28778851332663,-434.5237934403111,-666.5871897450799,-633.6211783123963,425.0086294752672,-61.91984105556132,-172.18912536668392,-420.5371765777314,-664.1619861853632,-759.7275594853463,-633.1556745155281,-303.3453141985962,-595.0922793257621,-109.6470416032051,57.642605685348656,-359.9711294378366,-155.2227196716372,-145.00254180103832,-298.0186067285936,-362.0338613046139,505.6029933500529,928.2877480316264,962.8564817027084,649.1009037401535,929.715796101926
-663.5161835545827,-601.7338620388219,-527.2912638022055,-606.0432185168411,-717.6016057386393,1032.093818698921,-63.58660321871007,412.1717485072084,717.419212748997,-104.09456506463523,-370.1965723825389,675.2918820307063,-373.6417062778776,677.9432700875963,562.4181976246218,-300.0031531993662,-423.4303156935711,614.6545743771788,824.0980473585761,635.9581547185834,822.8681395163344,759.295660499222,411.47115634201,979.1946542303336,-521.5775285517319,-344.1341958006378,-28.213891783544,203.2753424118085,10.9957433524557,797.7012459426355,734.827023503998,653.0028642404873,371.7779275993999,798.8870270461805,-182.76889639772597,-442.1404043882806,-448.0640437989808,398.44263487875895,794.0902631203287,767.0478645109906,-313.2445617570822,-153.62602844805107,-455.73150379591567,935.3669965460108,300.2533264928981,-147.8180329635601,664.7593112848039,908.0346959673052,61.02313232930626,-82.7325511658252,109.90711905354996,638.9401248808133,564.6569778642399,-267.5305003186424,-377.3298019797151,-455.0844459467448,-642.1371607334207,-632.8838511905255,502.319424149756,-97.17819794473048,-196.1522092539005,-434.7051845352448,-643.6726438483197,-763.9292180561447,-590.1815932810705,-241.88236722572904,-585.3467854999549,-29.886048141851905,139.77521743893635,-396.94390800291046,-163.29161570303873,-162.00373539382502,-323.28623633268603,-356.12910096611466,565.3982152731373,945.8234004043234,992.9994948670716,732.3929536308236,985.527423382477
-681.9481062270435,-623.7870980005295,-547.1342147955957,-630.9226769381926,-646.3068405945854,1019.5995290320598,-98.98027764913496,341.4401640704264,682.1673056688908,-18.114518686826774,-379.1708519387302,629.3101822789265,-374.20005550990896,709.1986601552048,503.97968411012,-312.86603373122364,-372.9129221713816,682.9091589472664,810.2542813365845,597.9526324721908,860.6209451186223,782.1897209412683,369.179578659313,1013.2347047252003,-532.0861865433473,-364.8550891923401,-72.42728276162208,154.31719364870332,-30.586692266787157,750.5909805035193,795.1235377851408,716.8371542271952,451.5962755810284,809.1556558841514,-209.13824881588016,-460.44038812594334,-401.8373832110716,346.45617549712983,755.5249657540568,727.7522944940171,-340.28347732476146,-164.62331554152254,-474.0861617269328,996.2321459471708,389.1149670724669,-76.139202900757,660.8335762197684,929.9393408464985,150.2805984312892,-102.21558000645918,200.4170413798805,609.4539272252631,515.053638124478,-297.54595142973966,-405.4781260740229,-478.1468224078244,-609.9443536061082,-626.0810486543487,574.7668343937088,-128.6926322652416,-217.46420688828013,-451.38719656849975,-615.5498467348401,-761.2827891412207,-538.9155028096968,-174.25100326963104,-568.6546017311375,53.01922091001742,222.0443927566236,-433.10861832629786,-168.90473004057498,-176.80287942116536,-345.4056708146537,-351.3958655044626,617.90066444004,954.8314641240884,1013.875822922829,809.4479749328888,1032.0805183174043
-696.5841103686881,-645.2350145766766,-568.8355807408509,-652.7395835801757,-566.113148427346,1007.427952650692,-131.42198958033956,270.61407573943626,642.9034982797327,69.04840601867956,-390.4195979545113,580.306152554429,-374.93045621693807,731.7632181096334,445.35770078913134,-325.8553179654392,-315.07436990733646,743.483677497711,789.8712862790239,557.5032051920015,889.2464814803707,797.3388232790363,326.5542465166038,1038.567187053024,-539.2265443965638,-383.1558420442127,-114.4425334197324,106.64994352269908,-69.40774140539628,702.0098630752777,847.9139113416103,773.2861437379823,526.1468345559263,811.1855049454143,-233.00350008458128,-476.31950330533175,-348.15401005135084,293.5926128434465,713.7444361625093,686.6601522287215,-363.2234101905196,-175.8107359211106,-492.63891273511945,1048.2488726138324,474.8256130440831,-0.9466051846484602,651.1325348024044,942.2026514989278,237.2372592561342,-120.10384087944094,292.04724983275645,576.7425540991699,463.6128042882222,-324.0595293697179,-429.8491047306324,-503.3138592917098,-569.835700460386,-612.7176083303735,641.4566156025784,-156.5450435432697,-236.32342545128827,-470.3448343095588,-579.5851142669945,-751.1336859399307,-479.7155369558111,-101.17209641100648,-544.5365473896867,137.79932979303584,303.10530672456423,-468.72952828678353,-172.30611707929268,-189.7122331416535,-364.411687518996,-348.33135236031893,662.5750141876347,955.699241020827,1025.8209012014463,879.5601273956797,1069.3108516575403
-706.5305049193739,-665.2926427678055,-592.073251007526,-670.4127141947571,-477.8885883088599,996.4268139853226,-160.92746792725404,200.2486317891505,600.1671954815499,155.9864711656884,-403.7288512352752,528.7267411961659,-376.2661988194282,745.8769398811841,387.0874040430441,-339.2362105574587,-250.29531684195243,795.8399953363635,763.6109413924761,515.0805825851892,908.8595416099456,804.9816345352674,283.74587624744095,1055.4052452366725,-542.1024065404789,-399.12846746090673,-153.97859462613854,60.54093049017382,-105.27729847513548,652.4110083645159,892.8282213383025,821.9180723905619,594.5278664433672,805.4344545606458,-254.2486211489197,-490.0665143204615,-287.4663076983974,240.23351986563185,669.1074131520359,644.121984044818,-381.995089450706,-187.46637057892988,-510.63495594873547,1091.2247587891425,556.2754287015509,76.75400634954362,636.2369747433344,945.3288862787298,320.6847269198484,-136.72620444039606,383.4188591600383,541.3087111445959,410.7313931934885,-346.91530113037686,-450.6228128840388,-530.0763479628469,-521.8285316058744,-592.3896559633429,701.6484161931587,-180.8849021162807,-252.97085246223685,-491.22207870077983,-535.7462214061935,-732.9526013305821,-413.1516992531192,-23.515710478768035,-512.6597009145908,223.1388241451536,381.6385383914787,-504.0062637236753,-173.79809186212947,-201.0782634528194,-380.3852020411642,-347.3809341805937,699.0756311497021,948.895285169226,1029.2877204650083,942.1852260825664,1097.311247650902
-710.9003203131767,-683.11638587747,-616.4254907067667,-682.8741943345431,-382.7306182952024,987.345384619562,-187.5690777500768,130.8900437379416,554.4822170143437,241.3042014395288,-418.77681779532855,475.0020030962843,-378.613751058961,751.9076359791395,329.7026769377242,-353.24124234696194,-179.1419264250701,839.6194917739978,732.1385445616739,471.1164070983044,919.7176139170364,805.4544671461338,240.88103300751447,1064.086976781938,-539.8513039102183,-412.89751859385433,-190.7730751408164,16.25443666722164,-138.053880811233,602.230334529516,929.6641922529288,862.4842552594163,656.0041114603197,792.4538717324604,-272.8145842737744,-502.01491087795847,-220.4249099952453,186.7578782398426,621.9671108616382,600.4565660088319,-396.61051306823566,-199.8488106235143,-527.244402134712,1125.1525923846143,632.4730834657021,155.86603455615258,616.741856689755,939.9170084699124,399.5262265542953,-152.43251287138403,473.1596207737772,503.61426273265806,356.7990367882189,-366.0263450091417,-468.039117634672,-557.8195371948126,-466.1408390960327,-564.8059715944727,754.7638342573617,-201.92293176695367,-267.6819736688088,-513.5482468501899,-484.1893532738713,-706.3623380812166,-339.99694925390696,57.72026153551536,-472.85668741093457,307.71515425159583,456.3894118107187,-539.0512246193111,-173.73777484349927,-211.2732306698192,-393.4515745825767,-348.9238429384541,727.2409802708731,934.9469184692648,1024.8199480169203,996.939926076926,1116.3081929643488
-708.8422901858062,-697.8235409523073,-641.3717285363717,-689.1038873259051,-281.9408750109244,980.8070112333022,-211.4771623950052,63.068434260101895,506.3547372427888,323.6605935296999,-435.1371085807514,419.5490076051413,-382.3400478073676,750.323302473126,273.724442125359,-368.0598359932545,-102.35805134174664,874.6385096951371,696.1064087808771,426.0035898814248,922.199126784912,799.1689413234853,198.07347815672796,1065.0521469542905,-531.6748644558478,-424.6197376036772,-224.5899077128684,-25.95259744781065,-167.6513708950611,551.8864717452811,958.378588105212,894.909875305179,710.0170592735976,772.8643719057789,-288.70445560235146,-512.5339354295471,-147.86609058061885,133.54563240707486,572.6762919088485,555.9546725019753,-407.1682705540446,-213.19146234881123,-541.5855410918368,1150.1908190950849,702.5660215913009,235.23452264366813,593.2353032492244,926.6304665204962,472.8005491184408,-167.5839781324181,559.9458635933153,464.0784099464781,302.20224419202503,-381.3806379639512,-482.39236383704224,-585.8329043245832,-403.1943326749771,-529.8076009545055,800.3880808273633,-219.9232908549345,-280.75788327107057,-536.7443748490089,-425.2651201774373,-671.1610823131949,-261.2101555496242,141.43690385936404,-425.14022969292927,390.2368081424628,526.2036657970901,-573.8701715020369,-172.53216115886443,-220.68624443312436,-403.77835780152793,-353.25960982042227,747.0816542662403,914.4196538739088,1013.0251870838832,1043.5954317279554,1126.6366941169722
-699.5716852375921,-708.5149897179281,-666.2964832959617,-688.1649384912946,-176.99133579420842,977.2872978406364,-232.8396370255069,-2.7106966173103437,456.27280111750525,401.8077426359214,-452.2848975246258,362.775924408697,-387.7603003280423,741.6641922897686,219.6482708957872,-383.8283543695426,-20.850013496360656,900.8782029512612,656.1411920862528,380.09818466396257,916.780033462905,786.5898247212863,155.4346502640441,1058.8182829549398,-516.8691434025653,-434.4832168328607,-255.227412687744,-65.83591681794177,-194.04423614553895,501.77977021152975,979.073561599816,919.2787350672618,756.1879933803351,747.3325145739818,-301.9861672303008,-522.0178568419265,-70.79153847640771,80.9792785308977,521.591711431112,510.8832091319076,-413.8562217485845,-227.6970784936329,-552.7514709768575,1166.639354719245,765.8543965028033,313.6816023704507,566.2810206653336,906.1687407282888,539.6996343324596,-182.5429860683738,642.541418076412,423.0786521218065,247.32739958579413,-393.0446376579824,-494.0248578621776,-613.3231733192212,-333.60978490906786,-487.38461309820536,838.2658062701772,-235.1947231569698,-292.5160983378603,-560.1331138674516,-359.5176563739752,-627.3407904914934,-177.91140694956246,226.4654241292934,-369.7120517864904,469.4790073606239,590.0578999934019,-608.347036626167,-170.6316442339947,-229.71392908705425,-411.57264429319576,-360.5956143596499,758.7631894639427,887.8992916921144,994.5495319107152,1082.0665653383649,1128.7149901676282
-682.4018309990536,-714.3006562233115,-690.4967815062703,-679.2392198729962,-69.48311627182395,977.0989769787408,-251.8996171141669,-65.97598621918222,404.7069165060837,474.6241611178698,-469.6060187351454,305.08577495947026,-395.1265130344464,726.5160321202534,167.93189545123823,-400.6209423830616,64.33563947855586,918.4698001837088,612.8349781000537,333.72247575479764,904.0098958429232,768.2141564577518,113.08273931377155,1045.957256747348,-494.8537834899324,-442.7060070884388,-282.5262899576598,-103.17006784837896,-217.27087612839608,452.29032705411663,991.9790115640008,935.8131779473918,794.3141337375827,716.5493157658725,-312.7928509311603,-530.8738012854742,9.658880305610994,29.443220161407897,469.07743532926776,465.489402475272,-416.95122983699633,-243.53246436805557,-559.8393466918421,1174.9124645893692,821.7985179064759,390.0431680208111,536.4046839519857,879.2419053584338,599.5794573683607,-197.6625485491501,719.8316738512028,380.9539820924247,192.562216840646,-401.164393240342,-503.3193334047001,-639.4305714866471,-258.19457634778985,-437.6889285723902,868.2918764255129,-248.08115973461915,-303.28145679638084,-582.9521534350414,-287.6763649647819,-575.0994976509007,-91.35062716629136,311.60124357861935,-306.965428881084,544.3154968606588,647.0835957931637,-642.2339344526836,-168.52192232243098,-238.75084949785764,-417.0781261175354,-371.0361131652812,762.5849795408152,855.9771709162832,970.0543964379948,1112.3971687570763,1123.0205766852855
-656.7749737128289,-714.3271266809644,-713.1933221831958,-661.6612821961861,38.90037381757451,980.3841344595036,-268.950962101389,-126.30024710497068,352.11121432853747,541.1414327774247,-486.4089656234752,246.8794307456014,-404.6168882223624,705.4856089275055,118.98319390808906,-418.4414922681925,152.04057157933124,927.6764321754612,566.7399096785371,287.16894548578534,884.4885448663013,744.5525952397583,71.14991677116731,1027.073306664915,-465.19879434166535,-449.5340848560339,-306.377063294907,-137.7549972338047,-237.4348459573349,403.7750876032385,997.4321337456844,944.850565378997,824.3585395390113,681.2112391188459,-321.32074659115483,-539.5085167847527,92.24032466501195,-20.679178097797998,415.5067027369948,420.0048081153325,-416.8157672347603,-260.8233163365447,-561.981333400458,1175.5104291920984,870.0200174892019,463.20494566342006,504.084566658711,846.5491832091845,651.9642682791098,-213.27563105087,790.8512661608296,338.0097214797631,138.29542461129995,-405.9641276984996,-510.6905775578612,-663.2482082776716,-177.92278691562086,-381.0422359273457,890.4980513546604,-258.95221891952787,-313.37742315992364,-604.3710761084905,-210.6402810710949,-514.8465721367351,-2.870840962361492,395.6394263300838,-237.48094274504044,613.745221281844,696.5839256487484,-675.1471952365245,-166.7142306426611,-248.17985926065677,-420.5719165848755,-384.573129086579,758.9566591990786,819.2387776874712,940.1963899833366,1134.7428869282514,1110.0687649079412
-622.2910541203939,-707.8066234977099,-733.5455150299274,-634.9493303830678,146.4438147564452,987.114032801185,-284.331713767256,-183.31054022812347,298.92469929369315,600.5632942195684,-501.9396974340721,188.5575410981421,-416.3263140266815,679.1796813901691,73.14916009888508,-437.2170704596186,241.0280422993733,928.8727091496332,518.366006550825,240.70477916893128,858.8442701194635,716.1137211215822,29.787398224018325,1002.783267463232,-427.6477064056733,-455.23857081264674,-326.7265242032688,-169.42285166975657,-254.70382043847093,356.5641903190119,995.8553993462584,946.8177843413896,846.4347092275996,642.0040990049212,-327.82481861493034,-548.3144939195092,175.64068436351474,-69.01070063276175,361.2621672979826,374.6489546497432,-413.8913364869522,-279.6491712336388,-558.3762073667081,1168.9916156366455,910.2972499534856,532.1361680546846,469.7464441409541,808.7621593611116,696.5445684787949,-229.68456482953275,854.8043276813445,294.52340060195405,84.91461088638712,-407.7423377060584,-516.5763746710837,-683.8443307422924,-93.90860181888556,-317.9381761242313,905.0366227524306,-268.19397752928614,-323.1180575741364,-623.5114266246042,-129.45546940448574,-447.2002352266898,86.1322359410093,477.4097357000861,-162.01531872151023,676.9130031471113,738.0430126434484,-706.5700189651948,-165.73387804467993,-258.36253634580646,-422.3611162491785,-401.07958367912494,748.3733104872018,778.2556540941523,905.6107937365588,1149.3524037266227,1090.394699347412
-578.7329189897368,-694.0463380910414,-750.670355447075,-598.8317117309133,251.45154994922348,997.0963427199072,-298.41550077621724,-236.69778670051213,245.57217765771907,652.2767206900994,-515.3990989296329,130.5211704503355,-430.2581625690472,648.1878795471156,30.7063033675338,-456.7931364089412,330.0196461962488,922.5231985240875,468.1816734281986,194.57656598174623,827.7143282688012,683.3917810182462,-10.831862018758514,973.6995867070444,-382.1358862302489,-460.11207760920814,-343.5827741592267,-198.0447068822953,-269.3062875090833,310.95680942090047,987.734164005145,942.2052599049068,860.787016716776,599.5900929079462,-332.61231128721846,-557.6558906810014,258.52100779315066,-115.1872175720158,306.7345003586703,329.6324792749564,-408.688771097895,-300.03847512174946,-548.3204423291736,1155.9463804393863,942.5556953111776,595.9192282116501,433.762556030561,766.5129897939263,733.1694867417748,-247.15073461145172,911.0767390238118,250.75111807554157,32.80230410722919,-406.8655484503112,-521.4278955033624,-700.2870656661124,-7.374180414837093,-249.03820080291877,912.1621080819912,-276.20027938824654,-332.80082768109577,-639.46965126547,-45.28630645296284,-372.97702313563866,174.25239001137822,555.809615202142,-81.48357554574676,733.1236987243208,771.1277491209239,-735.8620473233543,-166.10712771723576,-269.6298624072572,-422.77904087208617,-420.3050478240225,731.3907588227415,733.5803279860925,866.8989644190586,1156.5481749889104,1064.5394062416542
-526.086551029577,-672.476972868435,-763.6649081069503,-553.2674593692185,352.2979042526237,1009.989175489734,-311.6010597245104,-286.2254290315978,192.46453290376084,695.8550789259243,-525.9628727015214,73.1710136671803,-446.3176648510217,613.0699620341126,-8.147146788926692,-476.9308587145561,417.7335865203171,909.1608618952444,416.6163291148065,149.0148656792224,791.7283689958964,646.8581147611709,-50.512917824947785,940.4165083891124,-328.80290830329994,-464.4640599880522,-357.0185407706963,-223.53696101779147,-281.5260806397467,267.2168025411986,973.5950090706368,931.5418649593624,867.7682472194398,554.5979888337673,-336.03454142808715,-567.8547133968071,339.5566718510643,-158.8659407499212,252.31946314301555,285.15963340083533,-401.77560332004094,-321.9638160077892,-531.2375639700953,1136.9739621793358,966.8543083088886,653.7739515360404,396.45419322767816,720.3876055418149,761.8344319763505,-265.88471822358105,959.2403200315804,206.93386698161336,-17.66949975544157,-403.7599360239756,-525.6996308766894,-711.6711062742361,80.3865486764778,-175.16079808453847,912.212082875484,-283.3647171358096,-342.7003603610703,-651.3424346925458,40.61812033442492,-293.17327823131035,260.11489868097254,629.8335230074259,3.064909890009804,781.8496759716658,795.6826933204211,-762.2757961305734,-168.3465436314625,-282.27328030758923,-422.1809766882,-441.8744651511773,708.6020903009342,685.7438114181712,824.6197647153783,1156.707635643634,1033.0400698895205
-464.5550300426551,-642.6792370759634,-771.6319594186278,-498.4595824921027,447.4738783597656,1025.320944708165,-324.3000893549127,-331.7366733646168,139.99811427857205,731.0538601221498,-532.8035660300759,16.905139886147815,-464.3071659550129,574.3475226940731,-43.29692894721939,-497.3067923379322,502.9225661682123,889.3663800224347,364.0645572464874,104.23833536261183,751.4951701996517,606.9562480109768,-89.04096729404151,903.4996072687744,-267.9980669139682,-468.6150523902071,-367.1725391753496,-245.86712563762072,-291.69496776441974,225.5684936717325,953.9857643579554,915.37196303116,867.8155445145775,507.61633384069177,-338.4772622373474,-579.1776880607781,417.4772673112871,-199.73436998937785,198.4136499359408,241.4300529430645,-393.7608079823159,-345.3374076445801,-506.7045509577351,1112.6632102975127,983.3688697335548,705.0754766248041,358.0972927053258,670.9235911799831,782.6650525860824,-286.0370479865043,999.0493842578486,163.30337794888635,-66.14604689763617,-398.9010857146063,-529.8389547038468,-717.1456508712181,168.04647492474274,-97.26412235057234,905.5881598061728,-290.07328586776805,-353.06314142884844,-658.2538367333149,126.96096533216364,-208.9391938674219,342.4163715454968,698.5972912020433,90.47546464838534,822.7318095945601,811.7189060756789,-784.9795167676344,-172.9350225589712,-296.53623259011806,-420.9392931386239,-465.2901680909249,680.6163515476289,635.2551003111737,779.2849046424658,1150.2457489082174,996.424366249428
-394.5651485557588,-604.4069977182793,-773.708180363092,-434.8600466824924,535.6280871917178,1042.5148015493655,-336.9237136504416,-373.1598761877676,88.55309902528332,757.7998917932326,-535.1143404500997,-37.88470644815216,-483.9235895272628,532.4999900677849,-74.71610543989453,-517.5151249294761,584.4094244638769,863.7491382994051,310.8911883655439,60.45714794819588,707.5928638982584,564.1004079796775,-126.1857070931288,863.4786655528454,-200.27837321779728,-472.8897146483623,-374.24875648186463,-265.0587389879078,-300.1836015752411,186.1929176781661,929.4579755451674,894.2356022731078,861.4260583845157,459.1894244098461,-340.34994094990225,-591.8242203936236,491.10328267396216,-237.5192447278471,145.40916935761064,198.6397053031604,-385.27734975410334,-370.00696148202496,-474.4741088011209,1083.5776685933215,992.3734345567048,749.3651424921073,318.9302942549935,618.612127617137,795.8986245958238,-307.6897680118845,1030.430495834387,120.08709876380388,-112.29737777795364,-392.8021910358387,-534.2754085662299,-715.9427607094598,254.28446189360292,-16.42244742978953,892.7379974835874,-296.6975840290354,-364.103079353258,-659.3835134966349,212.43620214332765,-121.54637602771156,419.9606762801546,761.3565138779454,179.52104424268285,855.5744992736213,819.3978458070925,-803.085709175319,-180.3088383069517,-312.60624882359974,-419.43772990502254,-489.9374553574858,648.0401987959212,582.6020540857384,731.357884666469,1137.5996183960433,955.2083582443316
-316.7658898086703,-557.6058168902529,-769.0939289079513,-363.1657390717005,615.6001907816307,1060.9162024057862,-349.8678879074024,-410.5116811597864,38.49078302719357,776.1752231966109,-532.1339786336405,-90.81814172039071,-504.7584491403608,487.964551602023,-102.46594349254494,-537.07263465992,661.1188243305082,832.9304700814192,257.4367613436357,17.87548413579765,660.5626319474394,518.6770229155486,-161.70762756943458,820.8437049463429,-126.39870634974378,-477.6086657789282,-378.5136424421989,-281.19511935442875,-307.3911980387404,149.22482567744734,900.5523744489277,868.6526140433565,849.1334927576622,409.8156875290427,-342.0742827305152,-605.9157956363717,559.3779214328758,-271.9948313585993,93.6875675939063,156.98094655566072,-376.96306468374496,-395.7521405695264,-434.4917419760176,1050.2452163279154,994.2209493143266,786.3542118959297,279.1634458550278,563.9031572997501,801.8640222202172,-330.8489759765916,1053.4665941923363,77.51200319328164,-155.82628334614466,-386.001018519398,-539.4098282600979,-707.4051822454699,337.8232505421003,66.20274089729212,874.1390516012582,-303.5883509621194,-375.9977639617917,-653.9951961497974,295.76701325209393,-32.350292644759776,491.68946425566384,817.518362253089,268.9375304173826,880.335473031909,819.0116013045582,-815.6842255337115,-190.8401320227106,-330.6076229454178,-418.0646871853248,-515.0939317254059,611.4630513670078,528.253039781152,681.2560693354552,1119.2157054441986,909.897207202199
-232.01833155710017,-502.4257176284973,-757.0836306855805,-284.30514682670326,686.445557816547,1079.8220908386147,-363.4981437431081,-443.8975646969556,-9.850155937280933,786.3970698289295,-523.1724909055163,-141.53233444828228,-526.300734800684,441.1394626092584,-126.69426893804015,-555.4264311180489,732.1035831680468,797.5295674832445,204.02287067836428,-23.307059045398447,610.9056670304955,471.0486171133873,-195.365880089731,776.0438305293106,-47.29415960294925,-483.07916342432486,-380.2912810507668,-294.42168307889267,-313.7343446924607,114.75070459905146,867.7876967113227,839.1110743523931,831.4866102045044,359.9480594027162,-344.07231123277813,-621.4871202265373,621.3927512561103,-302.9899575431912,43.61330915403888,116.6416468433391,-369.440481236506,-422.28184818159,-386.9066999260921,1013.1521868969852,989.3240344023272,815.9206805483528,238.9887381291373,507.21277825295385,800.961393053494,-355.43855798502307,1068.3768706939857,35.80699890917128,-196.47621514108732,-379.0459716346935,-545.603473830927,-691.012581392341,417.4643923320809,149.39582378856048,850.2845813215337,-311.0690971472798,-388.8851876361156,-641.4644967644595,375.7422073574295,57.25067922377031,556.7061683561668,866.6466470353712,357.4597925105072,897.1113282744342,810.9608092401429,-821.8786925340347,-204.819381945957,-350.5947146414461,-417.205387407426,-539.9427247852612,571.4460838014372,472.6587841291421,629.3552968299638,1095.5399946304524,860.9878030631617
-141.37695963836066,-439.2272121681864,-737.0955235304036,-199.41596248884275,747.4504617592748,1098.5102037519443,-378.1341328755174,-473.509516527267,-56.15829519955622,788.7952844323273,-507.6365406806088,-189.68909570605013,-547.9429753911575,392.3900701457486,-147.63132979258992,-571.9644781124847,796.5646175090657,758.1522763324991,150.9569785222193,-62.89523146476167,559.0830392350687,421.5594146180457,-226.9272763415992,729.4884168750648,35.94497198704891,-489.5847731422409,-379.95668735922754,-304.94658165702424,-319.6353485392147,82.80800354660421,831.6529771523105,806.060278093454,809.0305568945532,309.9959122212058,-346.7542878911363,-638.4792653430031,676.406316652211,-330.3933356806667,-4.472877610716027,77.80336859737837,-363.2962249290751,-449.2326571294188,-332.0760725928085,972.7416453733194,978.1368066356658,838.0997969490431,198.58969353465747,448.93181607937936,793.6425655807618,-381.2953453920012,1075.4938866880264,-4.796213837521961,-234.038715098582,-372.4815883158949,-553.1673677300691,-666.4050722391669,492.11869831273,231.9228004095908,821.6722145639591,-319.4296045073678,-402.8606696572006,-621.3050176807656,451.2490151854026,145.8576649028274,614.2927453255716,908.4603616766848,443.8568946114927,906.1198831870324,795.7315836598679,-820.8248336446793,-222.4384709258507,-372.5459288796493,-417.2328422997308,-563.5895864770083,528.515169316132,416.2539768928249,575.9963512367015,1067.0112423760345,808.9723715216825
-46.0628458602549,-368.5798944419736,-708.6994503312437,-109.81432675527188,798.1376877704928,1116.2671304312366,-394.0344879272653,-499.6206693002935,-100.1548027561886,783.7888008860051,-485.05376963157767,-234.98254639675332,-568.9907291174848,342.0567957073098,-165.58329202636693,-586.02882496314,853.8639049412305,715.382803243911,98.53635244362182,-100.6990818065604,505.5179900814424,370.5419177712464,-256.1759315155706,681.5500786037973,122.10469944631036,-497.3742589102529,-377.9274223895256,-313.0394679507432,-325.51051817369324,53.38568903514735,792.6032468684429,769.9080730553433,782.2916453877074,260.32806580616455,-350.5067222630913,-656.7350397156563,723.8553031770366,-354.15687827765754,-50.260504470965,40.63861364263015,-359.0606602699281,-476.16872441153936,-270.5615596553363,929.4153152057966,961.1384652219452,853.0692217430714,158.15031771774238,389.4345608467352,780.3930643883655,-408.1659385357693,1075.239420587223,-44.06389575807324,-268.3599702381392,-366.8338036910276,-562.3520820332964,-633.4029012326027,560.8309816560032,312.5680022170783,788.7951761574967,-328.9191399110948,-417.9737441610245,-593.1916691684579,521.3008465390589,232.1131208728478,663.9188483413827,942.8263102092754,526.9649288659424,907.6804618212047,773.872689025557,-811.7691796205369,-243.7750351102427,-396.35847385889394,-418.4976484110935,-585.0837571175459,483.1576726585028,359.45829231674816,521.4925946682014,1034.0572392173683,754.3421717524543
52.57036228720515,-291.2532353486745,-671.6413471804793,-16.956888994034554,838.2629760258193,1132.4139416205585,-411.3825606954038,-522.5768035949052,-141.59920495012756,771.8623862948078,-455.09499026265775,-277.14698837837165,-588.6756772954329,290.4642779526428,-180.9235648504129,-596.9314032204801,903.5303203030188,669.7781888980234,47.05087930034803,-136.53604324408624,450.60009930866494,318.32373037032784,-282.9230440058671,632.5688228574418,209.88408342536556,-506.6500065308285,-374.6537542335465,-319.0282781905019,-331.7587394843116,26.42617598685026,751.0583674406023,731.0221240174933,751.7659841396875,211.27642946462475,-355.6806992383094,-675.996793614666,763.3582800421195,-374.29687676557086,-93.47541880881865,5.307196247738219,-357.1884161971215,-502.5835534631348,-203.11873232241769,883.5384993162136,938.8191922661384,861.129972992789,117.86262555822772,329.0867779426096,761.7164096383956,-435.7054511326912,1068.1004367691032,-81.76261080616379,-299.3461545985256,-362.59530428235325,-573.3382402498798,-592.0211851184806,622.7982368952603,390.16997772062126,752.1361059157517,-339.7393195868328,-434.2248395945984,-556.980065842236,585.058904897841,314.7400890276902,705.2435179279724,969.746722562312,605.7161414079817,902.1932242119836,745.9740315373842,-794.0866079323264,-268.7788190864237,-421.8440604515326,-421.3167410474558,-603.442315476097,435.8227872657708,302.6766253365189,466.1380748743562,997.093828419529,697.5905322983467
153.0762181499981,-208.1996132642299,-625.8631083137462,77.60272544253952,867.803201185745,1146.3284417103234,-430.2736147011221,-542.784789856005,-180.2952667558483,753.5448537143159,-417.5931486135517,-315.9645765927584,-606.172384876169,237.93087503965813,-194.08221498698828,-603.9721783698669,945.25863917024,621.8652531424465,-3.2154003636695303,-170.23402680809212,394.6907356042684,265.2339456821408,-307.01631553570445,582.8567834765736,297.9356170627528,-517.556358578239,-370.6076228247724,-323.2940037494712,-338.7506518529702,1.8286058150732996,707.4045756399846,689.7344475421484,717.9120880360797,163.13984886423515,-362.58072871402,-695.9068330284873,794.7124396686315,-390.8930726522684,-133.88526256190136,-28.048147666848287,-358.0404250394005,-527.9039592367865,-130.67894165268535,835.4472385619214,911.668737667492,862.6844296258871,77.93227443301915,268.25228930580136,738.1211488553073,-463.47842890168175,1054.6064004832613,-117.6630496606775,-326.9672897160297,-360.21129297014807,-586.2280107536818,-542.4787136767716,677.3808183858545,463.6548060006031,712.1632464766816,-352.03667109708863,-451.5616831173525,-512.7208939096903,641.8469322599218,392.5770746782949,738.109850248862,989.3429722836918,679.1632679755375,890.1185884548554,712.6473416646119,-767.3151465951829,-297.2607797378265,-448.7257728844229,-425.96135230722905,-617.6775622260683,386.9249231484638,246.29846191578716,410.2154828977799,956.526262936801,639.2146564392223
253.95919075544265,-120.53004268380758,-571.5166203198281,172.26112982557342,886.9375588828146,1157.4633591358088,-450.7040346939669,-560.6981795254754,-216.0966257991843,729.389654821486,-372.5579637948778,-351.2723812573719,-620.6186408621154,184.7777616267413,-205.533778349269,-606.459374822315,978.9023865848292,572.1396038287035,-51.98409888545717,-201.6353291366544,338.1292051443174,211.60850817268775,-328.3485542122503,532.7029854655781,384.9074100706492,-530.1682890484701,-366.2706923840993,-326.2635123294233,-346.81866590211354,-20.546630537802848,661.9981848986758,646.3483920862544,681.1473606035952,116.18778025007607,-371.4543096938765,-716.0105993132906,817.8840790708937,-404.0857806302982,-171.3040978453975,-59.30674202699188,-361.8680819752805,-551.4965583745474,-54.32439102440049,785.4568882295874,880.1678754719053,858.2127046313168,38.58196766950535,207.2976479270529,710.1108308342275,-490.9621860797144,1035.3089405130413,-151.54514842601867,-351.25942879359275,-360.0659758143613,-601.0378690222042,-485.200029200434,724.1066209943117,532.0652731214559,669.3286662177512,-365.89505161984846,-469.87549000880233,-460.6682361017104,691.1587727607217,464.60705439315774,762.5334241777339,1001.8366315200522,746.4982888021842,871.9576841553741,674.5096896146131,-731.186515489221,-328.8856719648959,-476.6363992061805,-432.6445326791248,-626.8267920208089,336.84948372348055,190.6964101134976,354.0034211750159,912.7523560542623,579.7158341677865
353.720203267522,-29.483497820152195,-508.9709457711203,265.4139454845076,896.02328268018,1165.3600583918358,-472.56307283081657,-576.8003129198494,-248.9117981931643,699.9585106845659,-320.18523944969587,-382.9684416886299,-631.1391071815905,131.33692382750235,-215.7838153275586,-603.7314061760894,1004.4615168647032,521.0662294802399,-98.98360299049462,-230.60110422702516,281.239040838938,157.79407231775,-346.86506120116775,482.3776770261534,469.4852122625982,-544.4808783661435,-362.12179791971096,-328.40055306373034,-356.2479902213568,-40.87229707552416,615.1708036102906,601.1471457058553,641.848121529084,70.66347634900767,-382.48239137084346,-735.7627433623273,832.9938178894595,-414.0713196948949,-205.59603729031144,-88.37530418096966,-368.8000990164616,-572.6770477175317,24.742737370801997,733.8712693652222,844.7827398931616,848.24866343699,0.0524285430282742,146.5946635117707,678.1769038913998,-517.5527832104491,1010.764604458803,-183.20424626461173,-372.3250421944909,-362.4700719027172,-617.6928989617678,-420.8102840264802,762.6686880503379,594.5846221670126,624.0681025795584,-381.3281877216491,-488.9971268129986,-401.28102122878977,732.6588704047392,529.9795131514599,778.6855272077522,1007.5291302324036,807.0651276300281,848.2346330021667,632.1702299246302,-685.6509621290571,-363.1688114193837,-505.1185517843048,-441.50869762253393,-629.9836123709123,285.9602322100864,136.22400538867433,297.7825406047913,866.1667913901044,519.597903482576
450.9017514621529,63.60887585411282,-438.8118974387856,355.5039073376644,895.5675464593546,1169.6576137930776,-495.6275861498957,-591.5854590098803,-278.7081705577472,665.8084704414312,-260.8600224674362,-411.0164462656571,-636.8717965056446,77.95745145760422,-225.35458476217067,-595.1800310311914,1022.0661238433522,469.08116945448126,-143.95140922610565,-257.0161090246062,224.33392046760824,104.15001189327155,-362.5694713744294,432.1358822729333,550.4323169381723,-560.4000692282821,-358.624107701355,-330.1951410585048,-367.2687608335786,-59.3478830522978,567.2353891571079,554.4028377936269,600.3526742269037,26.78644232430377,-395.7709051805754,-754.5361930567643,840.2977165025901,-421.0960702800654,-236.67775863473892,-115.19333302350184,-378.8325796428103,-590.7224495171054,105.235859370894,680.9915672717532,805.9618800455753,833.3567639022575,-37.39911413199052,86.52075027877548,642.794321749178,-542.5738375545988,981.521178580016,-212.4579655602128,-390.3315487983625,-367.64963444640057,-636.0228945804732,-350.1227358036178,792.9170360648723,650.5539343904934,576.8019676990527,-398.2726949085401,-508.6935514494075,-335.2170345376859,766.1762212738213,588.0248518510557,786.8724018936874,1006.7812410305316,860.3661403763509,819.4812789829208,586.2203264024338,-630.8950852107122,-399.4776369756838,-533.626926233058,-452.61374362530006,-626.3297797775117,234.6073559592189,83.21296738076943,241.8402041928923,817.1659070694972,459.3639920229044
544.1304039614104,157.36305135212262,-361.8335726922671,441.0661338833439,886.1972243339214,1170.097316840316,-519.5601408671752,-605.5386301853898,-305.5146115182927,627.4825302915134,-195.1530527313089,-435.44872760368406,-636.9966829429783,25.009645119132927,-234.7702315332957,-580.2741149558016,1031.9574913857598,416.5937720618151,-186.6375125912676,-280.793416273684,167.72275911312423,51.048373257781606,-375.52779431744216,382.2199551192698,626.6255090316806,-577.7351962199531,-356.21232946825427,-332.15156539971485,-380.04930154451154,-76.19263519111864,518.4924623651006,506.3853573950417,556.966773671407,-15.245995701241196,-411.3435322362136,-771.6342753270707,840.1655472278836,-425.4495067285619,-264.51983347621245,-139.738209274676,-391.8227730390663,-604.88639035796,185.8227278762716,627.1242079564742,764.1357199752863,814.1107442800661,-73.50284661348304,27.457235494138413,604.4194833178511,-565.2883106398691,948.1077719284472,-239.1534502429794,-405.50799862420496,-375.73645482205626,-655.760515102919,-274.1191320651726,814.8457620198789,699.4825849021763,527.9370529981226,-416.5820077015371,-528.664922404037,-263.3192756038893,791.6926504267686,638.2609579289829,787.5118307077521,999.9934995402924,906.0625484538542,786.2247968648637,537.2269780279602,-567.3515364773536,-437.0385818282266,-561.5330389978867,-465.9263373362214,-615.166360901817,183.13530608724344,31.970124216223414,186.47343041558253,766.1522595287923,399.5117274433792
632.1546965850865,250.3830910287538,-279.0218033921351,520.7685797231213,868.6280959890968,1166.5228886304678,-543.9107725161084,-619.114812826721,-329.4223799867757,585.5037123277493,-123.81028847459112,-456.367338556474,-630.7655408278459,-27.11340923276379,-244.54189080574184,-558.5832202708629,1034.4678017044107,363.9891023911615,-226.8086433026112,-301.87879953291934,111.71359285525946,-1.1282882628688369,-385.8704812792071,332.86103940509344,697.0854581024706,-596.1937899448404,-355.2802811659181,-334.77530289369724,-394.6904928424301,-91.6383912714744,469.2358578005956,457.370125970437,511.9707675566163,-55.25807586551668,-429.1358615879852,-786.3059044211112,833.0574895488386,-427.4565590801122,-289.14685874654,-162.029639421656,-407.486879053859,-614.4173412885837,265.16558456698107,572.5870476622694,719.7179822859036,791.0749953848829,-107.98247529944182,-30.214120770266486,563.4900246634853,-584.9133507095717,911.0286077558752,-263.1745645185632,-418.1399702600072,-386.76030225385085,-676.5417385177656,-193.9236238182366,828.5766697295339,741.0516125436328,477.8685009140388,-436.0216954586572,-548.5428256819797,-186.5948611299157,809.3265506824198,680.3921603150652,781.1083876592551,987.5885040406724,943.969254289675,748.9784045670807,485.72926181517465,-495.6997583447307,-474.94960172527857,-588.1327497092461,-481.31101107838697,-595.9429046003985,131.8895307232008,-17.225766250076344,131.98996391847822,713.5383085532466,340.5272211541322
713.8767801294805,341.3018907760812,-191.52990160243112,593.4460081802806,843.6349183678731,1158.876833976113,-568.1226009652422,-632.718413655159,-350.58407588420823,540.3723024275075,-47.73567862862578,-473.94306943693874,-617.5319214884549,-77.99699864779981,-255.15310529903687,-529.8000864776958,1029.999732429477,311.6301342754803,-264.2531166652737,-320.2545352408537,56.615961211262494,-51.991107564914536,-393.7924212773005,284.2794510822357,761.0002849183592,-615.3791571549536,-356.1691254042356,-338.559149108488,-411.2211973703037,-105.92257630294112,419.75747344605577,407.64421793049104,465.6276461033824,-93.09591345950334,-448.9910900099487,-797.7637792754053,819.5004746151463,-427.4696391781629,-310.6364420155557,-182.1330718154028,-425.402168116276,-618.5795777694271,341.96088444966847,517.713358106032,673.1085365875684,764.7892339907839,-140.56316025374872,-86.11608328711098,520.4259242788947,-600.6381752604758,870.7602367263374,-284.44863838089617,-428.5628056693222,-400.6432317834934,-697.9088460403926,-110.77120353678406,834.3407132337692,775.1102244700536,426.98167271947534,-456.2666489836941,-567.8900900700908,-106.187108673401,819.3133882792135,714.3011701219979,768.2286178538368,969.9958288876109,974.0447193905889,708.235205202546,432.2373403312368,-416.8572579080224,-512.1985008964228,-612.6568155155599,-498.5236920969773,-568.2832451970509,81.22133386631735,-64.12707934080157,78.707419155492,659.7486496985598,282.8782004382032
788.3766228072648,428.8198233033282,-100.64751888258014,658.1262426708021,812.0235584602352,1147.193504384681,-591.5414073615565,-646.6837365058453,-369.2104661178777,492.5657830326314,32.032246826991944,-488.4123701887904,-596.780029756838,-127.20872274067456,-267.0459287352518,-493.76093155131485,1019.007009064902,259.85944227380526,-298.78604340002914,-335.94242881541214,2.7416063322539803,-101.1509357245809,-399.5508388022529,236.68408772172805,817.7414308088216,-634.7912237920478,-359.1565329052561,-343.96889899396774,-429.5946853868371,-119.28171695208556,370.35059816495135,357.5103976235205,418.1912484390561,-128.62862948778948,-470.6574159002468,-805.2054376519081,800.0653024051884,-425.8606264053843,-329.1171501963424,-200.1617387528437,-445.0135576001986,-616.6764223400389,414.97679329573066,462.8532691505292,624.6970749348371,735.7568579723226,-170.9808000382946,-139.8820413331537,475.6313743868727,-611.6448560272906,827.7516967264706,-302.95235042944665,-437.1533644994855,-417.196172030716,-719.3161463624605,-25.971963936525416,832.4585159962153,801.6660003091938,375.6536177790235,-476.9005950009909,-586.2026497783472,-23.341867668862054,821.9843451719028,740.0349236495443,749.4772757921726,947.6400481334013,996.3767800507212,664.4649987908439,377.2334590740044,-331.9613365088363,-547.6869429776331,-634.2846403845531,-517.2082467252296,-532.0065647091088,31.490270064213952,-108.52008159824236,26.95054359269225,605.22035141539,227.00669032895945
854.9280591560073,511.7395541540964,-7.763853526153033,714.0479404408194,774.6061225507518,1131.5895319940344,-613.4291848892186,-661.2572723948234,-385.5651157650783,442.54087384732713,114.34902088439075,-500.07224029428,-568.1511635236685,-174.30511347908262,-280.6080488375118,-450.4624257288814,1001.9767616286508,209.0001915749242,-330.25463948244885,-349.0059432334546,-49.59656761859228,-148.22587916142268,-403.4611209976038,190.2710356126548,866.8714044779097,-653.8310854275716,-364.4470009053701,-351.4289214372158,-449.6860259390406,-131.94579398736633,321.3115276700525,307.28882024670787,369.9139341875005,-161.75011087003216,-493.78728830091393,-807.8368855522158,775.3455055536289,-423.01305222949446,-344.76557586108686,-216.27703571043244,-465.64465190399096,-608.0751196478026,483.0868232466176,408.3725232507378,574.8670016693202,704.4371237916787,-198.99209475651665,-191.1629130616912,429.49690628763005,-617.1317141082905,782.4270000838774,-318.7163634593179,-444.3205348770584,-436.1179805846599,-740.1386071307255,59.12729967748104,823.3211027745249,820.8696527298519,324.25392675625744,-497.4183333914712,-602.9138718182178,60.63044986391594,817.7444348390661,757.7854837151441,725.4755774830428,920.932114540616,1011.1654176104502,618.1137413508594,321.17428940631186,-242.34167323767144,-580.2597395003182,-652.1612702009511,-536.8965348725872,-487.1424372528612,-16.93628616625751,-150.22723772322664,-22.95325643501433,550.4011231735965,173.32163614341047
913.0064724903398,588.9955574724828,85.67320046563813,760.6696393299151,732.1797486024745,1112.25235435448,-632.9815722572594,-676.5825114741318,-399.9568533626156,390.7370156585199,197.99684999913143,-509.27323304573,-531.466343957013,-218.8406942982522,-296.1612094721351,-400.0741888211476,979.4142920123196,159.3563036350969,-358.54337283413884,-359.55137538460707,-100.08720130287487,-192.8499590863062,-405.8906434066328,145.221587118125,908.1434402771764,-671.8096262096103,-372.1635161733959,-361.30797621011976,-471.2904570863057,-144.13368621731138,272.9393231375388,257.3163150813276,321.05313078674345,-192.3811662763475,-517.9386854513876,-804.8983537920075,745.938747614052,-419.3146560301262,-357.8026980562126,-230.6870362637904,-486.5131132938295,-592.2324792022637,545.2982432715344,354.64858391987434,523.9989584380296,671.2410592901147,-224.384757347776,-239.63452752746448,382.4013284582076,-616.3388493001197,735.1892346232153,-331.82837274084545,-450.4947804118999,-456.9971276574016,-759.6834972353141,143.18248386242186,807.3717995267492,832.9954295333704,273.1448188627663,-517.2310053810859,-617.4016958316131,144.39538030018144,807.0513094243861,767.8673130429278,696.8422176777743,890.2640906536586,1018.7035844900148,569.6051987628307,264.4939591430572,-149.48466938204348,-608.7386806006384,-665.4175416582125,-557.0123515626273,-433.93877320319706,-63.6864975324755,-189.1089695165861,-70.67990202221432,495.74523217133896,122.1918208269018
962.2883616885908,659.6772015747339,178.20010266473994,797.6703158637074,685.5094690117163,1089.4275689230058,-649.3489609369881,-692.6878791196839,-412.730195500937,337.5806037186423,281.7196854933571,-516.4107832609719,-486.7438061013312,-260.37911053788696,-313.95114914536435,-342.94575490570213,951.8306185451336,111.21175424041786,-383.57868797238126,-367.7280778220958,-148.42465791209003,-234.6824441131964,-407.2506950919177,101.69990585726724,941.4935415652288,-687.9604346960163,-382.34072499028446,-373.9056203591982,-494.1228159458389,-156.04986625915288,225.533715444754,207.94332538499572,271.87629885954266,-220.4718146176269,-542.5786135218428,-795.6915352050858,712.4313321011329,-415.15041367078487,-368.4897124510098,-243.6430495641113,-506.7500895811037,-568.7202274990726,600.7742497747785,302.064311412286,472.4734841912143,636.5308235184942,-246.9872361894164,-285.0051734646862,334.71313179391296,-608.5751244325307,686.4255220249685,-342.4342877145522,-456.1170269319192,-479.3161382915696,-777.2050551746762,224.8908678309897,785.0900397266067,838.4183989423987,222.6803682269827,-535.6746006428766,-628.998837271508,226.63550990582152,790.3957874656592,770.6923082495233,664.1776855679219,856.006999027706,1019.3572086130076,519.3442516501428,207.60715307538703,-54.9909548449513,-631.9598344871399,-673.1931200044514,-576.8794911807973,-372.8618760460697,-108.39018432607944,-225.06482206290465,-115.91585340735767,441.7072808018952,73.93938021775168
1002.6434480526888,723.0446801132348,268.38091021094425,824.942123906925,635.3153130747415,1063.4058361139018,-661.6609289702791,-709.4782750829863,-424.2539484938014,283.48929820787475,364.2591133396536,-521.9151065714807,-434.21015401526427,-298.5058515901228,-334.1392090833445,-279.6071390476912,919.7329436236076,64.82903987598425,-405.3330595796858,-373.727757087362,-194.31437718263945,-273.41737904890164,-407.9866332855899,59.8505891885714,967.0257711849875,-701.4570632727413,-394.9197562106468,-389.4395481054573,-517.818187281013,-167.88239614316038,179.39130467332134,159.528716653745,222.6640061675822,-246.0034448549848,-567.0890321377493,-779.6074429032531,675.386174107411,-410.896070591848,-377.12348273898095,-255.434242601412,-525.4232869190555,-537.248860848438,648.8492740712626,250.9995677398675,420.672424147815,600.622059837979,-266.67735761110265,-327.0230205957839,286.79112594218026,-593.2457187698246,636.51208613852,-350.7373411528669,-461.6271927049997,-502.45889103743167,-791.9220853671201,303.02745482171633,756.977585158007,837.5899398726766,173.20481977961572,-552.0218044401561,-637.0061814033946,306.09016275639954,768.2848940467852,766.7439783495473,628.0521908386986,818.5113650088134,1013.5454535157004,467.7212599427231,150.91175240453418,39.4721119562269,-648.8129381847418,-674.6619643480067,-595.7340172541553,-304.58821226049247,-150.68730407112727,-258.0340451828083,-158.36622038492632,388.7341369085754,28.83416400525414
1034.120305105711,778.5374980431764,354.8487077931498,842.5763281030811,582.2636099113442,1034.5099931535085,-669.0534957995206,-726.7305698687159,-434.9082925133328,228.8758047262055,444.38939480406265,-526.2399349105506,-374.3042191993324,-332.8419933324255,-356.7957058870893,-210.7624241166161,883.6179958214861,20.446925394937335,-423.8281440289458,-377.7828943761074,-237.47904650183676,-308.7928268746343,-408.5664311785128,19.796377437354614,984.9919632986092,-711.4344566027999,-409.74483761661264,-408.0342069373266,-541.934004864437,-179.80215053104294,134.80033966757438,112.43278299003744,173.710952462718,-268.99061639831706,-590.7754236534461,-756.1538266994188,635.3343614335148,-406.9121480871359,-384.0317290306759,-266.38045781437364,-541.5631446919916,-497.68870372769095,689.0372033007412,201.8212382040691,368.97883530255234,563.7886630049875,-283.38938766079247,-365.4831321233828,238.9841828479021,-569.8791753671069,585.8187450118396,-356.9950032351836,-467.4526413499821,-525.7208361273945,-803.038246464904,376.47746410174216,723.5474436643862,831.0127624044811,125.049985811595,-565.4971736034277,-640.709347098047,381.5917680738085,741.2279410193372,756.5520759807343,588.9972965249045,778.109881610439,1001.7222009192968,415.1168911050915,94.79060334422326,132.22079671088184,-658.2812840858852,-669.0595525177197,-612.7406633620558,-229.9879525127988,-190.23819633692267,-287.99564728481914,-197.7634238934388,337.25545932808524,-12.910864369826614
1056.926732353082,825.77564742961,436.3433468392673,850.8436878040999,526.9622776392312,1003.0829523938584,-670.6985197969003,-744.0932970520367,-445.07073205417856,174.15061648580686,520.9500813094812,-529.8503498542732,-307.6729900794508,-363.058323524731,-381.8951181486878,-137.27614902920155,843.9680305341244,-21.7223463225419,-439.1368276021791,-380.1643319405849,-277.6652065565788,-340.59935913545087,-409.46782355988273,-18.363754989510188,995.7672517099832,-717.0141289888686,-426.5618479290052,-429.7110330899811,-565.9538976171266,-191.96308018658567,92.03447571233572,67.00887920136256,125.32493348793636,-289.48232336894966,-612.87821807222,-724.9809159695844,592.7702199868959,-403.53834044441663,-389.56802579694977,-276.8234483462508,-554.1914478069215,-450.0868703154162,721.0326706170483,154.8722546959379,317.7752735100594,526.2692966761653,-297.1191341293561,-400.2337963598696,191.6300673167238,-538.1527184033807,534.7122504743448,-361.51367138735696,-473.9967907106392,-548.3221547092065,-809.7646378389752,444.26370126809536,685.3155576776556,819.2167153367465,78.53175500559534,-575.2955099253827,-639.3982284606226,452.09723834280334,709.7259052766302,740.6688557452679,547.5011545146077,735.1215389644143,984.359555575214,361.9068472897642,39.61214756115028,221.60585855030607,-659.4804054199606,-655.7109971451938,-627.0131319265475,-150.10083708224315,-226.73487396243493,-314.9680158200353,-233.8760557490137,287.6733704639234,-51.1430490905337
1071.4062398396868,864.5539969482271,511.7438712233979,850.1706809274456,469.9597431658207,969.4768431803856,-665.8343820248191,-761.090677418904,-455.10135985752913,119.72333019594976,592.8748267968247,-533.2099582685935,-235.1593825356342,-388.88917866072165,-409.3131079107884,-60.15270299555967,801.2491335273589,-61.49615289280327,-451.38401415484014,-381.1780525836709,-314.6499264308578,-368.6873732545759,-411.1643032416441,-54.55592405329257,999.822934144339,-717.3324185301042,-445.01895370190414,-454.3806494379975,-589.2935982732442,-204.50323067476268,51.34598847676934,23.5941800350924,77.82386605174689,-307.5626115612076,-632.5872503712867,-685.9041451610669,548.1496099602658,-401.0881867417916,-394.1066339848659,-287.116824602886,-562.3516021475675,-394.6789089392455,744.7059081806053,110.4602715284326,267.44047673225697,488.2749546101371,-307.92684679442243,-431.1819173148007,145.05342019905785,-497.91452990837337,483.5580493319296,-364.641210118832,-481.6280519182356,-569.4238257284799,-811.3441223160265,505.5678274544201,642.7951522732872,802.7365067536807,33.9457889978024,-580.6031689304527,-632.3891326519321,516.713042275938,674.2641076069108,719.6479575492449,504.0070612644088,689.8565300812609,961.9339643589694,308.4659827050706,-14.270200785463375,306.06157721714925,-651.6938739599684,-634.0590077237563,-637.6378973254317,-66.10540555425582,-259.9125860197633,-339.0082149064616,-266.5175885032667,240.35188727934624,-85.77219877956189
1078.012066467098,894.8307498050548,580.0943591431017,841.1129913199485,411.7470238060423,934.043724097352,-653.7969267923856,-777.131017506615,-465.3279243829753,66.00228113817575,659.2153100450781,-536.7676310053006,-157.78206490837303,-410.145320281561,-438.8253863785999,19.49061512665462,755.9113626230438,-98.72464503154346,-460.74605199839607,-381.16115421259497,-348.24723305787734,-392.9728834690849,-414.1102726069823,-88.73192788076724,997.6982219226658,-711.5709060070196,-464.66948765794,-481.83736411476855,-611.3092161504101,-217.54616172296707,12.958958513280889,-17.499889517783952,31.531110546326563,-323.35049925520906,-649.0593466453097,-638.9224836683319,501.8910233508655,-399.8438865501245,-398.0371389469475,-297.6150561277889,-565.139702813249,-331.89408461702453,760.0919384308568,68.84667172656275,218.34457309618895,449.9968564315102,-315.9378125729608,-458.2972271227928,99.56302215382044,-449.2016693388536,432.7202149643937,-366.7575245575838,-490.6692127767624,-588.1464925173238,-807.0766589416339,559.7448846882971,596.4934734713905,782.0922815886224,-8.437471988123477,-580.6218996825224,-619.0489294734436,574.7130832714809,635.3079707802611,694.0267074534787,458.9149011471448,642.6212659651086,934.9153130836388,255.1713732943785,-66.51989516099808,384.1507186014843,-634.40461986922,-603.690515469422,-643.7009592342207,20.71693948719461,-289.5608845349069,-360.2110625858812,-295.5545975318245,195.60673117938265,-116.77144720022284
1077.2801286886986,916.7110842156142,640.6223315333957,824.3276351337605,352.7624098270348,897.1280535527396,-634.04947445042,-791.5194348312211,-476.03121050509054,13.392382864669026,719.1595269115309,-540.9440049857593,-76.70800004574116,-426.72520818368224,-470.1084352026549,100.4557663605155,708.3901887763537,-133.29370061718072,-467.4487630042133,-380.4769920669925,-378.3140479364882,-413.4415211577757,-418.72570435547897,-120.86903370882432,989.972367119054,-698.9878761881766,-484.9772282097927,-511.7562946299989,-631.3081135855421,-231.2023793744817,-22.937073472784498,-55.997003779073054,-13.230586533675122,-336.9991991910516,-661.439001589787,-584.2310541835001,454.37893578977446,-400.0511323750221,-401.7588088563005,-308.6619016419208,-561.7354430774345,-262.35352216248,767.3750950687921,30.236567142646344,170.8430374342789,411.6140071355163,-321.34067145792204,-481.6151231644448,55.44850455605705,-392.2524057503748,382.55947836238,-368.2634577417719,-501.3873325314576,-603.5919249012861,-796.3447736168715,606.3307929768912,546.9105201440206,757.7737799260271,-48.37832460454803,-574.5946576775041,-598.8204217072472,625.5489495292255,593.3014566675333,664.3124046629108,412.58492773510574,593.7229017654253,903.7591364956972,202.4039819043682,-116.82014046789833,454.603510144269,-607.3203440865709,-564.3606925635462,-644.3168350098115,109.0212404098994,-315.533485872208,-378.7080599212317,-320.9141678433685,153.6961042702602,-144.17683748541688
1069.8021998247095,930.4272692825716,692.749332237475,800.5449930280429,293.3981123198221,859.0609732937857,-606.2106013273079,-803.4747679573215,-487.4312382274754,-37.70880523143212,772.0440817826498,-546.1179420345154,6.781212407245447,-438.6240795161165,-502.7421058856948,181.499871306105,659.1086638762339,-165.12745087927524,-471.7640959897497,-379.5094340850119,-404.755452118637,-430.1505811848559,-425.3807097752485,-150.96897925322733,977.238524696783,-678.9495341565439,-505.324233662833,-543.693415113005,-648.5625202059394,-245.57039986549196,-56.19254326037836,-91.66454963093236,-56.14615700045078,-348.69466167696896,-668.8819251756672,-522.2268975248949,405.9687909578736,-401.913850927571,-405.6745332533395,-320.57864640058983,-551.4318474170705,-186.8607835016716,766.8700076820763,-5.229600265064753,125.26969703442114,373.2998276096848,-324.38358932239413,-501.23798881313945,12.976693147506598,-327.51191359449564,333.42945650943625,-369.5683929548142,-513.9841937011199,-614.8667560514535,-778.6381805784772,645.042894866944,494.53928177586783,730.2285541074241,-85.67362165578386,-561.8326707206963,-571.2479488268762,668.8525472122261,548.6676558283107,630.9729283769094,365.3432541867306,543.4728861566725,868.9018669714544,150.5486536196194,-164.87754154470034,516.3491128104597,-570.391806548342,-516.0130761533914,-638.6589310700028,197.43968624735004,-337.756317299852,-394.6661981202771,-342.5901663048425,114.81295781062704,-168.08569204107357
1056.2004717772968,936.316640602601,736.0937384674608,770.5418653360914,234.00818612439664,820.156341520531,-570.0783165055611,-812.1504272685472,-499.67475654078777,-86.916633638637,817.3604646904018,-552.613152145067,91.32774836614162,-445.9403093751993,-536.2141369448769,261.373049226297,608.4797525287195,-194.1901882057991,-474.0054718403839,-378.6561555606504,-427.5291520143926,-443.22905126199134,-434.38044880954646,-179.0563017592928,960.0805071507258,-650.9595821118073,-525.0213624401256,-577.0887800714216,-662.325878870341,-260.7371087994788,-86.70205683027314,-124.3210527821817,-96.91589533175936,-358.65345779290567,-670.5810141679499,-453.5070326516711,356.992965802475,-405.58877986338655,-410.1841596224648,-333.6525097551713,-533.6627702267535,-106.38487127778777,759.0002499549392,-37.48234300444378,81.92915121776878,335.22737708363013,-325.3685088630948,-517.3349216510059,-27.61222467469259,-255.6305535610868,285.67132179950585,-371.07700822923454,-528.5873676591272,-621.1080394950459,-753.5764941350674,675.7739665575307,439.8669459971475,699.854464820363,-120.16263415815082,-541.7428738160562,-536.0020689791099,704.4315347816039,501.8109306004236,594.43175836989,317.4883876680175,492.1891892473657,830.7588663734754,99.9922792750611,-210.42617748110723,568.5385730690896,-523.8230335816114,-458.7945584176713,-625.9902971080204,284.62170522501253,-356.233268614789,-408.2866167461358,-360.64806791581054,79.07919843683946,-188.65385910003948
1037.1044696862716,934.7988221981716,770.466278557321,735.1164907337654,174.91700922692232,780.7083561831365,-525.6492757756961,-816.6588309935529,-512.8244650110221,-133.86628804560524,854.7556207593439,-560.685227662225,175.5390021189908,-448.8786077686534,-569.9266468019069,338.85625062047137,556.9083193806518,-220.4875136231724,-474.521915254662,-378.32089194651775,-446.6490441453605,-452.8756499978431,-445.9508409999519,-205.17618773469368,939.0533375656836,-614.6857238485613,-543.3215661040418,-611.2731182352295,-671.8517535594309,-276.77715307004246,-114.40713310204134,-153.84205596028195,-135.2633925652318,-367.1200027778908,-665.7940645617458,-378.85835880032056,307.76707562583755,-411.1798586298151,-415.6770306460633,-348.1255496148928,-508.02709172618864,-22.036109192504696,744.2758441808801,-66.52691361023997,41.08902408571781,297.57282932690964,-324.64375827600014,-530.1398560955633,-66.10852199194004,-177.454306597671,239.6072718816478,-373.17566535064,-545.2419918117625,-621.5100253784955,-720.9289461882197,698.5804222069187,383.3765380121108,666.9964211153963,-151.7326582328019,-513.8546758589422,-492.9020461422862,732.2583269941391,453.1199923514004,555.0672642197625,269.2981521720695,440.1970255024061,789.7248383054715,51.12008093504853,-253.23175154399377,610.5587653185614,-468.07279076916274,-393.0641312124396,-605.6936482728219,369.271574409575,-371.0493185572131,-419.8030347300575,-375.2280393264506,46.54218171298865,-206.09194008048533
1013.1310909277148,926.3534984938652,795.8590896291605,695.0662755560002,116.42760393107696,740.9905378338855,-473.1317738442469,-816.0989507019937,-526.8503439319345,-178.22075062911316,884.0273874134178,-570.5093947832701,258.0301563464083,-447.7497028559589,-603.2046737221978,412.7971382506829,504.7923568075189,-244.066636218057,-473.6910792146249,-378.9045775010032,-462.1877789544749,-459.3549692102249,-460.22554723379744,-229.3920869835748,914.6682200632814,-569.9817040118922,-559.4359706495111,-645.4779209882573,-676.4149538644234,-293.75119348132563,-139.29741964415922,-180.1641933290533,-170.94338626009278,-374.3630913671957,-653.8723065841739,-299.2394247772573,258.5960203892855,-418.7324828585199,-422.5235459483048,-364.184340815109,-474.30857425223695,64.96418958257709,723.270743226855,-92.44436176060572,2.9725128022962557,260.5170215941398,-322.59532945667775,-539.9481188016338,-102.33656812123432,-94.00733459188942,195.53324123084724,-376.2189197397204,-563.9034179641986,-615.3514037647619,-680.6300573533716,713.6656909392908,325.5484950871287,631.9470927829391,-180.3240430288175,-477.8448964428102,-441.9348216702005,752.4537197323392,402.9713219041464,513.2158871936452,221.0363968824779,387.828050224396,746.1761071453031,4.310100144978154,-293.0954952139316,642.0373427724279,-403.8470088296903,-319.3944780023334,-577.2994463140456,450.1819329279126,-382.3708680894874,-429.479832773499,-386.5460134929877,17.173728549343192,-220.66060075434552
984.868331350684,911.4998810942268,812.4294197791727,651.1687802375193,58.829124991691536,701.2557952601454,-412.9514518396195,-809.5863588777145,-541.6234246162509,-219.67940778376828,905.1155836910232,-582.1693594681988,337.46590882625384,-442.9662765189799,-635.3068363696367,482.1422277669553,452.5231581623145,-265.0157937002795,-471.9112682146987,-380.79532868617855,-474.278215019959,-462.9918650793355,-477.23468732800296,-251.78334801221027,887.38224310691,-516.9036128230947,-572.5526626870984,-678.849076443848,-675.3343520865968,-311.70294108017873,-161.4104238104075,-203.2873192421468,-203.7492391275505,-380.6716872992605,-634.2886362119162,-215.75460418193956,209.77923612637417,-428.2277582488677,-431.0656333576625,-381.95065104156765,-432.4904245009688,153.3189351721107,696.6012870779253,-115.3898050665105,-32.2482854008087,224.2450560688576,-319.63714568616456,-547.1114893557598,-136.15811961910134,-6.4670834790787,153.71134305684268,-380.51661267217867,-584.4309623487729,-602.0221175561136,-632.790302792611,721.3599275176887,266.8617508259808,594.9511193755875,-205.9343065856647,-433.5596363164328,-383.2691883315435,765.2663935207418,351.7324132263661,469.1786256231678,172.95897468491236,335.41815448054524,700.4741780309732,-40.07389669464723,-329.8575604923514,662.8391631301771,-332.08222370310074,-238.565785563149,-540.5107731406157,526.2619400917629,-390.4432772482653,-437.6096340755838,-394.8925429063906,-9.128233225820818,-232.6650571023148
952.863048271402,890.7787919386067,820.4792556786689,604.166310206793,2.402918301238888,661.7372744436908,-345.7489453514591,-796.285025834865,-556.9122897505114,-257.98687878835085,918.0896789402436,-595.6476908817261,412.5994366743772,-435.0350578976433,-665.4381757485994,545.963791368819,400.4842739781884,-283.4628190690201,-469.59256023018594,-384.357292072886,-483.1136510873087,-464.16427236567466,-496.8957387305484,-272.4431084440304,857.5928310693752,-455.7193932559051,-581.8579726603022,-710.464020909119,-667.9966962677503,-330.65499249618654,-180.8298935811113,-223.27466309825252,-233.5198028870708,-386.34988636116617,-606.6642561567286,-129.62171300909134,161.61469121930728,-439.576984133213,-441.6061139130293,-401.4732918829015,-382.76374569472347,241.6936903768636,664.9064676110648,-135.58802669455886,-64.45779899316109,188.9440840746068,-316.2006268612427,-552.0318563874386,-167.4751300251749,83.8672035137877,114.36254427825482,-386.3219578855913,-606.5830592287133,-581.0487232447995,-577.7009722815317,722.0973165792143,207.7939909185375,556.2121770890517,-228.6210185132559,-381.0318387767262,-317.2640189700857,771.0496774564867,299.76442334369807,423.2300511499931,125.31858446619688,283.3040987190847,652.9699607120845,-81.69075168525815,-363.3997053239928,673.0550183221599,-253.92048859019172,-151.5514994526093,-495.22372550806847,596.559228707633,-395.585754050912,-444.51021165518176,-400.6292937733812,-32.535447585498574,-242.4488075696707
917.6128953628124,864.7380111224262,820.4322341215333,554.7542669730602,-52.57332840002536,622.6496899998032,-272.36906854241823,-775.4399570315788,-572.3825584523347,-292.9416204385823,923.1340415720134,-610.8182306811873,482.30684879040695,-424.5451403291189,-692.7652098624502,603.4804229943803,349.0492185900725,-299.57292638745656,-467.1471206305565,-389.91847066063485,-488.9467334937116,-463.2946300685166,-519.0070310256554,-291.4766207406462,825.6366825314173,-386.9107689796483,-586.5599000993255,-739.3522882665246,-653.8805666861615,-350.603566919509,-197.68304374060412,-240.25108466357776,-260.1454561407906,-391.71096460790346,-570.7923438749278,-42.13454071072281,114.40125600559816,-452.6166884237392,-454.3970762540512,-422.7212926842447,-325.5292589974615,328.7564394624771,628.8306455478032,-153.3266654775285,-93.60075071636103,154.79953038447687,-312.72383404208455,-555.1535669497608,-196.2319647547372,175.61126801198176,77.66005887103144,-393.82096844414826,-630.0141859252676,-552.1171912387894,-515.8326504151652,716.3922435976889,148.82083503654127,515.902148538513,-248.5031627651175,-320.49337472340767,-244.4696306827592,770.2369924132996,247.42393121874363,375.6289427719351,78.36818789558856,231.81929719448317,604.0080518219788,-120.23103304976132,-393.64715263361023,672.9837632598416,-170.67661893825428,-59.49616015590085,-441.5421240994051,660.2752268954431,-398.1838655811679,-450.52054569814055,-404.1831299728412,-53.28272475544157,-250.38666127517268
879.5623547536823,833.9212317476389,812.8091802303898,503.5732346094869,-105.82366625896802,584.1908555611866,-193.84156378701,-746.4096051679453,-587.5995757732609,-324.40385898368754,920.5317738984276,-627.4410294391232,545.615655914046,-412.1527600013372,-716.4331850438768,654.0706201879563,298.5780128808621,-313.5458208915149,-464.97879954224055,-397.7577652408039,-492.0869611005817,-460.8401115077176,-543.2442148402828,-309.00012071869486,791.7926972373024,-311.1671552920673,-585.9131598975034,-764.5192281857386,-632.5794972843279,-371.512330414337,-212.13685819787096,-254.39958520311737,-283.5731207463921,-397.0704384334928,-526.6573513975364,45.3778969984261,68.43917911282212,-467.10461422614463,-469.62753030778254,-445.5785356781109,-261.3919221091922,413.21674740639,589.0091600030579,-168.94738403523888,-119.68396060289888,121.99010852227649,-309.6404401927439,-556.954574581173,-222.41692811350305,267.336259010749,43.72389685026239,-403.1234973138254,-654.2739807738137,-515.0920058439772,-447.8270352152065,704.8155382868712,90.413797479551,474.1715770862364,-265.7607475273675,-252.38064745716176,-165.6216816466145,763.3173441690318,195.06363111989984,326.6295419863838,32.362825419421426,181.28908912548687,553.9305252140276,-155.42640837287166,-420.5695750148736,663.1091068249652,-83.79901711408094,36.31409105081748,-379.78547618679954,716.7738226450426,-398.6800204260234,-455.9958641527456,-406.0378211516651,-71.65928309327442,-256.87709122613467
839.1025940532065,798.8606477837603,798.2035180202099,451.2046110797181,-157.07433610869623,546.5431619243419,-111.35391625748268,-708.6968491558159,-602.0344838844117,-352.30241299037505,910.6480834376384,-645.1602893841653,601.7261566309799,-398.5629517299158,-735.5854393107463,697.2792125945572,249.41274925738685,-325.6122486331068,-463.47211318106434,-408.0916044517485,-492.89674413381175,-457.2818540748688,-569.1600455329949,-325.14026421044247,756.288209983727,-229.37150513760423,-579.2451507710031,-784.9725312354699,-603.8232004055426,-393.30557376550513,-224.39371477477368,-265.9562834638145,-303.8100628383004,-402.7381047417366,-474.44862437232,131.59335790572212,24.02852741301796,-482.71711558381554,-487.4107722071808,-469.8400020742169,-191.1483660081112,493.86243152799153,546.0570642984277,-182.8354800629151,-142.7760105197273,90.68203302477696,-307.3687352986626,-557.9365076356978,-246.0630260259267,357.6108865690759,12.616928650856984,-414.2560968273973,-678.809008069603,-470.0304611335501,-374.4821605189501,687.9718598914363,33.036983837252144,431.1605815882026,-280.6324970391273,-177.33296251667426,-81.62738901413249,750.8121112001921,143.03190332683624,276.49241808456657,-12.4402404562987,132.0258152713149,503.0797751547706,-187.058717508473,-444.1812169900164,644.0724077656578,5.174337956686442,134.48729134196466,-310.48936359578664,765.5836953286298,-397.5623054599708,-461.3015261614151,-406.7234856260839,-87.99847860347766,-262.3339284207642
796.5746992323956,760.0729007634643,777.2576390620989,398.1694485321379,-206.05652725839985,509.8747948622915,-26.217205232505112,-661.9772202281976,-615.0737944288197,-376.6399975297679,893.9140355296503,-663.5057399498727,650.0250702257729,-384.5086686807061,-749.384698015141,732.8169182058709,201.87244332644045,-336.03008588116614,-462.9807331887851,-421.0606681884064,-491.7860115341486,-453.1133890860035,-596.1877800804887,-340.0340732048684,719.3077251652426,-142.5784574066009,-565.9819703314075,-799.7510415026143,-567.4958055886632,-415.8610894494599,-234.6865779422607,-275.2040936848204,-320.9262815965014,-409.0090954432769,-414.5672107939303,215.23751748740665,-18.534413693070768,-499.0484484697536,-507.7720410418001,-495.2098058619642,-115.76739443413716,569.5920666354341,500.56102123865946,-195.4084435049583,-163.00475090609666,61.02285198153235,-306.30083551722123,-558.6138081041122,-267.2479014159118,445.0432784809119,-15.657279043038118,-427.15684545234205,-702.9676258629869,-417.1911601344572,-296.73146734719694,666.479106605952,-22.857410033346262,387.0094583174812,-293.41153707388014,-96.18323175063236,6.455696605404993,733.2541809651442,91.6713126894863,225.49399521437567,-55.783037370759246,84.32397494127605,451.8000827592198,-214.9682098509915,-464.5402100204858,616.6428222981899,94.66288939495976,233.56625703621307,-234.39774472520952,806.3949198995816,-395.3520554043319,-466.8056541119817,-406.8039429482937,-102.66643492051251,-267.17741250314003
752.2756865107796,718.0578552063976,750.6411135417845,344.930047992728,-252.51118568633964,474.3405349780677,60.17359660226475,-606.122991715661,-626.0325032037131,-397.4966375641738,870.8113893822424,-681.8977960001004,690.091210706792,-370.7281068348551,-757.0359962042087,760.5537000423012,156.24749005341494,-345.080030335344,-463.81564691054456,-436.71731414831225,-489.20539666002327,-448.8284807712488,-623.6484323319015,-353.8292524071876,681.0032803973008,-51.98557099719346,-545.6734440195194,-807.9551595501458,-523.650060931071,-439.0031702487098,-243.273987033636,-282.465352795192,-335.0552933007485,-416.1540640078145,-347.6250086700707,295.122210440416,-58.96263473888512,-515.6124368281945,-530.6371609098804,-521.3012264886173,-36.36412793083145,639.4419465836247,453.0742066284902,-207.103959636877,-180.5527827777651,33.13530880377999,-306.79223085447546,-559.5021284094862,-286.0928915732785,528.3205382728415,-41.15472309411288,-441.67224872830496,-726.0083747242609,-357.03591287414827,-215.61755073338207,640.9505151073668,-76.83462658210223,341.8682943437808,-304.4390677403594,-9.940961729383938,97.44765189158387,711.1702484931817,41.31617791562979,173.9339304476401,-97.40995691956527,38.45568214357891,400.4377169709964,-239.06047271395943,-481.7471603554816,581.6860950309549,183.09148106635988,332.0721988880853,-152.4470506288323,839.0506566230324,-392.59050237911737,-472.870488416223,-406.86220364158623,-116.0501212477408,-271.82463104549004
706.4665847847155,673.2994853295711,719.0314051459268,291.89376635290387,-296.1954426493156,440.0820379069295,146.38309270248763,-541.2217528285902,-634.1706874510462,-415.0308628378968,841.8590518968698,-699.6567517617025,721.6934543917571,-357.9410958052748,-757.8107661356091,780.5069015476963,112.79406901027318,-353.0609025959718,-466.2332040267084,-455.0143828646929,-485.6380566643759,-444.9085923359532,-650.7620563709717,-366.6846659785485,641.5055579695234,41.101181046482175,-518.0160179378863,-808.7779509744232,-472.5165533614451,-462.4962198938845,-250.43503023921247,-288.09364411609874,-346.39313995781373,-424.408713954874,-274.43576220189385,370.17892428406526,-96.9855024873028,-531.8469473486421,-555.8229222417435,-547.6389811716258,45.83129391183454,702.6064983857427,404.11391164637206,-218.36781864478573,-195.6511804213086,7.111605643621978,-309.1517767123586,-561.1062094125965,-302.7611707465342,606.2441678757671,-63.98931757551422,-457.55629513072336,-747.1122218754336,-290.2244908246236,-132.26175445702327,611.9798926147993,-128.48364788222088,295.90504280496964,-314.09609963621386,80.23210561968395,190.07971275525745,685.0668205109454,-7.710578405692274,122.13973258276444,-137.07222711611652,-5.333420686521809,349.339521384393,-259.31167051056144,-495.9430983567818,540.1331870499043,268.9372582084779,428.5493058399098,-65.74240062192838,863.5348744078665,-389.8248070672911,-479.84252786032806,-407.4843680948365,-128.5454238406154,-276.67941271317954
659.3818107099801,626.2680533142025,683.0975232488191,239.4184397920433,-336.890108698667,407.2275525866372,230.98064751700977,-467.5881771187177,-638.7134038170624,-429.478408176888,807.6015016174416,-716.0161453089904,744.7816702139883,-346.8254851474873,-751.0714507922627,792.8253435392244,71.72884413106175,-360.2845117691254,-470.4233275692113,-475.79607698418187,-481.5901943033444,-441.8102035300643,-676.6631213914577,-378.7707089928113,600.9349042719915,135.3061466578408,-482.8723064692561,-801.5358932151183,-414.507180120386,-486.0395145246942,-256.464437242674,-292.46505992864104,-355.1954945024718,-433.9629708599654,-195.9978374112791,439.48602493961096,-132.3570517215355,-547.121519757395,-583.0299584664409,-573.6639888700659,129.50923426553862,758.4515581009085,354.1614121283501,-229.64212079999595,-208.57181845007096,-16.99160739594282,-313.63221412463497,-563.9074864139416,-317.4549575771595,677.7598034027053,-84.32946401624402,-474.4717334068538,-765.3988625213599,-217.6020221702556,-47.83105944146472,580.1302096729522,-177.42396054975092,249.31164534459376,-322.79340725764496,173.05290055904777,283.03182287341616,655.4201881528637,-55.10105642444368,70.46825427995472,-174.53355593258718,-46.8276918034492,298.8500646036501,-275.77182580001755,-507.3068754371353,492.9498110350564,350.77349266579233,521.6081382350645,24.4732673550018,879.9571260828394,-387.593724573771,-488.041620582356,-409.2422497892404,-140.54572023484764,-282.1217857446569
611.2390361415638,577.422748185713,643.4868273060727,187.81880900065065,-374.4076077689021,375.89109477496527,312.58509478396314,-385.7678883572031,-638.8735650617759,-441.1482078630137,768.5993491204981,-730.1402847241551,759.4716260747045,-337.9944525004896,-736.2958218520384,797.7706644916524,33.224280808578314,-367.0700013215656,-476.4982363522602,-498.7915862174345,-477.5803571508345,-439.9522089183199,-700.4199026082264,-390.2692761682616,559.4115051690671,229.22519617072695,-440.2860985257822,-785.698032501967,-350.21234086607905,-509.2636734505298,-261.66784766569265,-295.969135756211,-361.7727957850585,-444.9501817221619,-113.4691656940088,502.2886139941673,-164.8649593679054,-560.7483757649088,-611.838821627368,-598.7408604461843,213.31883703427363,806.5203401120311,303.66359209415344,-241.35407007041397,-219.61872369605817,-39.15724477826153,-320.4212941664485,-568.3516755773884,-330.41178542131735,741.9800925199377,-102.39306414401076,-491.9936295536359,-779.9471002053872,-140.1791876975899,36.49611860778197,545.92558666275,-223.31245358135007,202.307916358653,-330.9599234796037,267.15326575395625,374.972361788657,622.6703628644358,-100.56624238558528,19.30395011284743,-209.5766597887094,-85.84441515877394,249.30753712411868,-288.5659896244897,-516.0520877917845,441.10780699673626,427.3085004002319,609.9657036041169,116.85589993624062,888.5354081361555,-386.4131175813373,-497.7492759062243,-412.6750883295727,-152.43139646804073,-288.49716572986887
562.2487753856126,527.2140292672098,600.8150036780245,137.373346467197,-408.5997155265301,346.1711478091684,389.9067921552251,-296.53262957402967,-633.877320205274,-450.4155586253988,725.4220206159143,-741.1457548362434,766.0251340785447,-331.97558519984926,-713.1000158877016,795.6971837703398,-2.595138487016325,-373.73758400582005,-484.482097147243,-523.6120640073551,-474.127596937632,-439.70363258205793,-721.0576470887405,-401.37302795197104,517.0640934406725,321.4674841222244,-390.4917223427746,-760.912202794974,-280.39160793787704,-531.7293841970757,-266.3572248816397,-298.9996741915244,-366.48342030864654,-457.4367905602073,-28.13520857425293,558.0103970812199,-194.3396344381432,-571.996877160437,-641.7098622458105,-622.1682999963845,295.9074237749587,846.5323352814296,253.03577058494653,-253.9055396899021,-229.11888659211323,-59.410578273295535,-329.6335861686444,-574.8365812615427,-341.89985411382844,798.1999860082011,-118.44127200539164,-509.6152532612736,-789.8191066608755,-59.10577666737047,119.56355770862766,509.8465357541794,-265.850123568308,155.14302339608454,-339.02985960407324,361.1199503936128,464.5980684760259,587.2187307866018,-143.8398975999659,-30.94595645906648,-242.01034309599828,-122.23611640258083,201.03865845716825,-297.8932576829385,-522.4235996792886,385.5591512678535,497.4180795302509,692.4802750324791,210.0012127088681,889.5781047399825,-386.7615066702398,-509.1965644933396,-418.2707804176554,-164.5606488220952,-296.105488024596
512.6229975355207,476.0850646542103,555.6590764625374,88.33093005662785,-439.3645136241004,318.14900755681816,461.7850170746077,-200.86635461629967,-622.9913002533422,-457.71243619275714,678.6423889047292,-748.1265251982867,764.826843045176,-329.1924580470844,-681.2591795660662,787.0314768006423,-35.655575255836176,-380.6016010360387,-494.3020922519922,-549.7514604512396,-471.7385884686801,-441.3719065559548,-737.5850907501393,-412.2836839559735,474.036722948618,410.69584675730897,-333.9168561553892,-727.0269008986223,-205.95795661767517,-552.9288799206713,-270.84629660341176,-301.94565504823214,-369.7249766736575,-471.4129816156656,58.62876405058185,606.257445057879,-220.6628392941924,-580.1113303934341,-671.9873835357126,-643.1925246207727,375.959305155764,878.3757356663396,202.665179473626,-267.66348578089594,-237.4129419354988,-77.82063960441685,-341.3030694648804,-583.7003394491882,-352.2125052703421,845.9041883090686,-132.77131527328729,-526.7563312857252,-794.0881104138417,24.36144485712056,200.26869235883711,472.3281758329743,-304.7882839081745,108.09451104577602,-347.4288861484775,453.5365070223271,550.6721735874125,549.428981643979,-184.6823042562633,-79.8590379376529,-271.6767631560969,-155.8922944062125,154.35291334695208,-304.02368189534786,-526.6937342033854,327.2132457647862,560.1702417818011,768.1793467132258,302.487801510003,883.4659438738446,-389.0658488928293,-522.5520543886402,-426.44712992507726,-177.26178857959636,-305.1905434537042
462.5821914595242,424.47185164247793,508.5531976160873,40.91687416668662,-466.6520691833361,291.8869186031649,527.2190122226723,-99.94236918792788,-605.5509254253998,-463.5150810396957,628.83303970388,-750.1820648738266,756.359131360989,-329.94927319607825,-640.7245553990837,772.2526910980566,-65.93521567382419,-387.9628930412402,-505.7814413514153,-576.5915833920384,-470.8938380206583,-445.19197686911497,-749.023713625171,-423.20913385787,430.493318567071,495.66401640663446,-271.17815330865585,-684.107439217133,-127.95597592645647,-572.2905880617341,-275.4458297656464,-305.182401363844,-371.92388561919415,-486.78479867150514,145.39941248630794,646.8142160686434,-243.7752780199248,-584.3318479376657,-701.9083765245063,-661.0237107545194,452.2323471886514,902.0942853481404,152.9145667843889,-282.95119342646746,-244.84607254305385,-94.50011845903506,-355.3766470972882,-595.2102807512712,-361.66188982995726,884.7669744104138,-145.70871013726952,-542.7736861358366,-791.8687990281212,108.8952473941708,277.5905006623771,433.7610236136864,-339.934005454079,61.4649255094231,-356.55974815402504,543.0250890374377,632.0588904365698,509.6307155493587,-222.88374643011764,-127.00743639852284,-298.45850330614417,-186.7406102605893,109.53646541438358,-307.29319858943524,-529.158193902777,266.91798060011746,614.8414213212335,836.2795753302051,392.9203600519589,870.6347864383225,-393.687761723728,-537.9102865132053,-437.5336917873383,-190.8271311880097,-315.92980642086223
412.36046581683206,372.8018262626801,459.9868870692554,-4.662085156957248,-490.46848226761983,267.4261608189883,585.3914102034821,4.9077881215785,-580.9888086385017,-468.3291094933536,576.5637601848464,-746.4476517034069,741.1765083441805,-334.41896662742937,-591.6358622586836,751.8744254367316,-93.46428954588288,-396.1005359417739,-518.6349430067658,-603.4116010087316,-472.0331589788267,-451.3165192967221,-754.4389353128314,-434.3592390169592,386.6198846555928,575.2490517457327,-203.0694168762996,-632.4451289337145,-47.5348063944872,-589.1872581491261,-280.4585025389342,-309.0631372816159,-373.5234774793393,-503.36823903539175,230.74913322863705,679.6326408225731,-263.6826433572081,-583.9177805114595,-730.6159601537687,-674.8553590113871,523.5907840012412,917.8696831004878,104.1254482088091,-300.04027281469973,-251.75941101556091,-109.6037063807331,-371.7087780709575,-609.5525682891704,-370.5719235427493,914.6449988107358,-157.5991555816076,-556.9742504806751,-782.3494619710092,193.1372455844532,350.6126754778693,394.4938822685813,-371.15455067461295,15.57620441794143,-366.7877124636773,628.2861344185983,707.752677231509,468.1250307149462,-258.26765155989926,-171.9692202059424,-322.28508929622427,-214.74758269840032,66.84610120967893,-308.09674275853195,-530.1317640800587,205.4449000615273,660.9237986771008,896.1980835397663,479.9708746679635,851.5599297982488,-400.9104551469064,-555.2813202689805,-451.75484407411386,-205.50841536590087,-328.42506069919864
362.2084374231635,321.49098431254447,410.4053537311343,-48.21415573149805,-510.8780931316713,244.7852403391868,635.6832537813337,112.23247128313588,-548.8621466008141,-472.6725429931741,522.3997777663888,-736.125859497956,719.8808128225721,-342.63503485970114,-534.3279409516362,726.4287652383667,-118.32372337910957,-405.26306260714586,-532.4675893530174,-629.4020203926766,-475.54066027062606,-459.8075625279414,-752.9722820310328,-445.9402938335066,342.6244144860236,648.4776930550969,-130.5424881732195,-572.5584922189711,34.08316204484063,-602.9477343441965,-286.17313247984765,-313.9110347430067,-374.9708960275578,-520.8857830070777,313.2898328943673,704.8154254012981,-280.45969924365124,-578.1730342701638,-757.1774582852543,-683.8863364440713,589.0330095356262,926.0008022091856,56.620595108427935,-319.14328599294146,-258.48212553364704,-123.32491295003098,-390.0574988422732,-626.8227523545642,-379.2706485165986,935.5640690940586,-168.80033085917808,-568.6304079840145,-764.8246690086957,275.7382293984387,418.5412680934322,354.8383015356562,-398.38060049414696,-29.237899836477336,-378.42625188502495,708.1340486855843,776.9010488966829,425.19135108628905,-290.6933589899468,-214.34065519959648,-343.1386189947615,-239.91883616657728,26.503540266474925,-306.8797438404415,-529.9438379176939,143.47863489505696,698.1238462220945,947.5550494220364,562.4158192748182,826.7424391850128,-410.9266897403969,-574.5818763406218,-469.2147545105864,-221.51357960148573,-342.6941330920734
312.39383116419896,270.9397190903397,360.2115114617141,-89.5604011809757,-528.0037848110761,223.9583217209035,677.6803372363652,220.5033062414084,-508.8778806492426,-477.0572673647793,466.90026575215774,-718.5180333219165,693.0983195173155,-354.48720478769,-469.3308469779439,696.4528380088622,-140.64249438440746,-415.6593536458985,-546.7767516052468,-653.6829836616806,-481.7295798253037,-470.6298250970076,-743.8734117192688,-458.1482130582243,298.73468042145106,714.5457316248871,-54.68147071898057,-505.18586018536536,115.63656920147707,-612.8723664531994,-292.8580621323958,-320.0118034581368,-376.703141281921,-538.9657552144148,391.7145712448592,722.5949754939049,-294.25208209600174,-566.47239255741,-780.6068501243999,-687.345203298902,647.7133854791532,926.88104275282,10.705428501841272,-340.4068798315843,-265.3242864688402,-135.891463704924,-410.0821853405641,-647.0173928951858,-388.08213142562647,947.701113151174,-179.6737462471119,-576.99755528261,-738.72709112206,355.3976824640331,480.7163503155916,315.0740698851618,-421.6081140826692,-72.64099585721249,-391.7233647946957,781.5272565164524,838.8201543044473,381.094765050794,-320.05851096538146,-253.7487289610261,-361.0582271003989,-262.29893604951644,-11.309587281486042,-304.12820690713846,-528.9337850129247,81.61060199289275,726.3526566851451,990.1680230373022,639.1676716289854,796.697832872298,-423.82813061377664,-595.6285712052301,-489.8849042085605,-239.00463566558943,-358.6640458311689
263.19986851718136,221.52771159053987,309.7692975438669,-128.53428122631516,-542.0254395043152,204.9140159037063,711.1710890080914,328.1616937508797,-460.91435333115095,-481.9695260014237,410.6166685372759,-693.0544375836569,661.4596432205313,-369.7209634066887,-397.3628719689491,662.4780416031681,-160.59380966610868,-427.4494330533425,-560.9583343329509,-675.3265235147701,-490.8273949244177,-483.6460693468767,-726.5307744439995,-471.16060078634143,255.194194877463,772.8299063079763,23.328646410236505,-431.26916633258094,195.86091072462733,-618.2518564789717,-300.753588494395,-327.6068373634794,-379.1326139357891,-557.1448260610978,464.8351283006494,733.3094840839658,-305.2756184223918,-548.287787074888,-799.8911348407364,-684.5162608889586,698.9574459773162,920.9750985511636,-33.33191564808837,-363.905329424734,-272.5705314583239,-147.55947070476032,-431.34347850354,-670.026933220191,-397.31802824036345,951.3627255790212,-190.5767220641933,-581.3337019811797,-703.6569454708374,430.9007053671486,536.617599157593,275.45521473465635,-440.8987106320464,-114.30436816187893,-406.84891424659656,847.5913573201263,893.0028034695343,336.0932070524404,-346.30107227006977,-289.8633119068831,-376.14316274668727,-281.9708280227656,-46.45583861934413,-300.3575802922408,-527.4461652030728,20.336825549607948,745.7090293538956,1024.0388586521433,709.2994844816213,761.9472545709965,-439.5965038510326,-618.1336815805593,-513.5947930023556,-258.0963273723549,-376.1659022614693
214.9216489063544,173.60828044475429,259.407895968443,-164.9827878038677,-553.176701420545,187.5946180314569,736.136663882754,433.6660874880053,-405.0382015181247,-487.8501129715257,354.0904764587337,-659.3216997546921,625.5830840324345,-387.9408829522702,-319.3163438679569,625.0219174697984,-178.3902741459079,-440.7354430191261,-574.3171587997638,-693.3822239908923,-502.9617433249448,-498.61475710508086,-700.4996210302605,-485.12793434620494,212.25671130314285,822.8922756646467,102.23752045025108,-351.92926124277847,273.524375980751,-618.3891243689842,-310.0634392069251,-336.8868974710508,-382.6325425977699,-574.8738543462132,531.6138393495715,737.3777516222557,-313.8130681890101,-523.2133270406879,-814.019956950348,-674.7665733804063,742.2702369232759,908.7963181868092,-75.22197471860903,-389.6344579730938,-280.47448375935846,-158.6066349276845,-453.305839270063,-695.6300580417917,-407.2689324395079,946.9617342214962,-201.85450263972783,-580.9208223369578,-659.4075006549954,501.1507253836194,585.8640467252624,236.2160227427894,-456.3785216628641,-153.9178922117255,-423.8833546845758,905.6345671897768,939.1190864387072,290.44390914421183,-369.40097689402006,-322.4084113094301,-388.55430627772665,-299.0548811919625,-78.84492656727424,-296.1006021731868,-525.8257685213739,-39.94039121839397,756.4566344978284,1049.3345026570948,772.0617289878837,723.0110853688244,-458.0969747265888,-641.70380420485,-540.0263842275582,-278.8552486973328,-394.9318295718065
167.86082347682938,127.50261694920025,209.4264616545536,-198.7690336319671,-561.7402632351536,171.91587363662893,752.7342879157524,535.5376592279563,-341.5153242331318,-495.0749666773933,297.85018665781706,-617.0861873378399,586.0618002552402,-408.6176180986907,-236.23646694554037,584.5824967773343,-194.27822928438545,-455.55309598720805,-586.0816683588856,-706.9055519944283,-518.147778589869,-515.1902572728524,-665.5260614360129,-500.16416107076816,170.17968077214488,864.4774254553149,180.7674194498341,-268.43361014713173,347.46212712018644,-612.6235571172379,-320.94543070792787,-347.9862929563477,-387.5226855550245,-591.5271515474192,591.1884318617591,735.2742303981686,-320.2083067147791,-490.9878164414452,-822.0176499382205,-657.5730303336292,777.337876488589,890.8856822979205,-114.71680402771187,-417.5059900926749,-289.25383413070875,-169.32478416699982,-475.3431936290871,-723.4898270135828,-418.1956050473023,934.9931886620204,-213.83245844352385,-575.0875449331909,-605.9851266636782,565.1966284109988,628.2085411424994,197.5766418288296,-468.2355309108565,-191.2009582624482,-442.8082022459984,955.1551207651618,977.0101354024824,244.40866295137172,-389.38137830051386,-351.17206548893944,-398.5139846617569,-313.7075231140191,-108.43541213842938,-291.8943087815118,-524.4124415259679,-98.90731378942404,758.9968343984583,1066.363118872832,826.8911340001645,680.404790908053,-479.0741516274119,-665.8416929622698,-568.7127602636509,-301.299115700368,-414.5943126510516
122.31892498255884,83.49430674654577,160.09893939747397,-229.7760469179373,-568.0419307490469,157.7673405175326,761.2751821645313,632.40209649835,-270.8149470239624,-503.9368757434327,242.40730694479325,-566.3120553810644,543.45494339158,-431.0984114049135,-149.2938852178089,541.634841092692,-208.5314425008134,-471.8639148292672,-595.4228606368672,-714.9879717864891,-536.2776434568268,-532.9258080625842,-621.5659235411457,-516.3370578626399,129.217095500163,897.5032269178421,257.65175355075087,-182.1577406386948,416.6075010900535,-600.3567926242091,-333.5015773631013,-360.977525232632,-394.0557059966591,-606.415119442861,642.8890505534292,727.5056149946913,-324.858051574033,-451.5134852661524,-822.9766783461228,-632.5483455277907,804.0227441864928,867.7932218274012,-151.59415078004972,-447.34250705381584,-299.0859695181426,-180.01206432060985,-496.7480615714746,-753.1519308604719,-430.3201701846751,916.0110508401424,-226.8082998192376,-563.2326208894698,-543.6225203809431,622.2532753545412,663.5277193742248,159.74788601986842,-476.7154884691161,-225.9128030512395,-463.4985988809558,995.8407981904062,1006.6759207955035,198.25755072084067,-406.3094522670905,-376.0145273003121,-406.3039645345124,-326.1194506320169,-135.2350431974492,-288.26637929930695,-523.5356429979213,-156.3305865692099,753.8388950595833,1075.5471614627836,873.4117284520772,634.6366754520777,-502.1510781247168,-689.9514651468184,-599.0413598594448,-325.3959365719562,-434.68825525116455
78.58975469454494,41.82448600038935,111.67858274063832,-257.91143748415675,-572.4437344753164,145.01340289410004,762.1985733665714,723.0255667201096,-193.60607355825564,-514.6289991508606,188.2513815743045,-507.1728873114301,498.2826537570695,-454.62091598101705,-59.752055928200654,496.6294312930466,-221.44430903204017,-489.5485809084235,-601.4771491494107,-716.7878344862378,-557.112762532881,-551.2793799852027,-568.7972802416185,-533.6587421356373,89.61214170926283,922.0461403923844,331.6723065723775,-94.54223213569875,480.0187720125256,-581.0789990451309,-347.7680443470447,-375.8663861695505,-402.4046278773148,-618.8000797145511,686.2471322717029,714.5900557904688,-328.2013254622204,-404.86974258821897,-816.0913026557414,-599.4647513371763,822.3529822681871,840.0624775924058,-185.6627011964312,-478.87329357106967,-310.1040212169453,-190.96508444290703,-516.7444341250317,-784.0454595968744,-443.81735832874375,890.6066794919849,-241.04422719652788,-544.848456255228,-472.7839796128601,671.7147453322194,691.8084875662744,122.93493250304364,-482.1165460750559,-257.86169005135736,-485.7183198254278,1027.5611918580348,1028.258228530909,152.27091921247458,-420.2966771424586,-396.87448994292345,-412.2615182964576,-336.51340067845456,-159.29973789899444,-285.72099114125723,-523.5086618572196,-212.0464984803638,741.5693685416851,1077.395026439092,911.4287194318368,586.2071272912268,-526.8315132514601,-713.3472743522431,-630.2620564922112,-351.0628973101296,-454.6560880562394
36.95124256406066,2.687906589189405,64.4018129451432,-283.11253511381784,-575.3363503658894,133.49497943477164,756.043381605183,806.3432979336098,-110.74596587995411,-527.2308738444871,135.844130671902,-440.0561157376465,451.0246050232177,-478.3301235043175,31.069127380034047,449.99202835574073,-233.3247025955446,-508.4017206976257,-603.3726463799344,-711.5609500670599,-580.2796230113291,-569.6225230445198,-507.6257046064591,-552.0767496593331,51.590057785085406,938.3222524830992,401.6934343474283,-7.047337764720102,536.900369562144,-554.3944595216631,-363.7054421617953,-392.5875500575553,-412.65179016619857,-627.9149815076175,720.9962547142934,697.0397763324795,-330.7069212207588,-351.3209339995828,-800.6901680109964,-558.2740675955204,832.5072144115132,808.2183650963941,-216.76802671548975,-511.7314833305352,-322.3932097503511,-202.47126887101555,-534.5044806420586,-815.4865902094956,-458.8058977643328,859.3899624574274,-256.7589776371925,-519.543842959896,-394.1619304229922,713.160059932298,713.1321294010344,87.33967724768625,-484.7828028604755,-286.9124690398484,-509.1175733066836,1050.353700166914,1042.0201326083293,106.73947962035268,-431.4985027934412,-413.7732053581913,-416.7734863076984,-345.1414642554336,-180.7312916816028,-284.7243698121847,-524.6224301812799,-265.948227114271,722.822360061366,1072.4728376080295,940.9161818560676,535.608891181863,-552.5057225640884,-735.2654516053738,-661.5002121608293,-378.1648698668277,-473.8561986780418
-2.3428059680604187,-33.76989844145648,18.491121458853502,-305.351569822814,-577.1310662887003,123.0319450250839,743.419163997849,881.4797359690202,-23.260717765457237,-541.6975363442328,85.61289013196159,-365.5597367239452,402.1216100820205,-501.2981637104538,121.83175453238664,402.1246342210136,-244.48658770103896,-528.1284751702084,-600.2581466277728,-698.6897007069934,-605.2696296969291,-587.2522153514864,-438.6815827635096,-571.4661134229835,15.351554575626732,946.6653440029652,466.6917425890464,78.89252616661074,586.6177908523745,-520.0451796554576,-381.19004058592105,-411.0007639694225,-424.77972650361096,-632.9845464529037,747.0654995263438,675.3475572698815,-332.8592009067321,-291.3173509388237,-776.2664387689744,-509.12281849072286,834.7955449281912,772.7585758472817,-244.79876187031587,-545.4530077394503,-335.9873825124759,-214.80159827151303,-549.168951827453,-846.6855864681692,-475.3401958106455,822.9736832114356,-274.1197917808877,-487.0648919611161,-308.6643272401265,746.3515600784156,727.657212740917,53.16160000630271,-485.0969717516068,-312.99217135640345,-533.2339337287954,1064.4045087215766,1048.3233521685595,61.96252136927841,-440.1133192283044,-426.8164288820133,-420.2683067143077,-352.2819193216867,-199.67395910580268,-285.69024647579033,-527.1388756498363,-317.97159954101613,698.2522208876484,1061.377767332869,961.999784010276,483.3278919479096,-578.4599146955114,-754.8800196765416,-691.7746992383646,-406.5125479172257,-491.5748785276674
-39.07068141056019,-67.45424173530064,-25.843191477831677,-324.64047109483846,-578.2514882675721,113.42625810143056,724.9778004277935,947.759800674425,67.68154260639288,-557.8523208635105,37.94360982124319,-284.4811995961416,351.97966659854666,-522.5467122040155,211.2185057834901,353.4072106766929,-255.24249094942675,-548.3432075576014,-591.3338785351237,-677.7095407621113,-631.4434945113334,-603.4056620411059,-362.8091586077464,-591.622889579916,-18.93289578816916,947.503317761398,525.7800896751179,161.91220897931407,628.7058369630113,-477.9312164031418,-400.0065300720674,-430.88781475696624,-438.6643976402778,-633.2482952783026,764.5662142257676,649.9772398198348,-335.14261659405355,-225.48908070441868,-742.5040771186966,-452.3611575785658,829.6379923260511,734.1484321576204,-269.6924931653703,-579.4779093799685,-350.8656736511183,-228.20383397935797,-559.8709113610644,-876.7574523651433,-493.40251311085,781.9614309701537,-293.2344087791312,-447.3130823120256,-217.39303062133476,771.2265005216502,735.6024394057432,20.597077982007992,-483.4723765906196,-336.0934412978275,-557.4967284058317,1070.0259839677708,1047.6048661958473,18.244329223599195,-446.3806472352592,-436.1941896447868,-423.2060540264212,-358.2355413251303,-216.31011479589952,-288.9654882864184,-531.2837808502878,-368.0799113009796,668.5099398485756,1044.7140744933722,974.9359234122549,429.844154390314,-603.889362969904,-771.3213860573574,-720.0207213749864,-435.8603166588966,-507.04186176757145
-73.05009576571054,-98.3216684890144,-68.40254200786755,-341.0349068011794,-579.1251251437799,104.46575309503788,701.3872451817934,1004.7113324924968,160.8038030701508,-575.3838140680117,-6.826286879465555,-197.798741778112,300.9757341549306,-541.0717031947142,297.9695878055427,304.19985497294,-265.8959240987692,-568.5707052496086,-575.8829068108513,-648.331749185152,-658.0404603177556,-617.277922092706,-281.0473894430117,-612.2595794837914,-51.12765955063528,941.3342791286024,578.2251479691981,240.7551371358745,662.8702110333907,-428.1264906000353,-419.8429762435648,-451.9505239165493,-454.0711867489211,-627.984798342974,773.7733106150852,621.3581262193214,-338.0253862017633,-154.6326787692805,-699.2989062931772,-388.5445538132628,817.5415328979745,692.8189265317699,-291.4408372213077,-613.1545798094602,-366.949265716671,-242.89622876220872,-565.7621978216567,-904.7364925240896,-512.8959088561743,736.9390983024559,-314.14328593569684,-400.3593118936295,-121.61379934538576,787.8827676749236,737.2304865256127,-10.162824380978185,-480.344472798924,-356.2757484175566,-581.2351576050565,1067.6319615914974,1040.3540607769355,-24.1110086435082,-450.578491935921,-442.1784347772328,-426.066610859395,-363.3213249546563,-230.8552232510131,-294.8162396997792,-537.2391530746462,-416.2483415736834,634.2241635885727,1023.0727806708484,980.0887035151344,375.6324108787165,-627.9151502617982,-783.6979153629436,-745.117083661454,-465.90406175576265,-519.4493737237767
-104.14453919091557,-126.379129614723,-109.00083674472975,-354.6372535091246,-580.174928774265,95.92852405702536,673.3084510897024,1052.0593469813589,254.7582109288123,-593.8473438721494,-48.41485631346463,-106.64582381609196,249.46449795586608,-555.8699899156014,380.9162802838006,254.8451695250262,-276.7338577394418,-588.2502098052878,-553.3019053487571,-610.4613574590684,-684.1924746230961,-628.0421613612114,-194.6031320865044,-633.002885812795,-81.13526373651696,928.7034659214568,623.4581702524408,314.30678390793764,688.9828921051964,-370.8889904821048,-440.2885951656304,-473.810084367649,-470.6540263419936,-616.5364060156164,775.1023927540904,589.8829301883486,-341.94279290409406,-79.691060017684,-646.7732176583437,-318.4274979995805,799.076887219021,649.1675241213525,-310.0932398692108,-645.7474091497717,-384.0983008202437,-259.0616473480119,-566.0418053676749,-929.5949084313692,-533.6383117908481,688.4697741412575,-336.8123194673786,-346.452887489227,-22.719072469649625,796.5598907884973,732.8337284740863,-38.93597698241295,-476.1620559912191,-373.6644538894861,-603.6903624147492,1057.7123720743425,1027.0915182650697,-64.80612335548565,-453.01982055022313,-445.1186291835388,-429.3361845079238,-367.87152413739767,-243.5523438688614,-303.41499729495314,-545.1351606852509,-462.4484958392859,595.9873858952861,997.015619529254,977.9061510948512,321.1620512724484,-649.6043657033523,-791.1199719362635,-765.9173670696886,-496.27921240677136,-527.9744182014296
-132.26839535551292,-151.68200555234782,-147.46637074466872,-365.5982747270704,-581.8108075844704,87.587794947365,641.3763149305796,1089.7131586974558,348.16719357138186,-612.6712550230385,-86.60206742482178,-12.2796842062241,197.7853837648329,-565.9675236823662,459.0096303514029,205.67059325665156,-288.0193563135311,-606.7425568778502,-523.1299148141886,-564.2092784090157,-708.9432301735657,-634.8722339032084,-104.81762075267262,-653.3942109508869,-108.89836330069151,910.182073659646,661.0790152236729,381.6209803431991,707.0720141681434,-306.664493758019,-460.8349192830632,-496.008095689703,-487.9579584751942,-598.3336466965613,769.084070080685,555.9087641875922,-347.28060140279564,-1.7274125503886433,-585.2828840726316,-242.9489031625621,774.8560840823452,603.5611896068527,-325.759126364861,-676.4481913076215,-402.1090733887476,-276.8419666859824,-559.9851904321988,-950.2653992667724,-555.3581407681709,637.0916455307095,-361.1264007030512,-286.02453436120464,77.81478685996156,797.6166896959131,722.7225178771677,-65.55402296673556,-471.37829008297285,-388.4479050155238,-624.0315578762742,1040.8085262438656,1008.3503434989208,-103.55786476166944,-454.048143731124,-445.43541364240514,-433.4924631321738,-372.2259001060427,-254.6663701712376,-314.8291195635882,-555.0417637565951,-506.6335990698837,554.3474407186462,967.0635995598136,968.8969646384692,266.896143561901,-667.9934595286485,-792.7259115509977,-781.2842599916111,-526.5593878607312,-531.8038270581105
-157.39060411656754,-174.3310650682953,-183.64463093127583,-374.1173685776219,-584.4210836303935,79.21714890516694,606.1852087692679,1117.7477726803722,439.6656091814977,-631.168077596511,-121.2353827929958,83.95464550025807,146.26913822224878,-570.448526119384,531.3431627846857,156.99048478150104,-299.9844944109638,-623.3406231384596,-485.0736519395672,-509.8978200290376,-731.2717852897052,-636.9671715768579,-13.127602499085572,-672.8932534851676,-134.40036428365067,886.3488252217152,690.8538580954383,441.9382166567432,717.307213088575,-236.0832221077215,-480.8808224181056,-518.0096669100316,-505.4253405539296,-572.9184342698511,756.3367954575193,519.7605412575168,-354.3590979802596,78.10569478313346,-515.4162310661488,-163.2093693180043,745.5116941632871,556.3410206570636,-338.6081602315604,-704.3914264032862,-420.71172985977984,-296.3326097097444,-546.9733719722569,-965.6675425344548,-577.6919491901538,583.3183753355079,-386.8841727727766,-219.6827401233079,178.47371369719,791.5069794201978,707.2164581630313,-89.8681629876703,-466.4416554235277,-400.872799184998,-641.376213407745,1017.4902064394688,984.6606774235564,-140.105370039168,-454.0321942735536,-443.61243488053975,-438.9887801843992,-376.7250700451357,-264.4781607296954,-329.0113289096582,-566.9602570093169,-548.7248522252139,509.8040454844484,933.6902303926826,953.6089053295904,213.28933438758483,-682.1143230631278,-787.7093917123801,-790.1260997550207,-556.2560703562159,-530.1613843434486
-179.53673217906206,-194.4684541100339,-217.4017205329719,-380.4413208623069,-588.363835492065,70.59597624044382,568.2793650744461,1136.3811620777417,527.941797248113,-648.5505278764224,-152.2341637093575,180.66327396568167,95.24336980908598,-568.4850030937272,597.168844784263,109.10776690665055,-312.8236727548853,-637.2831639157711,-439.027970729246,-448.0589923135303,-750.1202738953137,-633.577011290171,78.97717564819202,-690.8849810015606,-157.66479375873493,857.7749008742678,712.7073212633778,494.6955715243717,719.9815490083547,-159.94918338684045,-499.74172684279455,-539.2089324978798,-522.405803471182,-539.9652061254956,737.5394920220921,481.7361114737679,-363.4182630044882,158.60054548444307,-437.98428600576887,-80.4410201053534,711.6784521409916,507.82783144074,-348.868506696656,-728.6734281306613,-439.5687909028159,-317.5770915159724,-526.5205989277439,-974.7375082591494,-600.1845888916607,527.6413295824792,-413.79435943999175,-148.20306735224324,277.7533002958014,778.7547360151702,686.6388364464835,-111.7555422630079,-461.7868935429187,-411.2380901525555,-654.8140860791252,988.3354938408615,956.5377892193782,-174.2182680476544,-453.3597089026781,-440.186467232427,-446.23771808296055,-381.702877355874,-273.27867425911467,-345.7927823848549,-580.8150458474827,-588.599450983936,462.8098045435433,897.3191909416345,932.60970921743,160.7845260602598,-691.0225051651565,-775.3472655106693,-791.4344901008305,-584.8197572697779,-522.336135320468
-198.7893927981084,-212.27282272965124,-248.62808757760897,-384.8615577175035,-593.958066413938,61.51499932018277,528.1480869335097,1145.949153338339,611.7754705567808,-663.9520986125075,-179.5925900360738,276.4435843674703,45.03655130102744,-559.3657971002256,655.9059330796907,62.31496184964377,-326.68743674147737,-647.7719898899377,-385.09020164323584,-379.42530523017183,-764.425018680213,-624.029219063296,169.9982151337033,-706.6901522469204,-178.7535687741972,825.0125878527161,726.7099841006567,539.5283846594103,715.491172298913,-79.22233792411734,-516.6631320665682,-558.9372685088149,-538.1699527988573,-499.2991192893083,713.4051126080834,442.1124391034196,-374.6045740853048,238.5301926311652,-354.00245778172507,4.02885902506803,673.9777941115857,458.32803276351206,-356.8231291221858,-748.3749106503786,-458.2748848078661,-340.56152091649653,-498.2993127055188,-976.460421344843,-622.2923703314455,470.5329889026768,-441.4740284916162,-72.51045755073139,374.2048812879229,759.9300293367144,661.314123573515,-131.12584223057732,-457.8260113774999,-419.88770663372384,-663.4346990179399,953.9140236164698,924.4738793051664,-205.7045898234767,-452.4303296419601,-435.73595402400304,-455.5946327052085,-387.47775813149735,-281.36317984703345,-364.87926441640144,-596.4460797985535,-626.0807451589538,413.7748254942533,858.3259765747571,906.4711323104492,109.80832213654492,-693.826812319015,-755.0272238117311,-784.3216982158231,-611.6430486368014,-507.7108134649263
-215.28703839474568,-227.95372136060985,-277.24224117042496,-387.7099328659191,-601.4746614957049,51.78174053867497,486.2254717646559,1146.8796290289215,690.0706099292357,-676.4518035938697,-203.3808137292181,369.9237765075834,-4.019890836918739,-542.5242130709728,707.1427231047056,16.894470648649595,-341.67687366389526,-653.9922799936985,-323.567322059767,-304.9131037135718,-773.1501749301868,-607.7547999247372,258.47224913292547,-719.5794291215822,-197.7643575072051,788.5877416068055,733.0623606032209,576.2642255787877,704.3138875384018,5.00587439549379,-530.8383943800325,-576.4744083210829,-551.9266811224022,-450.9104665187232,684.6561227208765,401.1521504912704,-387.9599157628349,316.6843354917771,-264.66416923583057,88.81870085615245,633.0056394905121,408.1391994875012,-362.8042580425317,-762.5865198198699,-476.3581240663429,-365.2090952280976,-462.16113864890434,-969.9044442440928,-643.3896297231688,412.4508911966733,-469.4491346093808,6.345021526502811,466.4780408014964,735.6268618300637,631.5682075799366,-147.92764657835974,-454.9394048697301,-427.2023202497582,-666.3576190584506,914.7741073777064,888.93348143783,-234.4179870742533,-451.64765188937287,-430.86811460002,-467.3416188607016,-394.34315119421,-289.0255776314466,-385.85098975610725,-613.6024569585489,-660.9309863798643,363.0739404746524,817.0428629264302,875.7564622609531,60.76533696446326,-689.7193813351442,-726.274254713667,-768.0564087553878,-636.0661004506252,-485.7891826338404
-229.2212272120262,-241.74543122146275,-303.1941677904904,-389.3531097973744,-611.1271503838209,41.22581579938865,442.8940825584025,1139.667639623051,761.8818710271049,-685.1024480528865,-223.74411325710352,459.80008902526936,-51.5916354608017,-517.5631056903947,750.6315988653088,-26.882017376379213,-357.8386352796372,-655.1356657653732,-254.9752370879324,-225.59887082638164,-775.3228614087598,-584.3130363087455,343.0130045367524,-728.7909624023926,-214.827249060439,748.9958893483342,732.0764748752084,604.9100824348509,686.9876956203439,91.5427154680799,-541.4304606836638,-591.0625482333198,-562.8438317729185,-394.9645388088665,652.0027210506568,359.1098404375399,-403.4130374718733,391.90348760540206,-171.30743413113387,172.53604489605073,589.3235538921529,357.554798218903,-367.1862516226468,-770.4365932029388,-493.2835631021456,-391.3747400120395,-418.152706106183,-954.2554243240704,-662.7789979141661,353.84150845318834,-497.1576633431782,87.21809901300648,553.3575175372827,706.4438340987945,597.7308255978348,-162.15414862810178,-453.46716838298414,-433.5903451980355,-662.7646422388829,871.433907794731,850.3521360656971,-260.2639132607944,-451.4104576406445,-426.20479302819234,-481.6724624012566,-402.55708468111663,-296.55283463929595,-408.16640341260165,-631.9377742195313,-692.8470683078623,311.0554629415177,773.7663741321873,841.0115623664201,14.031571551759583,-678.00517793615,-688.7749032312224,-742.0963354907873,-657.3848167500901,-456.221011619494
-240.83252818466656,-253.9004294294164,-326.4682076675199,-390.1856127068594,-623.0623715996654,29.70395900146046,398.4917913453457,1124.8528008414485,826.4334612919495,-688.9616117910389,-240.899888561416,544.8701409292768,-97.34376067708448,-484.2762123614498,786.2781272399725,-68.75505497966527,-375.160611743634,-650.4255549143379,-180.02985594666188,-142.68932269457557,-770.0685833243434,-553.4136962883107,422.34894851828136,-733.5511617640086,-230.10095707858463,706.7015696539441,724.1561346390675,625.6339783501089,664.090272283173,179.1287495649697,-547.5970315890971,-601.9234060752607,-570.0718207809381,-331.80626104435555,616.1244172048173,316.23761170461074,-420.77395439150393,463.109937960366,-75.37579602726754,253.82124869527735,543.4532494367886,306.8676633362206,-370.3771091025082,-771.1202783878035,-508.4591406097204,-418.84016457654,-366.52523158246686,-928.8507563688242,-679.7055052003227,295.1435458375767,-523.9556657165801,168.90260935944147,633.7929028486852,672.9683040589722,560.1395115514241,-173.84779513090518,-453.7006707183873,-439.4782894017399,-651.9327622437742,824.3766051029398,809.1378313817482,-283.20448618057856,-452.10318553141576,-422.3672653540488,-498.6791355355919,-412.331165941237,-304.2195134543909,-431.17023423885246,-651.0078214268535,-721.4596083249074,258.05043914642675,728.7663506328313,802.7592742267028,-30.0528409986583,-658.1297769393827,-642.3982515078981,-706.1161786679912,-674.8620617571225,-418.82338539956936
-250.40526993034115,-264.6827174524048,-347.08520809518444,-390.6216264855679,-637.3512353584458,17.104709612561837,353.3208706283366,1103.0000574102628,883.1299593399124,-687.1243669672557,-255.13242969354548,624.0610847195778,-140.9452076980508,-442.6644822406736,814.1252295890647,-108.47992030895824,-393.5682809157444,-639.1439948279628,-99.63010368905177,-57.48648272696428,-756.6456284440475,-514.9355137870797,495.3554824188324,-733.0981794855522,-243.7687770642529,662.1403090560249,709.7769217370089,638.7424054837696,636.2201837328981,266.47528253125074,-548.5184090605919,-608.2780515605679,-572.7696840794367,-261.959071877943,577.6553811223359,272.7894310455269,-439.7316248886378,529.3342673392651,21.62461451802292,331.38932583458194,495.8742168555832,256.3719477909046,-372.80890722084087,-763.9290062678341,-521.2444352111154,-447.30971435175616,-307.7370115219153,-893.2109682188934,-693.3744616520908,236.7902511159476,-549.1264255412837,250.1685740744344,706.9200369085521,635.7644332421834,519.1442919481841,-183.1035187272457,-455.87449882790185,-445.300523681628,-633.2665930619714,774.0492712327347,765.6745818178877,-303.2618173316546,-454.0857068021019,-419.9602687810976,-518.3403875178933,-423.8192983008368,-312.28234773948697,-454.1059089117367,-670.2711985330587,-746.3356528587859,204.3814567320216,682.2956825819281,761.4968086305553,-71.19113542597472,-629.7042325456009,-587.2125187222532,-660.0294818154337,-687.7420440705247,-373.5971198806529
-258.26135626397064,-274.3612545843437,-365.1038266519161,-391.0856313719861,-653.9798916469092,3.3527198052017813,307.6583298555175,1074.6845371658735,931.5590862600236,-678.7566164324568,-266.785496917022,696.4515855363264,-182.0752043538153,-392.9462112664796,834.333677395376,-145.83000050216205,-412.92177735702006,-620.6592168867973,-14.833472168178568,28.650776711327907,-734.4770315660257,-468.93978040874106,561.080376983627,-726.707457027026,-256.034495172283,615.7225024393276,689.4668009066021,644.6550452612878,603.9804572467398,352.30286309207975,-543.4270850709199,-609.3691656493992,-570.1328719631935,-186.117716450516,537.1737695675142,229.02400611303105,-459.8551657213528,589.7365055319254,118.16992877741366,404.0678620374378,447.0241436392189,206.363423686002,-374.9274110392028,-748.2792082321786,-530.9624503553237,-476.4074888938683,-242.4482621827099,-847.0674628920383,-702.9728377586417,179.21042610966458,-571.8929297707575,329.80022131685206,772.0735597725676,595.3652382985312,475.1123432572906,-190.0702925157497,-460.158894309827,-451.4885069508291,-606.3287589610303,720.8649747420613,720.3274392071853,-320.5196551549337,-457.6825020473621,-419.5555627936193,-540.5129625058602,-437.1065408219744,-320.9748005407732,-476.13227123918233,-689.0933724392265,-766.9852077244013,150.37023071180874,634.5998116828513,717.695608046589,-109.13722430265652,-592.5258584094219,-523.4962174979014,-604.0030946218468,-695.2678574566953,-320.7371906226537
-264.7533602959655,-283.2037324759721,-380.620906893002,-392.0019680415888,-672.8417138000026,-11.587346553507327,261.76648737547055,1040.480827969439,971.486950437119,-663.127837336887,-276.25285353858607,761.2870123658993,-220.4313078703204,-335.5599605689358,847.1602839468188,-180.6009536717111,-433.0137652529904,-594.4528572513672,73.17485092668441,114.34702744946844,-703.1786680202433,-415.67801460279605,618.7616303462769,-713.7185127149494,-267.11840438490015,567.8383953025451,663.7881030327719,643.8782230018772,567.9649272771089,435.3789914608861,-531.6379608617078,-604.4852100284154,-561.4219677468147,-105.13487671351658,495.1950307285847,185.20601050650288,-480.5987865911889,643.6213707129482,212.76323759793848,470.82924736835946,397.3016576983488,157.13815263837438,-377.1810750377955,-723.7390927443894,-536.9144976843626,-505.6762467777039,-171.50810557179008,-790.3848597552527,-707.6936493346666,122.8279329791012,-591.4337070804465,406.6330123086893,828.7906235463173,552.2685049875497,428.4318703574982,-194.95083593619464,-466.6528326661124,-458.45950879733095,-570.8666706413048,665.2074879823102,673.4482083629631,-335.12324283387125,-463.1713731480871,-421.67537536418814,-564.9259379592178,-452.1986069437728,-330.5015331383297,-496.34438366362735,-706.7545860743561,-782.871694012534,96.3433781858428,585.9252033144347,671.803070319734,-143.7023710383113,-546.5938108020421,-451.742912082362,-538.4631908005898,-696.7019627727332,-260.63631222889256
-270.2570718403296,-291.47090073347186,-393.7708909532632,-393.7834488274465,-693.730588791184,-27.707348838146256,215.9028277077069,1000.95661752798,1002.846728139014,-639.6419521681049,-283.96698506652103,817.9876237889019,-255.73861803595065,-271.1595151556243,852.9351950568581,-212.6154614403596,-453.5682527311924,-560.1457284435367,163.11786415340654,198.25061443693076,-662.5820684810279,-355.59289439886464,667.8373530231926,-693.5619949653459,-277.25352283137846,518.8633628970828,633.3214730812264,636.9784414288519,528.747576676237,514.553229953755,-512.577959974746,-592.9858028383538,-545.991372090981,-20.0018741114638,452.1689977267873,141.60560021664503,-501.310543157546,690.4473877581567,303.9771367368829,530.8158602661596,347.0708494910413,108.98967580557006,-380.00960841783217,-690.0522686371494,-538.3980739335868,-534.5786270541328,-95.93391258852098,-723.3764846042583,-706.762636922558,68.05958391933677,-606.9019569609778,479.5877918455451,876.8062816245792,506.9361914130055,379.5145712866607,-197.99939862801807,-475.37791846697337,-466.604903916527,-526.8340998703599,607.4378655003818,625.381162894393,-347.2773348813958,-470.7718821859477,-426.7761247461057,-591.17861802087,-469.0125564372967,-341.03272018541503,-513.798016361701,-722.4618894199734,-793.4263025161287,42.6359982949517,536.5261420392261,624.2454806424935,-174.76080434035467,-492.1185059020064,-372.6588091669042,-464.0921175641096,-691.3491750855782,-193.8811079077838
-275.1636122147329,-299.41160709669526,-404.7242696124354,-396.8191639552608,-716.3360509037607,-44.95267935803821,170.3283084293094,956.6702786827676,1025.7220749807634,-607.8650294167044,-290.3863135659906,866.1499229363613,-287.7596287459609,-200.60052409065835,852.0396211638732,-241.7283284708433,-474.2405439294953,-517.520930480473,253.66595082660052,279.0722338415582,-612.7506596861526,-289.3119502295078,707.9477173217335,-665.7858975935029,-286.6820347796904,469.1627412597522,598.6521934483768,624.5571707482109,486.8749000172869,588.788083225088,-485.8137190865395,-574.3274131129712,-523.3168812998983,68.17597710602257,408.4804150947419,98.49626805949354,-521.2449237764246,729.8300091710502,390.4922960796542,583.3573119108254,296.66696976512014,62.20497938103064,-383.832240967203,-647.1570290417434,-534.7274333480502,-562.5011777979173,-16.883646848277106,-646.5117715467768,-699.4663352340075,15.311392711727942,-617.4477157664094,547.7003747527615,916.0415101350092,459.7967587308424,328.7962106736916,-199.51763623051232,-486.27328975350537,-476.2781671019689,-474.4060714484371,547.9021159360067,576.4681230133142,-357.2423513401956,-480.6337838534464,-435.2328363729141,-618.7423368767112,-487.3692656028147,-352.6981772095468,-527.5372558279827,-735.3653849507804,-798.0660622110955,-10.407121844184134,486.6693908932377,575.4315061821494,-202.25390835844945,-429.5241042298566,-287.1526767499168,-381.81575741179967,-678.5814942019215,-121.2406743051523
-279.871158249408,-307.2586504919905,-413.6851031524644,-401.46168065446193,-740.2407988202184,-63.219819937814925,125.31343779857264,908.171691137704,1040.326769007579,-567.5485448793146,-295.9812715222485,905.5417141866848,-316.30413150461914,-124.91893152740327,844.8852119662142,-267.8316464754081,-494.6185809797538,-466.5430552057925,343.4775193979111,355.6200958869486,-553.9883387210278,-217.6338971618939,738.9294232600674,-630.0797440425794,-295.6518984638072,419.0955829158351,560.3591097280191,607.2278651489406,442.8611434288025,657.1842941280084,-451.0760160090744,-548.0883189165503,-493.0210108353018,158.20844630119538,364.45240745446216,56.151170848868695,-539.5791979166853,761.5391409652273,471.1305062316301,627.9793637144687,246.40267705355404,17.059566325113785,-389.0358034465722,-595.2001967122162,-525.25635518709,-588.7615973474136,64.37773189051431,-560.5146567728355,-685.1804622364766,-35.026748076338805,-622.2426107998351,610.1452057863145,946.5851612458246,411.2497279883295,276.7350192674658,-199.84866306817605,-499.19174263760095,-487.7827621155389,-413.9858280360347,486.9392004254751,527.0523562400962,-365.3286793025416,-492.8258032684213,-447.3246917061864,-646.9664302435006,-506.9882594259539,-365.5813213007741,-536.6244915696691,-744.5785742192163,-796.2152534300931,-62.43266358432892,436.6364578470245,525.7556622493784,-226.19270168590967,-359.4435603138507,-196.31792623414964,-292.7815479535437,-657.863901223918,-43.64775464885176
-284.77625320582985,-315.22546542092425,-420.8876758496149,-408.01389805758896,-764.9210988557307,-82.35455939111027,81.14163088735329,856.0053867368176,1046.9821612028568,-518.647020337121,-301.2196346102496,936.0916917260146,-341.2385633598269,-45.30182267314023,831.8960700002652,-290.85972245673213,-514.2259708246494,-407.372268681369,431.2391456222445,426.8302283961908,-486.8395838987455,-141.50791324775318,760.8035003263518,-586.2955113637238,-304.41349807869625,369.0168750947148,519.0062078705076,585.5959469111829,397.1861328228337,718.9995586414268,-408.2796327222845,-513.9916425499041,-454.89488723231,248.85267672760443,320.3523033570764,14.838136963923509,-555.433356900189,785.4916978476583,544.8810089142463,664.4046226771304,196.57422048171583,-26.1879952724857,-395.9627381504322,-534.5445798412993,-509.4024046285961,-612.6194682265975,146.5163846361545,-466.3524553067246,-663.3974290226147,-82.58781729269957,-620.5065558379259,666.252154969483,968.671381444449,361.6716745261085,223.8078497933904,-199.3694212715611,-513.8973024079053,-501.3601828236983,-346.20298968794447,424.8886533116655,477.48088388618135,-371.8891666330196,-507.32519615468334,-463.2221484012047,-675.0885228767888,-527.4854563484195,-379.7130596554202,-540.1718720687584,-749.2024663612904,-787.3295925146225,-113.0821184833004,386.7234111019613,475.60125309593536,-246.6584145480037,-282.7060602720661,-101.40709618929876,-198.3278057736396,-628.7800540279947,37.82684164872353
-290.2646471526646,-323.50356858681994,-426.5923704369064,-416.7158974442896,-789.7505057327919,-102.1510291841044,38.1095565513121,800.7149998482382,1046.0939618880177,-461.3290079753721,-306.5515286034382,957.8746091291492,-362.4942074010023,36.948180037924416,813.4941499877846,-310.7934751593013,-532.527011457399,-340.3721684770881,515.7033323685945,491.79077769057096,-412.0806837208287,-62.00660871023674,773.7575590650187,-534.4640966444694,-313.2161679516149,319.27795364400265,475.1367296539312,560.2422670298323,350.2952960834268,773.6600705304924,-357.53746203470286,-471.9252029290797,-408.9155626571337,338.84726075460657,276.3991730912048,-25.18637847698802,-567.8933612076853,801.7399775032245,610.9193201432349,692.5455625319817,147.4669893293186,-67.30167215381002,-404.8991849551877,-465.76929629371193,-486.6717977446447,-633.2906044072485,228.17053535944936,-365.2151984652958,-633.7516913403485,-127.03561363528928,-611.5355579397755,715.5159895718027,982.654141806628,311.4228386178971,170.50422569659264,-198.48154749763236,-530.0644785562305,-517.1784628263454,-271.90250520969937,362.0972218626413,428.10491219869226,-377.3098990296878,-524.0086016187621,-482.9760574753784,-702.2491589400933,-548.3743136012492,-395.0657821834352,-537.3731685240514,-748.3528746189384,-770.9224049744171,-161.9970084792238,337.2383618435626,425.3424106189137,-263.80107910723694,-200.31704422600072,-3.799421136939871,-99.94549836070335,-591.0566663555147,122.00552202152336
-296.70161555452074,-332.2606126283949,-431.08086333704006,-427.7322054971396,-814.0072339336315,-122.35174982729146,-3.4756011888708147,742.8479966944874,1038.1297379613532,-395.9806140790976,-312.39452439603804,971.0932106869102,-380.07370508412055,120.45338100247336,790.0885146827746,-327.66402671231106,-548.9340204951313,-266.1105156525686,595.7221809606344,549.7595213658204,-330.7021052808898,19.70615714699001,778.1238112757568,-474.80623591565,-322.3043886549253,270.2250502694995,429.2695772189128,531.7103291378056,302.6014163842312,820.764734970448,-299.16785584135266,-421.9569311107484,-355.25770276929234,426.94656475570326,232.7724267399424,-63.68407421937899,-576.0372675514614,810.4567565234944,668.6181781641934,712.4907879981662,99.35993808750736,-106.07336393377508,-416.0633430843859,-389.6624923387808,-456.6838220324413,-649.9649481062365,307.9923759393758,-258.48594461084366,-596.0416453507173,-168.07359274789314,-594.7296493781758,757.5985497623145,988.9805221369256,260.8535544064408,117.318596019963,-197.60095132675687,-547.2794442549507,-535.3215153061315,-192.12453837761697,298.9240412277384,379.2782518718529,-381.9994103170949,-542.6447510581642,-506.5091741450311,-727.510671138828,-569.0707713024503,-411.5477111779482,-527.5348579612067,-741.1900977645571,-746.5918046468425,-208.82558818674457,288.4968772556063,375.34498408439725,-277.8361516789433,-113.43141304687796,95.03737693485112,0.7659411856218834,-544.5852641608908,207.6394789404975
-304.4217520685632,-341.6388172505106,-434.6507460448851,-441.1399548151045,-836.8853920399549,-142.64890057186676,-43.30183574565749,682.9597375834286,1023.5982594225752,-323.2010566034887,-319.1192201604163,976.058150701038,-394.0554202736075,203.80439603189396,762.0686328153531,-341.5552528990891,-562.8172204861171,-185.35223811262395,670.2755568392913,600.1741967887937,-243.88249102677943,102.41110609319324,774.3542852535962,-407.7369689671736,-331.91344946238866,222.19610351174512,381.8976545349166,500.4973605015677,254.48762059409597,860.082313123745,-233.6944817312743,-364.3446939419789,-294.29876267204867,511.9537752711744,189.6208435076693,-100.4419609733838,-578.9636464892731,811.918074545629,717.550662687681,724.4857404156933,52.52849864299285,-142.3277946367539,-429.5943805458581,-307.2063066782584,-419.1936487763383,-661.8277521680774,384.6890203253381,-147.7031210321915,-550.2468275642532,-205.4542076102536,-569.6198391442501,792.324102833053,988.1642772747,210.30977852340772,64.74123951072009,-197.1463473476091,-565.0433727276396,-555.7796952174391,-108.07599748921388,235.74398122353807,331.3537392457089,-386.3765418557816,-562.8896258727232,-533.6104174767582,-749.880043494711,-588.9022776882673,-428.997924076948,-510.10514788014063,-726.9499741292258,-714.0477247031278,-253.23058159448956,240.8156921968338,325.96616005168005,-289.03927587564937,-23.32091725452215,193.58951508696236,102.14680369537908,-489.43999386736647,293.44684085674373
-313.71830936731976,-351.75349419372753,-437.609674322595,-456.9184698302418,-857.5101534209192,-162.68702585484488,-81.06063655125253,621.616076725971,1003.0315426763938,-243.79012119712115,-327.03568638799106,973.167097260974,-404.5952983862432,285.6043079269098,729.8016265425917,-352.605100391193,-573.5173472417749,-99.04448521334676,738.4927080849352,642.6556436862456,-152.95522784441837,184.87126531193576,762.9946754946194,-333.8630000951805,-342.26439155514305,175.5161276624046,333.48772713166727,467.04913345594,206.3111027118143,891.5421492784092,-161.8382961574526,-299.53956745212804,-226.6169961845135,592.7512500304571,147.0714585590224,-135.27950542946115,-575.8215289968891,806.4846911993912,757.485914167047,728.9092285145621,7.245713374541624,-175.9266514166049,-445.5422391199094,-219.55430306227476,-374.11231617549646,-668.0835771014116,457.0606587604559,-34.51646419282161,-496.5393209420646,-238.98829992072575,-535.8929006260375,819.6687249637899,980.7610123094802,160.13713071445906,13.2483362341154,-197.52700820164927,-582.7781421738617,-578.4419904050984,-21.094944486095493,172.9489147127531,284.6778199749892,-390.85723102254167,-584.2846588354439,-563.9321839626815,-768.3353708780148,-607.1210348175991,-447.1824101295936,-484.6996256561176,-704.9751189816817,-673.1375199813657,-294.8974854489591,194.5051554028705,277.55280560223633,-297.73936315409526,68.66291719435402,290.3418941827098,202.52711691833915,-425.8902218417632,378.15153057566135
-324.8322553641886,-362.69135821833095,-440.2691381459945,-474.9408211740597,-874.9567842943125,-182.06737202297865,-116.45742865173216,559.3939034478989,976.970123331282,-158.72780032006222,-336.38112465466406,962.8841277428484,-411.9259861806692,364.5113966713395,693.6331191196726,-361.005528835515,-580.3610194369398,-8.293963205423287,799.6667248166823,677.0041329768825,-59.36893740660484,265.8697135018901,744.6581947746909,-253.9726300888382,-353.55809469451816,130.49155503447207,284.4813506547747,431.7582830866969,158.4071005538556,915.2194611032338,-84.50164150560397,-228.18189139319637,-152.9819350911696,668.3269546655179,105.23781172848022,-168.05534783972428,-565.8409537683277,794.5831739309226,788.3782147394087,726.2472572245355,-36.21854113383464,-206.7717901446874,-463.85874868084295,-128.00199730063252,-321.5226729702158,-667.982425858365,524.0342356758555,79.36144979248355,-435.2884963401585,-268.5540375759469,-493.41277973887946,839.7448360405859,967.3460311095864,110.68303129567322,-36.70825171763259,-199.1300292727394,-599.8345868835731,-603.0902479359283,67.3904432365085,110.9467671372293,239.5835904467953,-395.8405629248752,-606.2585447277581,-596.990965595526,-781.8553561268642,-622.9214332382053,-465.79154677739456,-451.1222411648288,-674.745020908634,-623.8687936132252,-333.5429753397092,149.86088100062668,230.43862438132493,-304.31020677112525,161.12868979528184,383.8230473415288,300.2762274414425,-354.40681882468584,460.5209132186368
-337.94130732574587,-374.508329847101,-442.9379350388652,-494.96787572692347,-888.2732904305784,-200.35400682488896,-149.22347839336135,496.8792514380112,945.9517820143112,-69.14683847302571,-347.30906960142545,945.720388590668,-416.3531148193019,439.2783691034681,653.8911123321413,-367.00098631678645,-582.6787427936645,85.66273401780664,853.2616738882696,703.1895821999789,35.356436949516905,344.24549451035773,720.0006551621992,-169.01831911496822,-365.9684472248418,87.40403620084189,235.2964208079297,394.96573310158766,111.09267923764318,931.3164181657448,-2.744907803290673,-151.0898071468581,-74.33731772194884,737.7960218392067,64.22715598573677,-198.67317887333692,-548.3630428791247,776.6875047497394,810.350464410677,717.0656256173254,-77.60022653361871,-234.80739993476516,-484.3905089327163,-33.95151048130337,-261.6901567186489,-660.8471430161944,584.6912452619882,192.2057975436239,-367.0585217157077,-294.1048616221574,-442.2374276989005,852.7821819511753,948.4956280957698,62.29671815499686,-84.71096697993717,-202.3074170313568,-615.5034238791264,-629.3958293576944,155.90637727396927,50.158320974896085,196.3827026621989,-401.6944601867008,-628.1331584158355,-632.1714663290628,-789.4511155427459,-635.4614483253322,-484.439386822058,-409.38043338146673,-635.9035891147892,-566.4281039712035,-368.92297198323325,107.15508588103616,184.94028955276667,-309.1608567555642,252.686036408612,472.6481194313084,393.8497794143103,-275.66126802625337,539.4004073140329
-353.1492922125417,-387.2265916251915,-445.9154193712156,-516.6453248169353,-896.5062796100764,-217.0818128198533,-179.12849577058776,434.66282588329005,910.5036684727507,23.7006778473976,-359.8804471437487,922.2168217935904,-418.2487932483599,508.7862861187186,610.8921504344651,-370.88537446081386,-579.8252287524354,181.4946057712753,898.9126708942135,721.3366196845028,129.6760421674131,418.9259921552013,689.6978097927939,-80.09236392088461,-379.6346404430983,46.504197415139686,186.3289267748874,356.96473497385324,64.66992518947862,940.1403799306828,82.2433637787754,-69.240413086105,8.22317367454377,800.416758588589,24.146325646748853,-227.08638397811723,-522.8684279317736,753.3019828610013,823.6732874779127,701.9826832301458,-116.64555587985303,-260.0210960310276,-506.8740135898116,61.12824402582066,-195.067440669692,-646.1010298185696,638.2885910208797,302.3298053316885,-292.5984329758028,-315.6759017440951,-382.6299441526718,859.1066222821546,924.772292702815,15.32712768811158,-130.38583485860076,-207.36333130068803,-629.0289194828104,-656.9190652325188,242.97928468676855,-8.988131893430124,155.35661791097792,-408.7414123852164,-649.1339661973415,-668.7343515483492,-790.1993921948033,-643.8875574583609,-502.665134155771,-359.6934001406214,-588.2827229466207,-501.1942859746493,-400.83996167002994,66.62808397899238,141.35276857965852,-312.72497458946,341.9856715512889,555.5578136542464,481.8321356118696,-190.51706705949795,613.7434490401167
-370.4762512298996,-400.8307553908746,-449.48459087341433,-539.5041041276226,-898.7294662114175,-231.76636633884115,-205.99309506995627,373.3330037268299,871.137540319921,118.48119324219992,-374.05678806866433,892.9295622628041,-418.04249836366006,572.0717767463356,564.9489126708258,-372.9975008793638,-571.2014995563351,277.815920160559,936.4195294084012,731.7056423372935,222.06699868843444,488.9543187512672,654.4257555975248,11.60339416444772,-394.652743279355,8.005820548511123,137.95454080638245,318.0069498532271,19.428220210858225,942.0807093598942,169.18165665782706,16.255864827917677,93.4866082552598,855.6007328022666,-14.893930937636652,-253.3011130471857,-489.0027952009109,724.9460537630422,828.7411261322109,681.6434867160997,-153.11686219161186,-282.4439871086927,-530.9334808182609,155.74412522332665,-122.29221924916536,-623.2944872796143,684.2718669194925,408.1323816154173,-212.82495533816095,-333.3883471236875,-315.063068367785,859.1180504814627,896.7140110780471,-29.88119388313809,-173.4106220170954,-214.5418256167069,-639.6252749593797,-685.1118431945285,327.18079056183296,-66.06408191001253,116.74774243003124,-417.2446601260758,-668.4051547960112,-705.8277013438109,-783.2761139523311,-647.362516512052,-519.9371548483025,-302.49278593461463,-531.9205307994523,-428.745277498404,-429.1492166985876,28.48038315215472,99.9440850031125,-315.44937057569024,427.75674538116346,631.4515052309614,562.9726043626915,-100.01330039338087,682.6355242549383
-389.8497559620892,-415.26312414909495,-453.905078067108,-562.9645318229783,-894.0740631894819,-243.9156189724056,-229.70026295851235,313.4665387479502,828.3476623875829,213.8202629191332,-389.6958807702119,858.4183921577318,-416.2096693608648,628.3465960144015,516.3783258550473,-373.7150501883829,-556.2780460391298,373.2281476165885,965.7349320841892,734.6711130576051,311.0737141865562,553.5106156542876,614.8449444980555,104.79250918653584,-411.0668288876178,-27.91915943855497,90.5297433333957,278.3099610537598,-24.354651685370275,937.5855280050956,256.7343272028253,104.18663436026044,180.15678304492835,902.9168821880328,-52.7762474670207,-277.3775082193125,-446.5983256086724,692.1415236995758,826.0467153509533,656.6964027852928,-186.79952922511976,-302.14982867000526,-556.0818157423009,248.42216567249372,-44.1777147010689,-592.1294112033677,722.2808576496034,508.1409423086693,-128.79866373801784,-347.45132003956473,-240.2162844304704,853.2686645890612,864.8275955613237,-72.99383827461946,-213.52154279088492,-224.01543851323544,-646.4956006721117,-713.3236105773676,407.1697977069913,-120.64973038848034,80.75099632140594,-427.3952500869833,-685.0294917268468,-742.5021679763515,-767.9890927036996,-645.0951193545209,-535.6598199299083,-238.4154144157017,-467.0729688259917,-349.85758057745096,-453.7636308423354,-7.134209850003134,60.94978025591642,-317.7819178302188,508.8398788312602,699.4131109047671,636.214218632808,-5.340717441528117,745.3113916897012
-411.0979298490705,-430.4181772104558,-459.4060685303084,-586.3443892637744,-881.7601175074058,-253.04319229636164,-250.2050335264988,255.61734644915916,782.6108014304347,308.3439235875158,-406.5501247664784,819.238410847413,-413.2584057215925,677.009085668044,465.50930446559386,-373.4471309623348,-534.6181187603589,466.3620383571587,986.9482847324614,730.6983678536624,395.3496821505484,611.9265682160134,571.5880918918194,198.1618626946587,-428.8600290082041,-61.1445383331983,44.39226306135768,238.06559692446385,-66.4127115282646,927.1396447804576,343.55229911444803,193.27318177823972,266.8939739609691,942.0899008330352,-89.37556346924562,-299.4289173315437,-395.6898784490805,655.4024342160088,816.155287176527,627.7729773878275,-217.50951227587464,-319.2534178211825,-581.7250684889611,337.7498264673171,38.30413002564295,-552.4800387966541,752.1474883392938,601.0476616679051,-41.69444589987897,-358.1608889723221,-158.96511242593627,842.042638140434,829.5857569229088,-113.6935328656532,-250.5182639468229,-235.874991673834,-648.8532111157238,-740.8109990541847,481.7298250420136,-172.34416980095216,47.50635574173121,-439.3003697616985,-698.0526766096568,-777.7297585400102,-743.8085579379755,-636.370869290573,-549.1834015921249,-168.28809689118245,-394.2179049358826,-265.4978091420341,-474.65697181540025,-40.11412699890048,24.56735177768641,-320.1590415031812,584.2145224361186,758.7287745546904,700.714232271967,92.18887469480386,801.1650814489931
-433.9446695539209,-446.1365606162582,-466.17924002689017,-608.8710496850642,-861.1276610921522,-258.68298265687594,-267.5416792662509,200.30385450635944,734.3876948100842,400.71890149764937,-424.267812265122,775.9348551388051,-409.71472660298974,717.6475939746333,412.6893071458172,-372.6254771430362,-505.9000856969555,555.9177138929709,1000.2665364375372,720.3201562124933,473.694017421946,663.6928673602054,525.2520205176974,290.4007089170432,-447.9459754929751,-91.59241271615218,-0.1392981448432838,197.448466287928,-106.49334038244912,911.2446900961514,428.3136830500601,282.208664699444,352.3566732510365,972.9934536397236,-124.55959232137022,-319.6190263829948,-336.524908402019,615.2276878580645,799.6797317034128,595.4716534837985,-245.10093192707015,-333.9083986067852,-607.1706676897484,422.41519478852126,124.0463752692052,-504.4089976651375,773.8868441947102,685.7378616794284,47.23244364597021,-365.8959700213305,-72.36253653806985,825.9380315352058,791.4274584707258,-151.68792316719495,-284.26704530513246,-250.12094772717856,-645.9448105148629,-766.7511846080354,549.8000829629129,-220.77637266597608,17.092865520011667,-452.9733589260741,-706.5116588704125,-810.4260720925871,-710.3941675164552,-620.5823307516791,-559.8171411133775,-93.10497541165014,-314.05093726254364,-176.80617295551554,-491.8654522986584,-70.41394405093999,-9.049045724897365,-322.99299991921623,653.0196432443464,808.8959399417741,755.855929908183,191.17865163906652,849.752726796156
-458.0075347469722,-462.1990157268804,-474.3717569698336,-629.6976213524454,-831.6663928202482,-260.404655850969,-281.8278813423159,147.9954857419333,684.1253655289187,489.68979162868,-442.3975137518697,729.0407958750134,-406.106875164189,750.0363658103423,358.2890393669157,-371.6944024411612,-469.9376987988784,640.7007843504495,1005.9932781387804,704.11402754679,545.0812710169113,708.4597721246669,476.3932476860724,380.23887254078704,-468.16114467328265,-119.23434891386866,-42.766691670306464,156.62415551066027,-144.3600990575562,890.4022406231328,509.76243322899205,369.6969666117699,435.24334889023726,995.6390227359444,-158.19068311324077,-338.15695305774364,-269.5663131639756,572.0963436720994,777.2577600638164,560.3456846040737,-269.4732179990059,-346.30462898511104,-631.6396062466575,501.2414094499399,211.83688428364368,-448.17744150121695,787.6821988574438,761.309781301067,136.68319652711412,-371.1109951915875,18.387042384067232,805.4515515885349,750.7609539758865,-186.71765319166775,-314.701939664165,-266.6566691351637,-637.0749602036402,-790.2589830128151,610.4991558560174,-265.6165021074058,-10.47545702780861,-468.3257829919333,-709.4661042125651,-839.4757133414253,-667.6171552376185,-597.2578170295219,-566.8454732441766,-13.998277430750711,-227.47269795333423,-85.07220126979371,-505.4876217615031,-98.04647082865388,-39.79334509603511,-326.6592009292953,714.567148937534,849.6238915500226,801.2517700620335,290.1866280609556,890.7887328186424
-482.7987240481146,-478.3208151030395,-484.079418186526,-647.9229143508793,-793.0425030638637,-257.8294974241137,-293.26552207203804,99.09889541225796,632.2596934046045,574.1115542346403,-460.39567399669335,679.0772549837178,-402.9491504840681,774.1247950231159,302.70481989697214,-371.0996290771107,-426.6970926295328,719.6527835950666,1004.507377874162,682.6815099900336,608.6834333346251,746.0313111094038,425.52692552481295,466.4822112797032,-489.25864559073847,-144.09116285136227,-83.21404739798454,115.75660090097875,-179.79662092898104,865.1004497982111,586.7433016693062,454.49031198550944,514.3322130133062,1010.1613765311504,-190.12887694388175,-355.2904481611478,-195.4876815542068,526.4653491528593,749.531889453368,522.8953663208653,-290.57731693815026,-356.6652138106046,-654.2826319204153,573.2148971375296,300.392945656123,-384.2483734830412,793.8652188987104,827.0854889001616,225.35342160038147,-374.3253698465665,111.9604771217288,781.0665265429035,707.968812756047,-218.5642623990541,-341.82405897775794,-285.2838985023019,-621.6310419519426,-810.4075491863478,663.1406046140428,-306.5870235256325,-35.25151470895688,-485.16194154800166,-706.0319156789692,-863.7604814142655,-615.5763676955803,-566.0870194802666,-569.5472308506336,67.79626281517494,-135.56783303207675,8.296514620242633,-515.6826684795013,-123.08295276700952,-67.61147581469399,-331.48382508039924,768.3478780357298,880.8263170624001,836.7382763619132,387.7674637032309,924.1361648384274
-507.7294835725793,-494.1473825406918,-495.3400757165897,-662.6148712507508,-745.1212231314433,-250.64598191908655,-302.1379273923748,53.944615934342366,579.2177241446925,652.9759937656102,-477.63744045625714,626.5551415223684,-400.72573026683824,790.0212155877132,246.35834464268703,-371.276140411,-376.3093993837217,791.8746089989343,996.242286934532,656.6298180162905,663.8834562829206,776.3539803789603,373.1285865620429,548.043671642191,-510.9039877567732,-166.23140446685886,-121.23057123520164,75.01422683010378,-212.61129551106305,835.8044256676512,658.2316015118314,535.4238532546372,588.5170767056208,1016.8017543297728,-220.23592806335256,-371.29744639974257,-115.16074273993216,478.7693517216951,717.1328229681677,483.5644957704342,-308.4205494429748,-365.24324162643336,-674.2003461585283,637.5063749067324,388.3991305846375,-313.2825522544888,792.8926448197525,882.6131729278496,311.97049941532896,-376.1098926926098,206.95386321301532,753.2442285751541,663.4141765360496,-247.05744585516916,-365.6989939392557,-305.7007503476848,-599.1077758918258,-826.2523972690597,707.2402680752543,-343.4730761430272,-57.35464113646284,-503.17616920115074,-695.415480388906,-882.1897944658623,-554.6071134676727,-526.9422078762121,-567.217471548155,150.97775373320457,-39.57633615584864,101.81132795633174,-522.6672834649448,-145.6514245380166,-92.50418203912668,-337.7320509814144,814.0303936409358,902.6068476325842,862.363443086139,482.5142410128565,949.7925225811852
-532.1182057594618,-509.251837581964,-508.1274887126948,-672.8369304232325,-687.983743050045,-238.6243458200156,-308.80356076859044,12.774772933758376,525.4192927448067,725.4312830013798,-493.4306532985003,571.9783052696085,-399.874917333523,797.9725865742993,189.69380157476817,-372.6352415150597,-319.0780060421112,856.6421349990869,981.6669742741396,626.5565889296437,710.2800746128327,799.5010336466997,319.6380370857454,623.9685971371282,-532.6733326380241,-185.7686985564404,-156.5937339077083,34.57452486943408,-242.64239349522188,802.9503382093038,723.3566246527985,611.4456723706384,656.8375957029276,1015.8898738596762,-248.38004689049797,-386.4762856388837,-29.635192715675867,429.4221447600692,680.6665477742197,442.7407719975196,-323.06980646175504,-372.3181902726656,-690.4669387084086,693.4839987806347,474.54657308471775,-236.12673317409997,785.3207898503593,927.6614412006592,395.3285910508813,-377.07045839654177,301.92415411949185,722.4184578822133,617.4474759318797,-272.08127164814255,-386.45255016412506,-327.5024674596133,-569.1302364010122,-836.8582875672633,742.5155009522051,-376.1315676613408,-76.9676994191038,-521.9532586053253,-676.9471414803133,-893.7326638564246,-485.28199208976525,-479.8937389882457,-559.1913741060922,234.2204947726784,59.14161238280074,193.94367823937188,-526.7112712363149,-165.9333645656495,-114.5285390040213,-345.59719402366085,851.4531935751071,915.2388407160244,878.3677147297949,573.0982638848068,967.8722359176288
-555.2023701519844,-523.1352087653809,-522.3458278136955,-677.6766240223668,-621.9373004395295,-221.62940763247548,-313.6863223749291,-24.267470565160465,471.2776439004477,790.7940393050251,-507.032830436631,515.8469596172225,-400.7742080157343,798.3415006123798,133.17249000410163,-375.55105225980753,-255.47969596157796,913.4137028319352,961.269234606333,593.0379041934665,747.6841567449537,815.6536095718806,265.4646810726694,693.4533549695838,-554.0546817402977,-202.85812779665392,-189.112735517366,-5.373159721839093,-269.7632444054261,766.9430069133316,781.417949273152,681.6409731440673,718.5025603702612,1007.82580497706,-274.4411197934256,-401.1349687593228,59.88852699960813,378.8192551250976,640.7052383691815,400.7596691348003,-334.65288917626697,-378.1919033468496,-702.1570873001799,740.7184872305166,557.571769334621,-153.79439823834727,771.7791573861412,962.2065698918898,474.319731712752,-377.8294925409959,395.43242859485,688.9931138980108,570.4128610403684,-293.57901434195503,-404.2650333738585,-350.1851533324506,-531.4742492717007,-841.3283412517884,768.8770040611613,-404.4984994201515,-94.33188650604082,-540.972290655978,-650.112301964779,-897.4503818678044,-408.403183457,-425.21880412932256,-544.869458546883,316.2144584857654,159.1457346602736,283.1684848165489,-528.1320984590743,-184.1588871593612,-133.79801630420556,-355.1910771176331,880.6112712382135,919.1408727520763,885.1598217216289,658.3050814762764,978.5872712870976
-576.154353363843,-535.2299945890347,-537.8250986789525,-676.2755564434689,-547.5175015028203,-199.63088645709385,-317.2627355648583,-57.146109051787626,417.1988421468851,848.5539166960601,-517.6708832362924,458.6607371473757,-403.726544756444,791.5819278103186,77.26525738193479,-380.34670351191744,-186.1592010261573,961.8297250566324,935.5418861083222,556.6196191934075,776.1072374242004,825.0800008711574,210.9935471484721,755.8567915986096,-574.4523867810542,-217.69185672716588,-218.63201273513636,-44.62677124448668,-293.88706855181454,728.1565268176836,831.8942877003026,745.2496423769829,772.9053246117617,993.062627775463,-298.316162219617,-415.5798702543707,152.09252831726448,327.34117039083856,597.7818360348765,357.9111551663806,-343.35791966624475,-383.1840008256949,-708.3753421350866,778.9804904964084,636.2930381290437,-67.43954497113646,752.9443712054201,986.4138735258124,547.9597027823534,-379.00567298849865,486.0866956508812,653.3423303483103,522.6536701074953,-311.5563438678189,-419.36437278127306,-373.1526449490297,-486.08305934256873,-838.8345535313031,786.4142501892702,-428.594115762613,-109.73949339505418,-559.61408923654,-614.5785637751231,-892.5289410275191,-324.9860536673483,-363.40262326725207,-523.7432035708035,395.7040676389223,258.95878917384726,368.0077803331311,-527.2885557133305,-200.60076718375703,-150.48100379668423,-366.53595246083626,901.6382083472132,914.8495037729202,883.288895507195,737.0651995913295,982.2271839373808
-594.1009919151329,-544.9076164606367,-554.3178009884048,-667.8597706363862,-465.4822856174849,-172.7105353265463,-320.04640859900536,-85.93754009230626,363.5798726889989,898.371114876176,-524.5631967024821,400.9207118773196,-408.9480809052702,778.2150135621104,22.44318050246737,-387.2805588826527,-111.9170309009513,1001.7051306645023,904.9721422397184,517.8118216170262,795.7432516485757,828.1143465328257,156.5913262808055,810.7044755473329,-593.1952831617592,-230.49419321602443,-245.03455170556407,-82.97265203207104,-314.9710873358217,686.9373453349293,874.4449328239984,801.6767881970488,819.6309615680628,972.090627524253,-319.9247620963206,-430.1042883044167,245.5795209802289,275.3567277718572,552.3879873577364,314.4485010755698,-349.43085890286085,-387.6265814245007,-708.2871084857966,808.2308779511275,709.6429576204556,21.67548969841513,729.5154575031052,1000.6145255034904,615.4077230875662,-381.1925692518128,572.5821380347538,615.812647119577,474.51636941259983,-326.0827036640072,-432.018409101827,-395.7266331092621,-433.079235647366,-828.6486949116794,795.3757639949876,-448.5255845206311,-123.52497828311829,-577.1724255852698,-570.217398334664,-878.3100685760866,-236.23435879793425,-295.1316432162051,-495.4199819648537,471.52356683318607,357.1106808469799,447.0725923058891,-524.5736764218291,-215.5676152792468,-164.79778507507666,-379.55828729706826,914.785134786506,902.9908678840336,873.4143426758851,808.4782764061205,979.139807903462
-608.1466196740132,-551.4901125685436,-571.4971704439296,-651.7693986034983,-376.7973709310072,-141.06552960516623,-322.5702470465458,-110.8323437836574,310.80543539773254,940.0675936187032,-526.9435985260404,343.1298449689133,-416.55775554728393,758.8060965395958,-30.833008624509368,-396.5328431735423,-33.690826151256886,1033.0157703438304,870.0342221815889,477.0860769876317,806.9447783110841,825.1359316186185,102.61180310034186,857.6861078688123,-609.5486422272346,-241.51627146642628,-268.2447795631369,-120.18854741215306,-333.0195894106621,643.609108540994,908.9042362893872,850.4962901950043,858.4552329508185,945.4235902656636,-339.21426996047114,-444.9772127108305,338.9139705339259,223.2262313800352,504.9748709705438,270.5983416944645,-353.1712531706403,-391.8581022373062,-701.1501519636588,828.604944677951,776.6953710893275,112.21682593419906,702.191333139071,1005.279251143308,675.979404332074,-384.9368846080072,653.7368657768794,576.7266338916952,426.352540841447,-337.2908148568304,-442.52668562287766,-417.16006482600034,-372.770932876667,-810.1724348748954,796.1456670025497,-464.4870335580136,-136.05478570520737,-592.8689822754949,-517.1190370750254,-854.3196474842309,-143.50778224689196,-221.27870180007545,-459.6461235709337,542.6275199524838,452.1814380153401,519.1012385303314,-520.4070179772965,-229.39650768921103,-177.01601104100257,-394.0847137796963,920.3979413381348,884.252541952241,856.2749342737688,871.829979772226,969.7135660270936
-617.39912407434,-554.2661789966407,-588.9573563332601,-627.4864180657814,-282.6134913990179,-105.0077295874588,-325.3669656675297,-132.13318606862398,259.243524761253,973.6130894063684,-524.0866223920909,285.7914716960425,-426.5689528974735,733.9439176491339,-82.12420871071667,-408.1931242764346,47.469122609781245,1055.880173903677,831.1850661736843,434.87500681497073,810.1952975674375,816.5501217400093,49.4001719495144,896.6468500858961,-622.7300050215345,-251.0305207179672,-288.23083295409924,-156.04833653087837,-348.0857098568396,598.478556233683,935.2698749402316,891.4477917340456,889.3359203400681,913.5875653696436,-356.1644967464023,-460.43262481933976,430.6645281380203,171.30392000031225,455.95632972303054,226.5711212565644,-354.9263807910272,-396.2163759539183,-686.3453942436669,840.3917736080253,836.6859062746888,202.8188086535448,671.6511570175807,1000.990342326522,729.1528454143264,-390.7170180322445,728.5215591616268,536.3873665072824,378.5186632647529,-345.3743451860552,-451.2120649961823,-436.6537696110044,-305.6518505581824,-782.9654096963651,789.2179506304994,-476.7568770427538,-147.71638837895904,-605.8719542092323,-455.599557509148,-820.2922219179669,-48.28299242063583,-142.88055290360285,-416.3268623817891,608.1152686762885,542.8410537691443,582.9924689102289,-515.2263727883302,-242.4453252690064,-187.44478971117505,-409.8404221128084,918.894079355736,859.356964336249,832.6584728487081,926.6010844569574,954.362130756421
-620.9983774612197,-552.5113883557285,-606.2158615782951,-594.6593055810707,-184.2362183181609,-64.95865876952615,-328.94851225529794,-150.24858082983053,209.23996489112267,999.107238829974,-515.3333450572438,229.4056294882001,-438.88350469457015,704.2227647814635,-131.02438424035836,-422.2491643989462,130.42916824290836,1070.5381934191528,788.8628526906116,391.5736812784403,806.0790630687123,802.7717559531709,-2.704138094383447,927.5736134680473,-631.9287965956896,-259.325057495457,-305.00604377630094,-190.32822492060103,-360.27177640207407,551.8417582340591,953.6859200436796,924.4279059230832,912.3974576902668,877.1122647308625,-370.79169550675766,-476.6595774365669,519.4457932976109,119.93946978147552,405.7136605682868,182.571086640264,-355.08398858481814,-401.0306965179121,-663.4056567024817,844.0101239546409,889.0253483453823,292.12488459609216,638.538002788593,988.4134016095423,774.5681609921287,-398.9226774954095,796.0817927647543,495.083184632724,331.3736185410716,-350.5838699534823,-458.4124510172906,-453.3761376223905,-232.39451592618587,-746.7699007151259,775.1699020990463,-485.6924618060533,-158.90704000093567,-615.3180195350365,-386.1995113231011,-776.1902699239816,47.89018408344087,-61.108579479144666,-365.5419455330143,667.2485405325081,627.8844266030966,637.8322274195662,-509.4789512884822,-255.08497780484072,-196.4275645185644,-426.4502460787101,910.7401436105164,829.0374361998573,803.3732485774619,972.468790459938,933.5118974126372
-618.1462098087839,-545.5121203696766,-622.7185175975063,-553.1233907490191,-83.08961013808432,-21.44028678985353,-333.7850714782538,-165.6824242247882,161.11213102244403,1016.7592101836246,-500.1169530319471,174.46321484764485,-453.2882819446178,670.2280533357258,-177.17159166750304,-438.577720313131,214.0050646757608,1077.3280811696843,743.487878599029,347.542291129638,795.2501926133687,784.2115885781623,-53.36635603632836,950.577555492384,-636.3294254385711,-266.698108890704,-318.6295368605609,-222.81405441119375,-369.7281794993369,503.9900449832823,964.4219085937004,949.4766716672392,927.910104622482,836.5250795238654,-383.1516309755812,-493.7932343966951,603.9574997998988,69.47828694844463,354.60139817817844,138.8050745662556,-354.06379859105755,-406.6131797890161,-632.0409597802633,839.9822572461366,933.3056183165388,378.8276305761033,603.4461180589072,968.2701132621248,812.0211165636773,-409.8362738979227,855.7523075854261,453.0922240585151,285.2740376044156,-353.2213175636642,-464.4728265303767,-466.4855441562382,-153.83684798955906,-701.5308031062235,754.6359966166516,-491.7221509921664,-170.02270735326772,-620.3372604691789,-309.67387640232994,-722.2169892498597,143.43555512373572,22.76607710921319,-307.55578952227046,719.4617750291562,706.2599774792109,682.9131901426538,-503.6120720512626,-267.691595458864,-204.3339966744251,-443.44265123255656,896.4312396607058,794.0174635707652,769.222300786289,1009.3006324101854,907.5924681428304
-608.136907299747,-532.5924390221944,-637.8471883201911,-502.9157818864373,19.32468819460331,24.938045021361678,-340.284360940283,-179.01941488577023,115.14213978498032,1026.8662350427385,-477.9870871314047,121.43813962007364,-469.4546090876576,632.5255902227094,-220.25806947126443,-456.9379163407064,296.9965994395384,1076.6634549131632,695.4652639381312,303.1095866493368,778.4024974612648,761.266124666939,-102.25705196827364,965.8741319081388,-635.1373524570923,-273.4525442214494,-329.205894454824,-253.30932201948576,-376.6508202506223,455.2150851646986,967.8492253635676,966.7604702048804,936.2651009613544,792.347520586336,-393.34157673240486,-511.9069951321958,683.019371644766,20.260429575026453,302.9534574217191,95.48946504660024,-352.3079404900422,-413.2494786059904,-592.1590102799344,828.9070741767476,969.2985111763862,461.7060088807228,566.9118530292257,941.313164379762,841.4518457548994,-423.6168050677544,907.062994673281,410.686310974342,240.56776987929916,-353.63313091140816,-469.7377328227523,-475.1550647006236,-70.96231903524283,-647.4096578728268,728.2834026690464,-495.3350405304159,-181.4476002331158,-620.0804544971791,-226.9735876559798,-658.8215002678519,236.7981998546932,107.41140284280814,-242.8212670271806,764.3651205119432,777.0909347219532,717.7466319000173,-498.063407290904,-280.6386776402141,-211.55109296855787,-460.25678959175576,876.4729176283131,754.9939126640876,730.9812771489292,1037.1417077362134,877.030106657297
-590.3870618363488,-513.1428667223813,-650.9303031863244,-444.2838607116272,121.47100907464724,73.49599227951533,-348.7719578580481,-190.90667949615545,71.5698326447761,1029.7923300275684,-448.6319364807699,70.77782537988715,-486.940714365801,591.6545221422207,-260.0389219916584,-476.96782090427206,378.2223857090916,1069.0114153453844,645.1888809977928,258.576626455475,756.2414135736885,734.3109533255107,-149.0545339563148,973.762059262872,-627.6073790014036,-279.89056519356865,-336.8839005013922,-281.643454917392,-381.27727191768895,405.81269010352366,964.4161413074588,976.5526904655007,937.9473436779036,745.0937345282138,-401.5011167241787,-531.0057996441446,755.600167140167,-27.381901492762783,251.08906500049636,52.85482932516386,-350.27043671909644,-421.189096430771,-543.8796179773367,811.4338344515437,996.9477174681024,539.6580934035593,529.4081746173597,908.3042126966318,862.929833767452,-440.286900024525,949.7368342235258,368.1339162430757,197.58589585271545,-352.20239070589486,-474.5442246790802,-478.5988623557322,15.125607716794953,-584.7916977591962,696.7900418157877,-497.0685731674053,-193.5446403689451,-613.7479935082813,-139.21937807692632,-586.6956325548038,326.49076758752494,191.475595187188,-171.9764900600973,801.7404201114397,839.6887329918823,742.0665623054533,-493.2508602112047,-294.28912058298044,-218.47382744804284,-476.25273011770224,851.3662326815926,712.6241754276415,689.3804450927282,1056.1962577138693,842.2439259648279
-564.4634766417537,-486.6497600428024,-661.2562143664406,-377.6865436581977,221.82387537907468,123.501125938624,-359.47339718371217,-202.03211857201796,30.58591135444352,1025.948325199928,-411.8970213873771,22.89251998355452,-505.1974015099266,548.1237419385134,-296.33900895776253,-498.1848142570013,456.5531001195996,1054.8728288120303,593.045883800149,214.22045460630412,729.4591815427433,703.6974640495561,-193.4487515271154,974.6024638437422,-613.0731695433361,-286.3085795345347,-341.85442694598186,-307.6798679178711,-383.88185136603647,356.0850653878093,954.6228233611646,979.213417048466,933.5071332615298,695.2706222315935,-407.8116596170802,-551.0207061162029,820.8397921256038,-73.12824535097033,199.3179974750084,11.147974090116572,-348.405848726374,-430.63557716967006,-487.5419817553084,788.2375795387338,1016.3549688730512,611.7278011831135,491.34253530046107,869.9955348623366,876.6364523139796,-459.7236330312938,983.6804691622316,325.7019797081565,156.63379917873033,-349.34014284632167,-479.21525437225984,-476.0994627965284,103.23374632552591,-514.285121165735,660.8259138126245,-497.494373592027,-206.6471098734817,-600.6195280493437,-47.66910482162377,-506.7618269043885,411.1363434287306,273.62840000534646,-95.83430678598243,831.5308338781076,893.5584393840921,755.8264310170038,-489.5621851987124,-308.98701362735164,-225.495497150525,-490.7249078503782,821.596275945563,667.5172948082576,645.0911721665404,1066.8048710511289,803.6444227334815
-530.1077707602827,-452.7238066147795,-668.0892630227086,-303.7877871177957,318.9108699906455,174.18953021336074,-372.4987587406459,-213.1001575043589,-7.674390281236,1015.7740909603784,-367.79962899005375,-21.855965578563826,-523.5770873434578,502.4113350281891,-329.05775564091584,-519.9902367889903,530.9415797171545,1034.765502940578,539.421229820191,170.2974087543034,698.7141608686203,669.752645476319,-235.1463963691969,968.7993421929904,-590.9768109298586,-292.99225903263226,-344.3475585869699,-331.3233377823596,-384.7698355906122,306.34137187581155,938.9975374903612,975.1693169187876,923.5324573054514,643.3789968981507,-412.494597835566,-571.8048517119205,878.0637871752831,-116.6749558622413,147.94473767115363,-29.36873512930369,-347.1571949585853,-441.7368883094599,-423.70407081883815,759.9971839778033,1027.761398674974,677.124555224706,453.0577435616822,827.1157074669785,882.8463245705765,-481.6536324365451,1008.9684579656192,283.65651390012727,117.98186855342574,-345.47615442399683,-484.0533818691303,-467.034972905897,192.11285758906556,-436.71214832063424,621.0381547275223,-497.2026756744832,-221.05160325022928,-580.0832849035899,46.31989060808836,-420.1521356074188,489.50600946856633,352.60076149776626,-15.364629474513835,853.8250236164733,938.3965704580175,759.189012398199,-487.3444948196436,-325.04910768867734,-232.998035579497,-502.9187498786174,787.6243071404501,620.2287935854251,598.7169646657464,1069.4187298918732,761.6338752839696
-487.25633656477055,-411.12605915231904,-670.6883243682886,-223.44217073581385,411.3523216180064,224.7871430287321,-387.8304130130804,-224.80572230744923,-43.136700559936,999.7236011166548,-316.5379566092944,-63.165426847623074,-541.3462941219633,454.9665042141812,-358.17171588337146,-541.6786588293598,600.4484262677987,1009.2106925002772,484.7016398025591,127.04584537893822,664.6148732012248,632.7815188109656,-273.8768265304976,956.782249385021,-560.8970386444169,-300.21176239943753,-344.6290681432303,-352.5262674786866,-384.2710775311021,256.8965911568783,918.075116744204,964.8947332968886,908.6231272818536,589.9151722229298,-415.80805943347735,-593.1309370933869,926.7899464343866,-157.74117102419572,97.27125601747127,-68.42070751783582,-346.943279908386,-454.5763381693035,-353.13368766540793,727.3767350116699,1031.525382954682,735.2352609396053,414.8353889648716,780.3593923512105,881.9086929625602,-505.6528992188464,1025.822529043361,242.2619753334692,81.85641351265669,-341.04929735559926,-489.33468614422753,-450.9051626110646,280.4932086319604,-353.0918130251597,578.0400524269405,-496.7857489044115,-237.0122850009637,-551.6638814371051,141.33156603469405,-328.17880817924123,560.5495687679553,427.2209835164313,68.32986541140332,868.8370484993491,974.0820688354488,752.5103279633424,-486.89382555299,-342.7559148014949,-241.3424900251478,-512.0503273701099,749.8834144438315,571.2587947184517,550.7889439446369,1064.572376833736,716.6080751390737
-436.054402188179,-361.7899168156908,-668.3274806752808,-137.6728141291508,497.8962196098691,274.53089411292484,-405.3145239199562,-237.807352616746,-75.79157457304268,978.253205526672,-258.4941808194544,-100.80364010841332,-557.7016090818757,406.2133216573792,-383.7348406594918,-562.4519249336063,664.2620818318954,978.7231000612612,429.27852916496494,84.68814550752124,627.7090625757278,593.0716495459043,-309.39841750965803,938.9918789339836,-522.5746558984464,-308.2170898934308,-342.9963490811443,-371.2934814978782,-382.7332758890748,208.0688075101287,892.3785679703379,948.8947754721016,889.3678744745498,535.3723740518352,-418.0422152906763,-614.690406212234,966.7272760497004,-196.07528872391376,47.598216617240965,-105.72687954727483,-348.1456289524978,-469.16437517671295,-276.7912194183306,691.0106954838345,1028.0982227744398,785.6284588139664,376.901312667834,730.3810386159191,874.229777377181,-531.151615668819,1034.587335733078,201.77945021938152,48.43135820852443,-336.4977304545429,-495.3027648735313,-427.35523243450746,367.1204041759432,-264.6148759204696,532.4040117148506,-496.82075594533575,-254.7363389802811,-515.047377388867,235.9331383806173,-232.29746166800385,623.4183207996713,496.4458511436413,154.0437086990371,876.8832748139913,1000.6615372031804,736.3186439855917,-488.4449588365178,-362.34248271675807,-250.85985296379437,-517.3287461002941,708.7774379828732,521.0529172723419,501.7654532078055,1052.8564514106797,668.9588600176482
-376.8631433288171,-304.8375670167519,-660.3183452660478,-47.64234463993088,577.4470886954705,322.6887444766383,-424.6568134667645,-252.7004153311545,-105.69685606974949,951.813228026218,-194.23090558353744,-134.61726190154116,-571.7890212595244,356.5556178609148,-405.8765146536306,-581.4379110428355,721.712706571018,943.8042956513935,373.54955782769065,43.43193515501039,588.4777537279112,550.8991096253218,-341.50495744904,915.8689209547906,-475.9336580444407,-317.2335304508624,-339.7738941750015,-387.6852836502456,-380.51513480998136,160.17511469893594,862.4044567961184,927.6909433871584,866.3252586470633,480.241424589296,-419.51312444506783,-636.0945155778603,997.767917074898,-231.46150922462823,-0.7754981377446719,-141.00748868194535,-351.0952999538743,-485.4316095049464,-195.80453908543592,651.4930544886183,1017.999040621448,828.0509785312205,339.43258558687154,677.7920954098578,860.2568738486057,-557.4440706701731,1035.7042819542726,162.46374592174803,17.82122928974042,-332.2490241151281,-502.1627516810747,-396.19605022027343,450.7898693484579,-172.61168237945796,484.65824984034464,-497.852486836152,-274.38039632875024,-470.10228356749934,328.7162479534266,-134.0643032891358,677.4792448854732,559.3854953012666,240.50295634919468,878.3576841169117,1018.330057466372,711.289690587905,-492.16172008450167,-383.9889853862648,-261.8424211514299,-517.9808236882385,664.6827338383897,470.0053781257519,452.03532829528126,1034.8917348368043,619.0769537115556
-310.2590757355608,-240.58961522181352,-646.0334324344144,45.38189789308535,649.0879106287431,368.57783031924015,-445.4229813304376,-269.9913922326731,-132.97800845053146,920.8427680691656,-124.4807451182734,-164.53864961674853,-582.7264147205356,306.382319475391,-424.79751249841627,-597.7137041037823,772.2795802905197,904.939278436515,317.9185743707103,3.470519340636281,547.3340003394192,506.5352285866884,-370.0317417399178,887.8463059444359,-421.0966711888251,-327.45715992905855,-335.30837890557746,-401.8186106848124,-377.9796102910233,113.52642889482316,828.6124540273509,901.809569055804,840.0089653949369,425.0102538769646,-420.55513461921225,-656.8774950984683,1019.9730113421004,-263.7259989969702,-47.55495446492504,-173.99333398643898,-356.05992828698714,-503.22337961928014,-111.43697698707014,609.3704268069133,1001.7901998768592,862.4178290972244,302.56546139188947,623.1611648669101,840.4646837725963,-583.7036614385801,1029.684957261879,124.55951705649376,-9.924117306500506,-328.7103493690025,-510.0753416250268,-357.4196765216501,530.3784634084371,-78.51419930502882,435.2868196146259,-500.3764180602368,-296.04765567676867,-416.8953025959185,418.3354918020768,-35.08925443970358,722.3204262725827,615.3211710400518,326.4022450824086,873.7069666227302,1027.4090410692104,678.2192901687032,-498.1280108777459,-407.8113606807112,-274.5358337968165,-513.2774166591181,617.9522337435619,418.4637201859029,401.9242359572527,1011.305665426786,567.354686645872
-237.02532725959304,-169.5669497908005,-624.9298452392645,140.0668050935028,712.0945542069974,411.5800549822287,-467.04404875943374,-290.07418642049635,-157.82615879966423,885.7673797778205,-50.12915490154974,-190.59012079410533,-589.6288404627903,256.07258157758025,-440.7640921833364,-610.3326823424117,815.5921370706466,862.5957421857064,262.7938641062602,-35.01741392157131,504.62576484441786,460.2534783505629,-394.8610709871643,855.3446844420148,-358.3935269161364,-339.0503483406074,-329.9633768756825,-413.8662168302103,-375.4873829164931,68.42153771165782,791.4191616743851,871.7731140087608,810.8777831106439,370.161937192268,-421.5119077356025,-676.5019923499725,1033.5537538738035,-292.74226900022086,-92.45293813613296,-204.4358889732237,-363.2314416592832,-522.2961636732277,-25.0497085338016,565.1388385889832,980.0544216975056,888.7963900482098,266.4038063187937,567.0164188998262,815.3441085803032,-609.0027593500474,1017.0855966258558,88.2965910199528,-34.82267817323909,-326.258836326613,-519.150884093119,-311.2091210047893,604.8718941614679,16.186181540466777,384.73240818651504,-504.8225374982212,-319.7853720910079,-355.70071667032,503.54274739579176,63.01290849402907,757.7480162273345,663.7155354706704,410.4428108263521,863.4067131226819,1028.3225634648738,637.9945624852305,-506.339870564051,-433.8522972050597,-289.1319090901037,-502.560568887507,568.921173727802,366.7346131926611,351.70338319865243,982.7122580921164,514.1882561145353
-158.13480898628526,-92.48429772415004,-596.5724435058245,235.054643847734,765.9425541408676,451.1546430448281,-488.826766036659,-313.20932927105946,-180.49369826771436,846.9991406978297,27.808983495700424,-212.8853253802594,-591.636013420251,206.00012176844413,-454.1004874704682,-618.3547507384204,851.4251030858435,817.2254833646683,208.5847382048416,-71.86871487432002,460.6421803484955,412.3358821959079,-415.9269065056161,818.7707780249852,-288.3621165563904,-352.1372355669515,-324.11370481523466,-424.05391624978,-373.3906264372886,25.14074015840594,751.1960780226608,838.0941491887506,779.3302744421669,316.17112081641545,-422.72621054152125,-694.3669618974592,1038.849036738753,-318.4354345225146,-135.19514640219853,-232.11758079892644,-372.7149388637441,-542.3161125575649,61.939740016703006,519.2437478772376,953.3745801418924,907.3862064218832,231.02756393333487,509.8495573506032,785.3935165267665,-632.3370562713743,998.4837796820508,53.884694736942585,-56.96115240566919,-325.2321964528494,-529.4436657232573,-257.94148484604807,673.3868699656539,109.9832212247092,333.4012493597155,-511.5403601612633,-345.5823996403557,-287.002560878597,583.2160518515954,158.67114265101074,783.7754275020262,704.2154278477632,491.3696620628505,847.9398772420184,1021.5735430522584,591.5648009531458,-516.6989095126719,-462.07291615615054,-305.76235478905005,-485.27047499380353,517.91382238343,315.0902210499074,301.59983418229046,949.6960948692056,459.9792704935604
-74.72574205776934,-10.235402059656778,-560.6555655077703,329.00426036142545,810.3064505304214,486.84735888447614,-509.96908608714585,-339.50687739075823,-201.28740371946267,804.9385123825627,108.21812320610796,-231.62757947831247,-587.941295544561,156.53625222649254,-465.1800844184447,-620.878779423688,879.6885201616286,769.2673061036189,155.69661281298153,-106.93717635261788,415.62232551710025,363.0784193781271,-433.2184861032048,778.5180782434743,-211.74107508927648,-366.7991423638952,-318.1393721624188,-432.6559868111551,-372.0270668026141,-16.060564988910432,708.2713246339348,801.271672247761,745.7039028023713,263.49886266689043,-424.52869195150265,-709.8181103649845,1036.3011445799325,-340.7851194844634,-175.52652963425504,-256.861557932373,-384.5192508129391,-562.8599595645492,148.10091665113512,472.0827095108848,922.3169172127276,918.4958300694576,196.5008786652092,452.1205952713209,751.1123027647288,-652.6538432555128,974.4583249127268,21.5078232145148,-76.49334810826552,-325.9196984509502,-540.9465565579536,-198.18393887502776,735.1872514509696,201.40078657163176,281.669419586008,-520.7855346829746,-373.36653334886006,-211.48902259552443,656.3821935324968,250.40419937654056,800.6058094104344,736.6475454899498,568.0061995666567,827.7784823332495,1007.7209533713976,539.9130054399405,-529.00749805714,-492.3455133602518,-324.49337743034266,-460.9711093326287,465.2505361424348,263.7746884985019,251.8076421761022,912.8007662268112,405.13539358718754
11.929585162827598,76.12973795292773,-517.0223154980004,420.6301911104218,845.0522502288965,518.2962857255396,-529.5805582140621,-368.9136746575243,-220.55917703554877,759.9773392437414,189.9149008779582,-247.10518206537444,-577.8212412977637,108.05122033086457,-474.4155676687568,-617.0761111456159,900.4136843627161,719.1507348706798,104.5248152934334,-140.09525320413857,369.7655964414779,312.79500302204326,-446.7827495684787,734.9692744851659,-129.45430262735974,-383.0699001262884,-312.4190987102328,-439.9888976101328,-371.71425632268193,-54.95800110886447,662.9345605804331,761.7892943841464,710.2781517758608,212.5860630458213,-427.22595038097785,-722.1609379554721,1026.4309201451858,-359.8268694011557,-213.21843608911072,-278.540337249486,-398.5496891095345,-583.4185401172693,232.0337326042624,424.01001495312994,887.4181505290587,922.5181934643946,162.8795651858425,394.2628259225606,712.9964303189776,-668.88351890776,945.5730381423743,-8.681470976821604,-93.6361722738607,-328.55358806969133,-553.5862279487402,-132.6823464156185,789.6938252792448,289.0361418516772,229.8897643941644,-532.7084069273365,-403.0015092525928,-130.03887866756796,722.2325744488954,336.8620375506524,808.6091064797181,761.0077504527684,639.284789133942,803.3693070436593,987.359032330436,484.0289293118594,-542.9661205769695,-524.4477284123553,-345.3211670371642,-429.37328346806447,411.2545032901518,213.01036249207397,202.49901783484904,872.5218527883549,350.06995791142134
100.46158185340356,165.4346153903576,-465.6804050831502,508.7376964043368,870.2238816912823,545.2342482309352,-546.7073286501317,-401.2055249479849,-238.69462377769065,712.5023295444284,271.6835379140292,-259.683890544304,-560.6646108858359,60.91360473696843,-482.2483004585957,-606.2238557306705,913.7361956354564,667.2998480808419,55.447415480638576,-171.23591421518358,323.2427791654215,261.81972771446704,-456.7254679229622,688.499759664422,-42.58780304413069,-400.9311123472588,-307.32336584881966,-446.4035638172229,-372.74393371687233,-91.36373556764656,615.444364375825,720.1147590702788,673.2809931186563,163.84578450441376,-431.0882630666042,-730.6763314477348,1009.8136935552848,-375.65202891506885,-248.07615413229797,-297.0828412477538,-414.6034403242921,-603.4031302850475,312.4095796982102,375.3426198429772,849.176665011699,919.9059550108356,130.21766163417885,336.6873992129307,671.5355599301225,-679.9734809058375,912.3646666998488,-36.5675552047444,-108.66336748235432,-333.3010479571712,-567.2191727118741,-62.34273781206153,836.4876916740343,371.5996364944597,178.39872250080458,-547.3448665255413,-434.2836755383929,-43.700206908204464,780.1322840646412,416.86074699804,808.2951708653728,777.4450132282142,704.272097022051,775.1240137140529,961.09919746733,424.8843666336937,-558.1733021374728,-558.0585010176378,-368.1682048045324,-390.35388011676673,356.2576048228983,163.00342622351087,153.8348122278793,829.3042624999778,295.2004516572514
189.44408257517657,256.4115449062667,-406.81356398423264,592.2520628147507,886.0247665086267,567.4881296738762,-560.361245126165,-435.9846813619816,-256.0997979578862,662.898408339868,352.3120909429302,-269.7968544701656,-535.9996165421048,15.487665968088436,-489.13716422855634,-587.7365826578489,919.8773911032646,614.1365983050035,8.817415599259013,-200.2744417861838,276.2070038478157,210.5072028023374,-463.2110121205293,639.4815857833811,47.640230388500974,-420.30740626322415,-303.2069824423477,-452.27635471372,-375.3763130944872,-125.13113281583227,566.0372790642931,676.7002391031091,634.8979250233953,117.6548531966362,-436.3373940138973,-734.6385644130436,987.0570781537484,-388.40611313275537,-279.94640622819946,-312.4794869468799,-432.3679903711147,-622.1547785694418,388.0084141705551,326.36670746937654,808.0477051118036,911.148126137969,98.5728380480042,279.78706564339376,627.2113471225758,-684.9234215333212,875.335115426306,-62.07662912630632,-121.89728106907314,-340.2568067609219,-581.6287712429283,11.79374884010956,875.307610322547,447.9490599090884,127.52237563966273,-564.6097585052281,-466.9385230542864,46.337939564707554,829.622667477768,489.4095394851452,800.2844682662576,786.2411878989005,762.1883560158673,743.4138979939386,929.555110804017,363.4112746157349,-574.1284795045715,-592.7561647705465,-392.880342756564,-343.9700827410712,300.6049104557995,113.94868429417922,105.97368832508796,783.5434964041044,240.94581100259637
277.4372469776257,347.7407978372347,-340.78763134902897,670.2409712094915,892.7958060335733,584.9754707610482,-569.552354158224,-472.6829098379145,-273.18651699761,611.5514190267664,430.6278042449827,-277.93239328579944,-503.5180794760331,-27.87128919736799,-495.5470387641407,-561.1949663626503,919.1254179546214,560.0830880595462,-35.04534972938651,-227.15000832697865,228.80388658753344,159.23089924237783,-466.460735018483,588.2873044258018,139.91475378710774,-441.06179624056966,-300.40117335121084,-457.9990845495576,-379.8341501158432,-156.158320064313,514.9376902869586,631.9828924721662,595.2827213177325,74.34519434563083,-443.134912861416,-733.3354464868503,958.7814970090076,-398.2857564835381,-308.7243326202768,-324.7851457746168,-451.42287180921073,-638.9567525359112,457.7502410400267,277.3443100891226,764.4422352406638,896.7490927420852,68.01045155809747,223.93874979349877,580.4964978004762,-682.8209297773767,834.9477184503786,-85.18073967181661,-133.69904986989692,-349.4365309092764,-596.5236563729488,88.5814574636622,906.041962764589,517.117256245241,77.58114807462742,-584.2930998139426,-500.6174347117234,138.77976579295796,870.4179599935825,553.7288562642864,785.2778937421156,787.7879139551851,812.420109842279,708.569152359079,893.331077019697,300.48319524563914,-590.2381201579848,-628.0190159106475,-419.2246430163625,-290.46758344600653,244.6574345689851,66.03329524516919,59.079478429753465,735.5902199139978,187.7224767091189
363.0307070489863,438.091529990549,-268.1506130745657,741.9292460855398,890.9911690541829,597.6988298954353,-573.3238633270701,-510.570230657234,-290.3567020559071,558.8497668808654,505.5298929132596,-284.6200535885181,-463.0951620482457,-68.82331335836557,-501.93706172346776,-526.3699439520494,911.8170971426428,505.56241780907055,-75.86224528375186,-251.82689144112155,181.1803239103796,108.37953754830424,-466.7499776047842,535.2932128213567,232.8629863804451,-462.9913585314662,-299.2052348318852,-463.9682056975432,-386.2964735426102,-184.39050385821807,462.3677352525027,586.3852329072193,554.5690069651961,34.19538093241485,-451.57144709369567,-726.0902329520661,925.6040388785544,-405.534363070247,-334.3595154667046,-334.1199360230698,-471.2449260313333,-653.0501402330519,520.7198204287145,228.51950510158608,718.7289315855223,877.2108929909249,38.60606350347124,169.5047288807303,531.8542193810648,-672.8762049004974,791.6271430267176,-105.90059136489704,-144.4576499714087,-360.7711717283249,-611.5376371952765,166.8049867484767,928.716244511142,578.3319981099434,28.892705664594864,-606.0593027576675,-534.8951566655157,232.2613624860693,902.3967876153292,609.2591820513132,764.0271075074297,782.5619594699883,854.5263545614625,670.8822679834744,853.0137205836918,236.90030467790308,-605.825299051894,-663.2286745485818,-446.8880383846333,-230.2820045140266,188.7928940163573,19.43930391176968,13.32636614681492,685.7573725344803,135.93921021751663
444.88502051740016,526.1624002090828,-189.6262425153624,806.7058374836182,881.1532643083216,605.7384287005373,-570.7884335529857,-548.7692840843775,-307.9862313898126,505.18473095353136,576.0182700578966,-290.4153991675531,-414.8034211801729,-107.05163898839292,-508.7487756027531,-483.2410246681758,898.3215486345582,450.9978979075975,-113.40344171377237,-274.2952419900326,133.4915778998252,58.35163175787633,-464.4037513566145,480.88162117096095,325.0954306699675,-485.8235025387939,-299.87784523429536,-470.57340848428913,-394.89194224510464,-209.82093998634048,408.5565143843675,540.3149760450968,512.8818063657023,-2.577131112910783,-461.6572651130572,-712.2847596434862,888.125972619045,-410.4366126782078,-356.86064000857584,-340.6679214204717,-491.2171673393594,-663.6525289091066,576.1838586245326,180.12380509851403,671.2386231414044,853.0193297541354,10.446281559018333,116.83230090184684,481.7377709673215,-654.4546173339136,745.7623328459839,-124.30689675148932,-154.57829379144025,-374.1024954084922,-626.231447882741,245.21652538095356,943.4771809372932,631.0275749811665,-18.22724538886262,-629.449575712839,-569.2685915216254,325.3919279204256,925.5894949186784,655.6607006838395,737.3066270306791,771.1002715707546,888.2383333203063,630.6149636667997,809.1666870539684,173.37827708424427,-620.1428314523188,-697.6765215319194,-475.4769747051887,-164.03309825869596,133.4043326719903,-25.65511645673896,-31.098319513578392,634.3289597908938,85.99071583805501
521.7695913085497,610.7198434455047,-106.10089815362812,864.1233934461467,863.8881958035269,609.2436055115254,-561.1644866378741,-586.2751112380902,-326.40881621357653,450.9493070840752,641.2170088502139,-295.8839801248227,-358.9201181797214,-142.2714514798727,-516.3942578144784,-432.0075570934956,879.0263113563509,396.8105939242085,-147.4947482502517,-294.57138319749566,85.90645483468342,9.548382582412406,-459.7911956905446,425.441855992984,415.2468343510787,-509.2132043766201,-302.62817051852784,-478.1858213210958,-405.69188471398047,-232.49053036447236,353.74798737700075,494.1641453127627,470.3482949749202,-35.82264288615741,-473.31455954882136,-691.3831132631559,846.9239923832228,-413.311997896554,-376.29846733801554,-344.6738660057982,-510.6412276900026,-669.9795289237453,623.6004016266684,132.3804603323981,622.2704217856849,824.6342001437926,-16.372126848889845,66.25193464377763,430.5898902520073,-627.1058204457185,697.7117788455876,-140.52008897153877,-164.4706570123255,-389.1800882021847,-640.0965899740522,322.5739561999735,950.5746556901674,674.8480211454234,-63.4663927815232,-653.8876452639903,-603.1575534909551,416.7956263239469,940.1623557587416,692.8044348428278,705.8886904324887,753.9758970956533,913.4535297021912,588.0078370759694,762.3279638882176,110.54100362075206,-632.389935576957,-730.5734389903125,-504.5183005322918,-92.51167512532498,78.8966015628512,-69.07574129109808,-73.99376078103761,581.5696380273771,38.25018349018494
592.5954292760035,690.6321718073608,-18.604089473455804,913.8912217388496,839.8428405291028,608.423563711532,-543.8110763659126,-621.9799913618831,-345.9004233094134,396.53557497521047,700.3916797229823,-301.5849041972795,-295.927017632196,-174.2390852926822,-525.2443397662336,-373.0920215618144,854.3264210103904,343.4153309805603,-178.02334189984822,-312.6976825177324,38.61051979230287,-37.6348134976471,-453.3189594360989,369.36981832033,502.0151680830257,-532.7416299930162,-307.6069597839396,-487.1460038097323,-418.7031908106405,-252.48609578640853,298.2070698777993,448.3073521410094,427.1071113715036,-65.46434915924686,-486.37177588066254,-662.9549968956837,802.5450339742592,-414.5075793390324,-392.8068962350948,-346.4382402761581,-528.7532476587467,-671.2687239066483,662.6205800381076,85.50748503835388,572.0987712660433,792.4836373945224,-41.74479176106348,18.073999491568717,378.8419451438653,-590.5881298311516,647.8103367068038,-154.70831380967314,-174.5373874922492,-405.6601909391634,-652.5615320527073,397.6778863015381,950.342644222936,709.6423541413525,-106.5194437552824,-678.688918483941,-635.9081017071552,505.1521056960014,946.3997461571556,720.7559450825124,670.5216581861994,731.7757900163749,930.2246367070215,543.2917887876487,713.0093230190505,48.91706459140451,-641.7322602567347,-761.0630024629648,-533.4617596767652,-16.659623719779496,25.680803783819627,-110.65365475123772,-115.14767878214016,527.7342263480397,-6.939053085878225
656.4414242063909,764.898007678046,71.71690741052183,955.862786458986,809.6844717656957,603.5378435673662,-518.2597884645269,-654.7028313513738,-366.6647748495344,342.330699391938,752.9600974290169,-308.05440288339,-226.50229696337087,-202.7610877011791,-535.6170527964414,-307.1347697323784,824.616634978759,291.2154022780249,-204.94209555279065,-328.7420872102126,-8.192604135296543,-82.81790015622003,-445.4236999113148,313.06602693960144,584.1968650668637,-555.9166055972639,-314.8978825330169,-497.75193588344223,-433.8613428570216,-269.937445171546,242.22359307578915,403.0992907937164,383.31573985827646,-91.5016730590659,-500.5603113537286,-626.6978226163118,755.5043027888579,-414.39014708798766,-406.58200637049936,-346.31069446096734,-544.7429590996435,-666.8054206656745,693.0832328653715,39.719305066572986,520.9806974469262,756.9623006330094,-65.56378900079835,-27.415726574637564,326.91271702322865,-544.8869542123889,596.3767934400556,-167.08372037191737,-185.16328965222624,-423.106757557663,-663.000511402704,469.4058437403677,943.1802617592538,735.4525892528525,-147.09373149112668,-703.0731685901521,-666.7989815960246,589.2338127730262,944.6853137699674,739.7529963350016,631.9124640464208,705.0813414337803,938.7444493913656,496.70018014624793,661.6973486726689,-11.06027616423766,-647.3249571449402,-788.2381656151307,-561.6844990739864,62.45620370824809,-25.83307450046528,-150.227789018021,-154.34052441159292,473.0763582287915,-49.27246139294437
712.5731828449968,832.6679716842881,163.6273305817335,990.019120861336,774.083594374401,594.886875923392,-484.2421159474095,-683.2224596869011,-388.8204483091074,288.7117735276984,798.4964215132983,-315.7897559267013,-151.50463599107923,-227.70260540682617,-547.7664867989128,-234.98006521777987,790.2867421125358,240.59630554319648,-228.27225619150215,-342.7974394886957,-54.28173026428464,-125.64633226849271,-436.5639231073107,256.93219369300067,660.7168567631811,-578.1753861025338,-324.509413121439,-510.2472276558116,-451.02398289141473,-285.0134205223773,186.1139345134497,358.8715940652009,339.15563539799643,-114.01159345154376,-515.5138895801305,-582.45647694742,706.2859924725641,-413.3379681001257,-417.879087622673,-344.68222031491763,-557.775578003677,-655.9493620094719,715.0032469737065,-4.772995260626611,469.1626464487656,718.43293205734,-87.72289003954982,-69.96148054002269,275.2067675114679,-490.2261919748861,543.7214206819389,-177.89716534528526,-196.7054935544151,-440.9951352256284,-670.7451357225518,536.7420901120532,929.5338762923096,752.4956166234165,-184.9164405931945,-726.1807668798019,-695.0515621439442,667.9384736542617,935.4830736131148,750.1788194955972,590.7133761037977,674.4522614680811,939.3277372045555,448.4806593437947,608.8555196262133,-69.04989264617595,-648.3383023963034,-811.1613449073124,-588.4980154380507,143.67509567277318,-75.24502630909129,-187.6484734463337,-191.35151689116705,417.8556117073935,-88.49349229433726
760.4538987290429,893.259015942856,255.8388894782705,1016.4496564427566,733.7003806415335,582.8029008594323,-441.7108138404503,-706.3140321553881,-412.3900724582948,236.03978603065468,836.7289469112891,-325.2339165067701,-71.95002101475768,-248.99458980387004,-561.872302322813,-157.65375937674517,751.7196854907772,191.9188712200589,-248.10429016485028,-354.9806837943426,-99.420228822589,-165.80140791099174,-427.2113963835936,201.3664930056023,730.6523145065531,-598.8901261652703,-336.3676159290076,-524.8098061614204,-469.9655021992335,-297.9171354391247,130.2202674176697,315.9292695030999,294.83491906583595,-133.14785714508062,-530.7708919874392,-530.2396779527718,655.3460578698867,-411.7322837361478,-427.00775932662793,-341.9762196332882,-567.0159956541888,-638.1613741646069,728.5546817815482,-47.76277376393544,416.8864381450597,677.2306386693496,-108.1236418768744,-109.3434998218255,224.11237270272665,-427.0717061062033,490.1528353240826,-187.4315260557953,-209.4848120747224,-458.7187187674047,-675.0988963888994,598.8018102516677,909.8810236673748,761.1402598363416,-219.74296787423376,-747.0923877195723,-719.84347044013,740.3154298238834,919.3192122112364,752.532698848092,547.5130950259788,640.4142200378078,932.3911959244576,398.9056322103615,554.9268509671597,-124.79685093907418,-643.985183247222,-828.8876533700779,-613.1579220654506,225.77713165648424,-122.17497595721407,-222.78176501695333,-225.96612945171248,362.3426201405849,-124.40255723929012
799.7471659408421,946.1612679449372,347.04592044494154,1035.3319737188674,689.1748166275049,567.6414584145356,-390.8538838164535,-722.7876106055522,-437.29206685463816,184.65303890193144,867.5322705467684,-336.7611670531533,11.017760472039578,-266.6393786203776,-578.0301882773721,-76.3334273995996,709.292067993871,145.51215410036866,-264.59679182237727,-365.4320487540876,-143.35957932859196,-203.01023997762277,-417.84234729504783,146.75779220107228,793.2494305564242,-617.3763749937726,-350.3102245627839,-541.5413720228735,-490.3731968424896,-308.8806428473257,74.90750525436333,274.5469721862825,250.58861420591296,-149.13805935381325,-545.7798922204066,-470.23188704894216,603.1163422164772,-409.94870171392176,-434.32536267685566,-338.6386896068132,-571.6546299443238,-613.028768964264,734.0499048846686,-89.05015606330066,364.3940205596545,633.6691496752497,-126.68186078309816,-145.38413851665567,173.99903033947348,-356.12626137048244,435.9836092016698,-195.99387710779848,-223.7783703628756,-475.5988379516716,-675.3545712733688,654.8488259633277,884.7166220838707,761.88097099352,-251.36584887733096,-764.85198131725,-740.3259078403129,805.5849031437257,896.7652122534581,747.3996082272268,502.8320070672961,603.4504264928586,918.4325603148732,348.2804663578929,500.33665138153145,-178.12416045225703,-633.5495724473808,-840.4908551351375,-634.8768196802729,307.51973272372265,-166.27335436741245,-255.51428299632468,-257.984558723711,306.8218495553834,-156.86530180659673
830.3120806504469,991.0376927148762,435.9621122062028,1046.9118809369254,641.1204095247298,549.7735842176286,-332.10008350863376,-731.5278310237097,-463.3353038807997,134.86036211001368,890.9147999268531,-350.66412652084585,96.16157627002627,-280.71428794333417,-596.243595230233,7.687748052461515,663.3765063298706,101.66644414921034,-277.9734378842618,-374.3142364665888,-185.84414563673064,-237.0548291162617,-408.9286195605361,93.4791951455838,847.9330028088242,-632.9048003145703,-366.082436428952,-560.4579532417815,-511.84555106863365,-318.15926863199326,20.55813566820504,234.96537424878804,206.6765159916218,-162.27865503111775,-559.9085866510103,-402.7998589327963,550.0093493015412,-408.3486053563281,-440.228866748827,-335.1277242797813,-570.9341856649991,-580.2882277124393,731.9160459895741,-128.44540335958175,311.93086450957674,588.0482491003828,-143.33411803479748,-177.953646596117,125.21455910697074,-278.31565010196846,381.53421550686585,-203.9068223323233,-239.81347288401057,-490.8979987135976,-670.8143180977714,704.3064064495817,854.5417482246991,755.309658220759,-279.6236370493846,-778.4926511025287,-755.6443999640368,863.1496844129417,868.422735251486,735.4205111191351,457.1212318394653,563.9971081470027,898.0098827529005,296.9486949909627,445.495007029245,-228.9226990132248,-616.4149360490359,-845.0914237498894,-652.8404055744504,387.6743802630177,-207.23178932047,-285.75823575187053,-287.23067282080206,251.5919161697896,-185.8196490169035
852.1913700087542,1027.717257676163,521.3561246250572,1051.4850331417872,590.1210840276327,529.5787728610778,-266.1151972747903,-731.5334388653334,-490.2169890891348,86.93446715293531,907.0027619182612,-367.1424154481568,182.188705332365,-291.37293632929595,-616.4170928383487,93.0416637413334,614.345246983281,60.62672076045119,-288.51805410020035,-381.81159331408514,-226.61695657602843,-267.7797236016598,-400.92889562670206,41.88131218648217,894.3089890551245,-644.716205943211,-383.3348552116905,-581.4819069907008,-533.8931849591249,-326.0258370644072,-32.43476217375104,197.3878726719728,163.37888806156923,-172.92803110997616,-572.4562363127594,-328.49310676641016,496.4229936330632,-407.2706824610173,-445.1455638481306,-331.9025202367611,-564.1764789070477,-539.8448742689916,722.6700872947117,-165.77309016460526,259.7479671439368,540.6615827109888,-158.04382385827515,-206.97513881302328,78.08181852523828,-194.7661394806897,327.135056954945,-211.4992878970512,-257.76257208064914,-503.8364303786981,-660.8120514102212,746.7611787338494,819.8550298181234,742.0870944680095,-304.4091255662333,-787.0649029385629,-764.9625010813651,912.5991748156544,834.9105334125762,717.264747596806,410.7649657291586,522.4426456797983,871.7218591114396,245.2937185800182,390.7986587074325,-277.13976881416664,-592.0913780108151,-841.8858981832072,-666.2267625018899,465.0618022101354,-244.79338459088905,-313.45630798701904,-313.5609145044966,196.96349407733712,-211.28109502635405
865.5936207860158,1056.182573679304,602.0844864821673,1049.3810283146863,536.7307228375588,507.4387094869073,-193.78873511107608,-721.9553467124065,-517.5239640334253,41.10576337884787,916.0219640187046,-386.2932577485967,267.79005887562107,-298.84412254235474,-638.3516996325327,178.3285801689756,562.574451203982,22.58683294532173,-296.567934423573,-388.1291826880099,-265.42627281807904,-295.0978208312159,-394.2800254615616,-7.714304382409791,932.1605445949164,-652.0397479930715,-401.6240013480538,-604.4357297429768,-555.9429323161737,-332.7649934134727,-83.67594738753779,161.97784391871997,120.9902600767791,-181.4978283167011,-582.6696275176963,-248.0378179374014,442.744746911474,-407.02265899642873,-449.5228450833488,-329.41206658283096,-550.8084086377681,-491.78631260056807,706.8938534618229,-200.8768233412534,208.10252456449268,491.8040845817648,-170.80656859626555,-232.4283109089116,32.89508747894918,-106.77382652413282,273.1264776866323,-219.09707474011543,-277.73913515667726,-513.611705464516,-644.7374756609545,781.9605431950879,781.1465399620711,722.9152333260496,-325.67635100312503,-789.6665653094185,-767.4877565428881,953.7061319078824,796.8535112463895,693.6056719767927,364.0855257271078,479.1299474208735,840.1899220576374,193.73677091002517,336.6319984695573,-322.7666944341065,-560.2402385398165,-830.1765544249407,-674.228546838209,538.5840684045583,-278.76207024602576,-338.5860739369094,-336.8726451874752,143.25501945256687,-233.34578967114223
870.8709291260219,1076.5531766452652,677.1203285684758,1040.9505846136506,481.47469015668577,483.7317190789597,-116.21122456510632,-702.1317751610674,-544.7375428732004,-2.443065245043107,918.2785556219736,-408.104255573916,351.6789767362216,-303.42819060848,-661.7425194313823,262.1608724440467,508.448584971528,-12.31536078218339,-302.5056098027679,-393.49164069402485,-302.03272203135776,-318.99397577930944,-389.3884372528139,-55.02113564825285,961.4383376007486,-654.1140809258245,-420.4157679927992,-629.038031480973,-577.3454021729618,-338.66779814609464,-132.77747726851052,128.8566118564389,79.81166170791118,-188.44275115638132,-589.7624183940621,-162.32406449108367,389.3547145595298,-407.87331168457285,-453.8173448830839,-328.08369680393184,-530.3861090808773,-436.390566691396,685.2100509872522,-233.62421005410948,157.25738602038254,441.7783554129571,-181.6544472585973,-254.3515305277948,-10.083845458553144,-15.766958848401364,219.8568066479567,-227.0134413647844,-299.79418214467137,-519.4210115261624,-622.0609336597913,809.8043432099967,738.893947145665,698.5115732836488,-343.44590640469534,-785.4735237199288,-762.4990375658322,986.416851488274,754.8739258765045,665.1003999115616,317.3504461456818,434.3615010067113,804.0426358100764,142.73119822099753,283.366980202428,-365.82581420644414,-520.6948504482277,-809.400264083619,-676.0775612954461,607.2522722096596,-309.01054297499377,-361.1636190632761,-357.1114571606409,90.7865294744404,-252.19102422052796
868.4934431154091,1089.0657095790154,745.5767744536815,1026.556057226374,424.8526207998543,458.8278466801068,-34.64279597180123,-671.6189895503355,-571.2419048844971,-43.58145462888662,914.1399411813604,-432.44851948886026,432.6277821403648,-305.4909354150163,-686.1789966944323,343.2051105694935,452.3644013695436,-44.00171083859934,-306.74930106746035,-398.1416737227604,-336.2167847326966,-339.52622220471545,-386.62156277058847,-99.79271646364953,982.2461432898724,-650.2109791671813,-439.092124603845,-654.9020124797298,-597.3862296240919,-344.02672413899154,-179.36875843888532,98.10224667856744,40.14167394920786,-194.24914237725216,-592.937570109231,-72.38649548031809,336.62730734527526,-410.0448300880488,-458.4837262931589,-328.3116831384889,-502.6162933135514,-374.1271166173588,658.2603447343222,-263.9117708337465,107.479424656644,390.8994447295874,-190.6591654839292,-272.8420377342494,-50.62980183792814,76.73726925876679,167.67860481195385,-235.539946079088,-323.9132919216917,-520.4854781260432,-592.3580435176349,830.3318010868644,693.5605787146009,669.5864835911866,-357.8082085691196,-773.7702765073218,-749.3742126129986,1010.8358242231938,709.5846042540371,632.3741957971874,270.7809682957947,388.4064354052971,763.9027283101266,92.75337143179924,231.36181856405275,-406.3571577814665,-473.47623255120266,-779.1553110475976,-671.0709683217327,670.2087800494323,-335.4863811625216,-381.2460924237967,-374.27705437384304,39.87207829157239,-268.0728725994352
859.0223147116444,1094.0522770857954,806.7241526176953,1006.5652472660064,367.3417629885149,433.0844621891374,49.52570799076977,-630.2161619416316,-596.335980856775,-82.23408939252612,904.0168281667658,-459.0822792991629,509.50046913788617,-305.45521796824266,-711.1480750490123,420.2204782909115,394.734067375559,-72.45622047798591,-309.7423085393652,-402.33804768704255,-367.78640647217736,-356.824564077522,-386.2992014088189,-141.82642656886836,994.822847265793,-639.6607869862383,-456.9612648308086,-681.5367521501761,-615.3010488542637,-349.1311329070491,-223.10674877933465,69.7492601619046,2.266709734539957,-199.42261983472292,-591.4123732651329,20.620941024667733,284.9313070490495,-413.70560332372673,-463.9633498995359,-330.44606060271235,-467.3738084357499,-305.650560187663,626.686260259018,-291.6694971967244,59.03696599834908,339.497634914786,-197.93379379822775,-288.05412701556725,-88.55842957102185,169.17954955636586,116.94338448363898,-244.9377284078702,-350.0139369169924,-516.0758055323644,-555.3329561676891,843.70490055808,645.5949937200461,636.8241515954281,-368.92449988494616,-753.979208462796,-727.6170183212915,1027.206119436477,661.5839652843183,596.0097056546174,224.5612826138465,341.5088639059545,720.3768997094993,44.29078769077155,180.95844183742747,-444.40506207421305,-418.80266550957714,-739.2248962504322,-658.598192105564,726.7433759768599,-358.2160125967208,-398.9329745301941,-388.4273990316168,-9.18875485138647,-281.32087862449305
843.0825202346119,1091.918191405132,860.0005837868733,981.348222303877,309.4002281807683,406.84228011343055,134.81739000279842,-577.9829883437847,-619.2486902793648,-118.38256274530426,888.3471747018828,-487.64505179456495,581.280184583147,-303.79055836874426,-736.0405059414566,492.0918215576615,335.987060717446,-97.72612366638656,-311.9415919188454,-406.3529163397084,-396.5844946040861,-371.0874367013899,-388.6847801768407,-180.96588897759744,999.5220390981432,-621.8788557313743,-473.2712655556784,-708.3515779477831,-630.2940322996824,-354.26323949684576,-263.68588223736094,43.78921160783243,-33.54904552214008,-204.47507774809168,-584.445383505976,115.4553410284724,234.62825145120036,-418.9635184909957,-470.673031594664,-334.7818756047666,-424.7144744463651,-231.7868219198652,591.1134774728332,-316.8647763614611,12.19641625359278,287.91898796976824,-203.6330973896827,-300.195334859454,-123.73035872301558,260.00674878145657,67.99513274997426,-255.4293615353224,-377.9430974584931,-505.5383111127362,-510.8389868965322,850.1894647584099,595.4316353903279,600.8675525062947,-377.0255064301994,-725.6873985435285,-696.8819453919153,1035.886858735681,611.45256330039,556.5409393464091,178.84792453060228,293.896762920618,674.0483622018091,-2.171901440226245,132.4787642364545,-480.0049669483119,-357.0923466569383,-689.5960857290285,-638.1673833257348,776.3029859854674,-377.3063259914577,-414.3659266378428,-399.6809304178159,-56.11971241197735,-292.32983573228347
821.3368625699551,1083.120226413788,905.01590305661,951.2767092872128,251.46961733417928,380.42169442269824,219.71763742474664,-515.2488904629776,-639.157305168961,-152.06540063622313,867.5825612083102,-517.6624090925599,647.0905243541123,-301.0010475260735,-760.1605009810011,557.8560040424519,276.5705451712073,-119.92153679530684,-313.8057809499892,-410.4683359468282,-422.4960314361977,-382.5760524305805,-393.97654176415534,-217.1019290049884,996.7903516748248,-596.3919448081747,-487.2271749139168,-734.6637253304169,-641.5596415023972,-359.69450294997006,-300.84731198919,20.17219485968396,-67.07359609092885,-209.9113422113468,-571.3643885142868,210.8190210279685,186.06917709170327,-425.8598775382427,-478.9940535902063,-341.5490614841685,-374.88238086285486,-153.51225348498855,552.1398477023056,-339.5054524880823,-32.78176614473221,236.52358520295743,-207.9524171354388,-309.52081029117085,-156.0550951279273,347.7193508515405,21.163004425406545,-267.1913690407697,-407.4752047146555,-488.3204079985454,-458.8953737497097,850.1351533726989,543.4921446549447,562.3075954590797,-382.4078052490672,-688.6697371542585,-656.9959601367635,1037.3291533511583,559.7508152560956,514.4516456338793,133.7787821474704,245.79067258031017,625.4719064474576,-46.168085289726726,86.21994742840981,-513.1706557145418,-288.9586408966001,-630.4730493267214,-609.4301934215571,818.4950112283086,-392.94383798282496,-427.7271774885031,-408.2167706876237,-100.67650674333692,-301.54885306791493
794.4622535482129,1068.1463563473342,941.5492599250326,916.725516045673,193.97664222032813,354.11934673523155,302.72381925213807,-442.6129358459368,-655.2086325160766,-183.37632416816476,842.1772711533649,-548.5513787335553,706.2100637789773,-297.6119642935564,-782.7388437549376,616.7206988654491,216.94802479591863,-139.21364659279044,-315.7828353660312,-414.9718153386361,-445.4545065692628,-391.60692599173854,-402.2987986053886,-250.1721593801776,987.1456084630478,-562.8634086174462,-498.0112825170252,-759.7094232736326,-648.307034115704,-365.6823081499596,-334.3871014172012,-1.1908565842129275,-98.11657040970832,-216.21574627162423,-551.5943556888612,305.3960339547784,139.58985761665343,-434.3640674626778,-489.2615563867055,-350.90314867266073,-318.31097338833456,-71.92639481051015,510.3272353017232,-359.64186177805544,-75.64760998520474,185.68155491269883,-211.12511331880745,-316.3261905789578,-185.49441000384743,430.9157861696681,-23.24644253488733,-280.3474749951346,-438.3105513774569,-463.9944616984888,-399.6990040055007,843.9554967155897,490.186959505861,521.6763769503613,-385.4280584871105,-642.9071398686044,-607.9759358129105,1032.0518052967957,507.0175406658432,470.1775137632884,89.48124233457736,197.41157808291229,575.1711636239168,-87.26472294564137,42.448921876185096,-543.8822606532478,-215.19781489999184,-562.2835951997592,-572.2035370181954,853.0846120039754,-405.3914395624396,-439.2364906115044,-414.2729289179864,-142.65475159722155,-309.4680310180119
763.1291144274786,1047.49778844381,969.5410663806636,878.0753696365817,137.3335212068482,328.20486840942846,382.3939417747412,-360.93401383258,-666.5426191755103,-212.46067302059072,812.5801470228264,-579.6285115362949,758.079957226059,-294.15550754440005,-802.9494680259783,668.0752227170286,157.59617817803158,-155.831413448982,-318.2975491911288,-420.1507587030667,-465.4473494289116,-398.5429186896942,-413.6935080774377,-280.15935528250753,971.1556948530468,-521.1158879164617,-504.8061490848367,-782.6584428103231,-649.7863768661088,-372.4667453522919,-364.1630383884251,-20.425132268364784,-126.53772069703562,-223.83885975024813,-524.684173328519,397.8893624912658,95.5047627179777,-444.36915477040367,-501.7544142879443,-362.9170193321326,-255.6174809364728,11.780436164861978,466.1970681444009,-377.3677568728022,-116.16653577733192,135.76713504031795,-213.418607419286,-320.9394307085646,-212.06495493446496,508.3315854329008,-64.95710801050662,-294.9626485484525,-470.0743836327772,-432.2789392965863,-333.6301291287805,832.1089168571327,435.9168888413113,479.4442810314936,-386.4953406465468,-588.5987225862248,-550.0407657919753,1020.6179315150214,453.7689371915429,424.1114796021629,46.07908223151794,148.98743508763343,523.6376469757081,-125.0773424317167,1.3965251724073389,-572.075430369291,-136.7695397929143,-485.67822905768384,-526.4870270073274,879.9865540191214,-414.9828376882829,-449.14682922678713,-418.1425930597205,-181.89672510918044,-316.6031722943718
727.9844499158384,1021.6739105078464,989.0802109351926,835.7165234099899,81.93708191289056,302.91776145301304,457.391958193099,-271.3112859008535,-672.3178916852692,-239.50997476063128,779.2291018103388,-610.1206674227192,802.304843379632,-291.1560587996866,-819.9293677070656,711.4934856867068,98.99988164684656,-170.0567860313139,-321.73907896230884,-426.28568247160575,-482.52003812479086,-403.7831535068468,-428.11253011428187,-307.08886020668524,949.4188912876195,-471.1501908605937,-506.819792637356,-802.6320314602739,-645.3161376284578,-380.2672551968178,-390.0998077886733,-37.68827694709814,-152.25412026299838,-233.184583358142,-490.33091721357385,487.05706841679824,54.10003806077993,-455.6886149585048,-516.6856890993342,-377.5739159799289,-187.590510944896,96.3632164640963,420.2292875088406,-392.8201093996853,-154.12448542507917,87.15114914612944,-215.12907204424465,-323.7121241471449,-235.83982033098584,578.871644396925,-103.7309705894842,-311.03801059572766,-502.31694685497945,-393.05578068661055,-261.2513522461711,815.0814793913044,381.0744185928199,436.02050833516114,-386.0618181022813,-526.1669594088008,-483.6172744053291,1003.613479802503,400.4976402661776,376.61131266443016,3.697805256588796,100.75792586420437,471.33111691636935,-159.2837278041589,-36.74832550303651,-597.6321386879897,-54.77085014647672,-401.5212585646893,-472.4748614136136,899.2524492387125,-422.1148734573559,-457.73889094997895,-420.1686575837562,-218.29660128697992,-323.47902814230946
689.638870644162,991.1605712656392,1000.387615587951,790.0524852197851,28.166634250147176,278.4644086363088,526.5276771014054,-175.05545325925547,-671.7386514282135,-264.7547237223814,742.5480203102121,-639.1785807984261,838.6476530082475,-289.11538489933025,-832.8015353850202,746.7295583837587,41.64554419838693,-182.2184473850566,-326.448675588504,-433.6421366313937,-496.778579595754,-407.752139805439,-445.4110058562177,-331.0253130522256,922.5462158110374,-413.15909943166326,-503.312255043554,-818.7240290316904,-634.310283435835,-389.2788970226932,-412.1923300441574,-53.166206295699446,-175.2457451583097,-244.59780620806836,-448.4003652259668,571.7457275444847,15.62586795750576,-468.0544451321982,-534.1937682449354,-394.761913354379,-115.17097198987447,180.56019559937693,372.8642229732696,-406.1778352782367,-189.3331505399679,40.19237548364653,-216.57482823250768,-325.0108791382086,-256.9487672626913,641.6343438748313,-139.37516253349833,-328.50668619464125,-534.5148051300916,-346.38299174781645,-183.2995082512728,793.3718977149337,326.0445691379001,391.7564959677871,-384.6120454876767,-456.2550838641345,-409.339237534573,981.628383543427,347.67157059332425,328.0086114788616,-37.53177798721463,52.97716628230532,418.6808181695765,-189.6356331723649,-71.84398642141124,-620.3736847640129,29.59537119567289,-310.873820878875,-410.5611348837903,911.054391389918,-427.2379385507031,-465.3147191281693,-420.7366722626516,-251.8038902510838,-330.6116241756344
648.65758154302,956.4218994191948,1003.797283795796,741.5032644432437,-23.61922133960904,255.01522957866635,588.7895914020731,-73.65190905367182,-664.082253383528,-288.455525305804,702.9456798363851,-665.8932608627875,867.019210111509,-288.49817356357835,-840.7004418580274,773.7067244770836,-13.987008740270436,-192.68415254441777,-332.70781781112504,-442.4613392724762,-508.3901002247404,-410.8884121620029,-465.3423355315047,-352.0690053643699,891.1461404192085,-347.534975858711,-493.6226185642795,-830.0248241192977,-616.3042068605955,-399.6680212733304,-430.5071561046646,-67.06853106331884,-195.5591912117562,-258.3528362663488,-398.9425535946829,650.9196329732351,-19.711373762246225,-481.1169372204884,-554.3343226713724,-414.2700652609845,-39.42685114448109,263.130889497232,324.5067859436912,-417.65951826604186,-221.6351894937814,-4.771649507700871,-218.08851799987556,-325.209265257504,-275.5769016221444,695.9267914245357,-171.74822386256542,-347.2307067786895,-566.0737928788146,-292.50159482849364,-100.67044823732142,767.4790954605431,271.2051691524495,346.9516107312864,-382.65113207426464,-379.716314405254,-328.0390810025999,955.2408679623378,295.7323515050606,278.6183380173594,-77.47181840444331,5.914222607789097,366.0871778894707,-215.96801255097168,-103.80054317948594,-640.0564701592184,115.05598134557816,-214.9691235681224,-341.3378412087613,915.6660952722904,-430.8447309439909,-472.1906117061927,-420.2664133485595,-282.42493953967585,-338.49023002307365
605.5551344663425,917.8956548554274,999.7359781250752,690.5076271313501,-73.08661494498719,232.7020270473287,643.369415661527,31.282677606477897,-648.7267021813759,-310.89285589582244,660.8162548973565,-689.3152434062916,887.4637269692714,-289.7182672583163,-842.7993831205715,792.5011745630452,-67.43376284691642,-201.85177597836343,-340.7269786676281,-452.94963860249294,-517.581352163919,-413.6329381351161,-487.55523477008967,-370.3521660241334,855.8118830537148,-274.8702694394139,-477.19541955925104,-835.6476680287352,-590.9781514309373,-411.5671828582384,-445.1818949468538,-79.62372339205608,-213.3093461179977,-274.6428413373528,-342.2013191970116,723.6844940713437,-51.75675649022755,-494.4464071263308,-577.0732601183272,-435.7864445396141,38.47724782998249,342.892209818383,275.532280823417,-427.5202116358587,-250.90933491723467,-47.43383632077232,-220.0081337314213,-324.68072614266134,-291.9616277261157,741.2709922203649,-200.7652893789624,-366.9990866442746,-596.3339805543023,-231.8362777906929,-14.397162325422071,737.8924375988971,216.92644272321357,301.86046065063897,-380.6920112515581,-297.59487704169584,-240.73214231707829,925.0051911391782,245.09316827580844,228.74807568366523,-115.9775389544948,-40.14856150747924,313.9236158401271,-238.2054207268493,-132.58300265565734,-656.3711233036363,200.3055864740331,-115.18063166154924,-265.5852142921213,913.4426934045674,-433.457594853836,-478.6895427142407,-419.20227126751007,-310.22246561353006,-347.5595352718957
560.7935713021403,875.9919026069791,988.702589386298,637.523977404108,-119.93097670686484,211.61559658494576,689.6776349750871,138.0484045246667,-625.1771999917864,-332.3557697132227,616.5409414719627,-708.4766274102543,900.1414106368463,-293.1259230846557,-838.338847207786,803.3216952120003,-118.25643869878368,-210.13925933302104,-350.6352997427824,-465.2670408521862,-524.6350211358401,-416.4174917508766,-511.5933154101483,-386.0354322476764,817.111343455829,-195.95033180425935,-453.60532690048194,-834.7567145413549,-558.1769177681189,-425.0692174528104,-456.42272894979794,-91.07416520404804,-228.67890071603597,-293.57057251230776,-278.61699677585085,789.3046825938593,-80.41378073344562,-507.5371783069042,-602.2808923392186,-458.8983041388541,117.31454553940245,418.7509934176116,226.2930813470981,-436.047378536281,-277.07529050053233,-87.52622911812962,-222.66700959571355,-323.7926875885721,-306.3878118216384,777.4012745663074,-226.40199265028627,-387.5272158413501,-624.5770349731861,-164.98935695466216,74.37790682802829,705.084576655945,163.56983057412828,256.701172235752,-379.2420235568912,-211.09924248605105,-148.59375113117622,891.4428908641484,196.13603174475244,178.70629340058863,-152.89908583525852,-84.9192886216437,262.53818607496703,-256.36540846420826,-158.21293991398989,-668.9454662732853,284.04517435360015,-12.9843705459041,-184.25449705582224,904.8003201936492,-435.6146861610727,-485.133287569162,-418.0026228678996,-335.3131992900747,-358.2025752673388
514.7834621200951,831.0946166513068,971.248131576101,583.0296303694364,-163.88184733074996,191.80370239833167,727.3498905949149,244.91259078799848,-593.0907794327451,-353.1299384085468,570.4902397894459,-722.4156973135977,905.3094249368268,-298.9963813107454,-826.6549035800738,806.4868097925846,-166.0526594252396,-217.97372558093912,-362.4714951061221,-479.5151739057868,-529.883807813222,-419.6531335276317,-536.8975771377741,-399.3047031827789,775.5796483421284,-111.73832987999322,-422.5789247312435,-826.5960007159156,-517.9247145283605,-440.22050997845975,-464.50013726232135,-101.67122177826135,-241.91563721293036,-315.1406680555207,-208.8217295604335,847.2134638706755,-105.6503140318248,-519.8141014027727,-629.7275743588744,-483.0945980200215,195.8329570640054,489.7314655350864,177.1254160295229,-443.5559953699944,-300.0982930118461,-124.82771688391831,-226.3829158567815,-322.90190006043406,-319.18119370277617,804.2537550146587,-248.6969087629014,-408.4577250515904,-650.0363160300401,-92.7279991449977,164.4351356187527,669.5067319840033,111.4859920268524,211.664017306401,-378.7890037591366,-121.5684613111846,-52.92978324365164,855.0374201126249,149.20848924353373,128.80902822962236,-188.08493772481637,-128.10201452252383,212.2548334384532,-270.5588902749259,-180.76842289211115,-677.3516848221633,365.0195483850501,90.0830960458219,-98.44369308649937,890.196524886599,-437.8552026447816,-491.8344051473656,-417.1283228625548,-357.86382989463186,-370.7249183382733
467.8872715033856,783.5656651047489,947.9571367354145,527.5183858763982,-204.707610758066,173.26955101924187,756.2445188936767,350.16029981694624,-552.2979624256859,-373.4854303203933,523.0264652818067,-730.2037551809929,903.302396216092,-307.519976563832,-807.2065027549348,802.400835649363,-210.46590922231027,-225.78009237357327,-376.17634968600953,-495.7251818220759,-533.7023397282289,-423.7188955111006,-562.8121187105723,-410.36848807539786,731.7141953020639,-23.35248514559076,-384.0124696887237,-810.5184304316512,-470.4341757320526,-457.01360621535247,-469.7429923192396,-111.67048274426328,-253.32747483087505,-339.25384067471606,-133.6271971335016,897.0160754255922,-127.50310698964286,-530.6418475885762,-659.0811064537916,-507.7711062161957,272.7926513009233,554.9965341699816,128.3555513460329,-450.382800941696,-319.9931749311239,-159.17041138995185,-231.44644390263883,-322.35086468966347,-330.70019215780815,821.9490026199039,-267.75240592980055,-429.3629873384577,-671.9099657042766,-15.965010941759498,254.51306531802723,631.5861272853791,61.011969349378965,166.91983550314484,-379.78705120886383,-30.432927653504294,44.85826241201894,816.2318925015805,104.61989194597552,79.38454575694153,-221.3866221530743,-169.40366501083352,163.37410447217485,-280.9875931986855,-200.38214919249685,-681.117878847069,442.0518402062417,192.4691530286696,-9.367299648298626,870.1124077851472,-440.7039270706303,-499.0881834374121,-417.0304237825138,-378.0855093966207,-385.3405843320055
420.42446197331645,733.7505088606059,919.4310463614536,471.4964360025109,-242.21983527280443,155.970918035387,776.4319899156628,452.1426246395787,-502.82032367014574,-393.6646253960168,474.5061099466281,-730.9735809787936,894.5135237153522,-318.79397716440525,-779.6005027914177,791.5302420270339,-251.19485669814537,-233.9695624984451,-391.5872062433974,-513.8461510164304,-536.4970497138544,-428.9507496922385,-588.5932891571795,-419.4557612916796,685.9720261065913,67.96366213204826,-337.9845861909011,-786.0136799018952,-416.1087956265747,-475.3794477286936,-472.5312188859626,-121.32730487481814,-263.27529232946256,-365.7032277516864,-54.00495222347572,938.4859452873994,-146.08057309801563,-539.3371364545045,-689.9062125062779,-532.238399594811,347.0024975911172,613.8622373805049,80.30474928006285,-456.87964179543576,-336.82771595462566,-190.44445054571588,-238.1089246783328,-322.46502509763945,-341.32634438943506,830.7693354649222,-283.7338320745485,-449.74942694346566,-689.3771090201886,64.2661301110736,343.34513406891847,591.7252522317682,12.467543451134349,122.62777839979282,-382.6421652524064,60.82871439315289,143.31226441559377,775.4295271858631,62.6373797698348,30.775688829636508,-252.66443226516745,-208.5419143728587,116.17320404963128,-287.9387949122347,-217.2378401898963,-679.7439483078227,514.0735924607061,292.6500480239703,81.67860189914023,845.0371831163902,-444.6553547707239,-507.1646102719005,-418.1372299171716,-396.2272248537031,-402.1601152623589
372.67775910031736,681.9848698368552,886.2740124171962,415.47673270510126,-276.27693465162344,139.82009863533742,788.177338351381,549.3206293785543,-444.8828322025896,-413.8706273788775,425.28174338719566,-723.948724865205,879.3771706584002,-332.81629332879453,-743.6132207517584,774.3815369203269,-288.00166094851147,-242.92838141342853,-408.4348431285045,-533.7347423009747,-538.694228485541,-435.6309436786824,-613.4224036124659,-426.81423376277365,638.7693071009467,160.87680273879494,-284.763021511367,-752.733830261846,-355.53832515073816,-495.1796404246553,-473.2872112224278,-130.892772348504,-272.1635917655516,-394.1731332037321,28.94003130260028,971.5547413194944,-161.5635755113217,-545.1839469596415,-721.666418164299,-555.732847177551,417.353671802173,665.8051132248477,33.292499874787914,-463.4058547278543,-350.7250327511008,-218.6011031012221,-246.57018156240628,-323.5502847937447,-351.4536922237268,831.1323490371192,-296.8670210161602,-469.0638046983329,-701.6171052994388,146.8409866559181,429.6960454323821,550.3025836895998,-33.84913242196322,78.94199052110048,-387.6979469548366,150.73452956804127,240.95888820049197,732.9962839109477,23.48178677132913,-16.66022730255446,-281.7937933330375,-245.253541911304,70.90534193465857,-291.7776283129219,-231.56504168842724,-672.721520621057,580.1492158573608,389.1741590217785,173.35424724911837,815.4556550827284,-450.15771372657474,-516.3003954631931,-420.84081703658296,-412.56836761496487,-421.1811644596806
324.90004608739986,628.6015992961982,849.0813387962462,359.97200460827025,-306.78690912409434,124.68485699200995,791.9169313230587,640.303183267849,-378.9199230119469,-434.2564891429234,375.7032157337524,-708.472635650303,858.3535904372557,-349.48115904212403,-699.2073499845986,751.4816938987814,-320.71893060208384,-253.00722378762563,-426.3431265642864,-555.1467348184439,-540.7265226450305,-443.9778170777089,-636.4220448345783,-432.7088598857328,590.4826381680721,254.00365018537968,-224.80480265711432,-710.515466587119,-289.4870168632664,-516.1992890616361,-472.4661967403726,-140.61015706615748,-280.4291259705473,-424.2403209934612,114.0015893085028,996.2972765063088,-174.20403049457806,-547.4516135445713,-753.7286446202916,-577.430805309445,482.84889475316953,710.4626977143384,-12.362317988956727,-470.31964878904654,-361.86473853630935,-243.6541546000472,-256.96647529416015,-325.8903462659924,-361.477473245068,823.5623361375863,-307.4341590769187,-486.7016388668146,-707.831575107188,230.57730911279708,512.3960736378278,507.674394288199,-77.66647184387902,36.01693498550198,-395.2216061847072,237.84398474852335,336.3515690315985,689.2651171512393,-12.676294770293865,-62.55397819759094,-308.67189657996147,-279.3027854794785,27.79837192617554,-292.93727016137615,-243.63257099824875,-659.5573614125459,639.4940098351522,480.7016525844517,264.3152771946,781.8388705705563,-457.5972272627283,-526.6910533601283,-425.4832095326362,-427.4108263236399,-442.281913620264
277.321411037836,573.9370054361912,808.430619766906,305.4866509146825,-333.70899562947886,110.39054025886654,788.2310705951885,723.8773664262229,-305.5744320442542,-454.9155207925555,326.1179954627603,-684.0364657930634,831.916207837821,-368.57687129205937,-646.5431953919028,723.361867977806,-349.2550609346663,-264.5115048633079,-444.831774645298,-577.7311741052393,-543.0182049928875,-454.1362600738522,-656.6758563482647,-437.4203340042197,541.4518513369204,345.95308151381306,-158.74941361599392,-659.3969842020637,-218.8749786998229,-538.1410303719892,-470.5457179800222,-150.71191259343294,-288.52768595512464,-455.3779493125722,199.9089917929898,1012.9125363674152,-184.32121233317756,-545.4155346605811,-785.3708039365148,-596.466030112169,542.6260803861767,747.6277471526355,-56.3425216063008,-477.9685003561126,-370.4826141285806,-265.67963482803503,-269.3590475675262,-329.743369693954,-371.7824891901606,808.6612177180532,-315.7681025622594,-502.0178944533279,-707.2687010351054,314.27009476493754,590.3717587787161,464.1772836772562,-118.7447581468976,-5.988837289383921,-405.3905707441155,320.80026435171897,428.1111802923261,644.5412555713092,-45.72002522360962,-106.52933441992656,-333.2241994723994,-310.48924469025764,-12.947208483198184,-291.9073482575097,-253.74092095907383,-639.799444120805,691.4853610499126,566.0388138184239,353.25117696349685,744.6379984700874,-467.28300876694266,-538.483060347763,-432.342496947482,-441.0709113120392,-465.2175707651258
230.1559258427557,518.3359822710917,764.8754728929989,252.5077681121309,-357.0541420605843,96.7234983772786,777.8139853100082,799.0306205603403,-225.68881738163256,-475.8729101653525,276.8705382686584,-650.3042842637473,800.5416509707721,-389.7856684381341,-585.9833633590721,690.5448605071092,-373.5977292483069,-277.6928213396967,-463.3224976552452,-601.0277598115985,-545.9695920557148,-466.1690331096732,-673.2516010284264,-441.2432996437462,491.9839037449724,435.36853731401146,-87.40493645057246,-599.6299266121862,-144.75327614363798,-560.6209597501725,-468.01438241682513,-161.41717205229455,-296.9193307953475,-486.9621744369561,285.3662642963283,1021.7022289223952,-192.29572763221643,-538.3800295230559,-815.7926243884917,-611.9502225743955,595.9755480118031,777.237101154324,-98.33594802044726,-486.6786476830426,-376.86857031236303,-284.8140005081625,-283.72370704611006,-335.33751466468493,-382.73150587546536,787.0804745523074,-322.24527515498903,-514.3400288036577,-699.249075079453,396.72690403883854,662.6716893056823,420.1310850511862,-156.88155172522562,-46.91058800504386,-418.2800722384969,398.3682658578461,514.9635598371177,599.1079283790849,-75.58912140587148,-148.21008347531162,-355.4103886686584,-338.65494391132853,-51.160760733426805,-289.2209011288642,-262.2139772050432,-613.0646005603107,735.6671603502231,644.1656806736971,438.9213147394935,704.2812913767473,-479.4330073547316,-551.7661318973711,-441.61928204671295,-453.871382185821,-489.62014830993263
183.60778787085027,462.155411278771,718.941628964852,201.49559176843013,-376.88430995158416,83.43591033024337,761.4427433910134,864.9643153334445,-140.28847470950726,-497.0788552929193,228.3006367737389,-607.1343896531976,764.7025318538797,-412.68584666982827,-518.090300620264,653.5364975169704,-393.8153860666517,-292.74162987135367,-481.1486858415993,-624.4680166394807,-549.9410257322832,-480.0492233715794,-685.2271041167709,-444.4839987712701,442.3574315293699,520.9685408036306,-11.727462060352842,-531.6833536958737,-68.2737789643855,-583.1671567797407,-465.36000611972776,-172.9296487583209,-306.05243403749296,-518.2814093604532,369.0922968551533,1023.0482834370226,-198.56121356161168,-525.7026868820432,-844.1298450629779,-622.9964526114876,642.3503657781686,799.3563324390617,-138.04083339276312,-496.74385393164926,-381.3627422530963,-301.2509160536396,-299.9419261175363,-342.8650491243317,-394.6539918832684,759.4953671034998,-327.2772984623128,-522.9834116041382,-683.192155989596,476.80175558542805,728.4863857236895,375.8418226829814,-191.91690671927432,-86.5769920324457,-433.8521778895503,469.4666323003637,595.7722409867418,553.2320085192924,-102.28167480368404,-187.2288533455217,-375.2294174084132,-363.69024196688247,-86.70430665175641,-285.4402135314839,-269.3904236135329,-579.0664527652187,771.747868627387,714.2560351820856,520.1870145228023,661.1738164491946,-494.1614384719648,-566.5657171610777,-453.4239648663147,-466.1338013264854,-515.0016691009234
137.8765072227268,405.7654690595529,671.1250389150034,152.87366532424238,-393.3106911181618,70.25206119635041,739.9465067791501,921.0988638098368,-50.55740851591996,-518.4033901377445,180.74074680575737,-554.5954575305915,724.8628102792111,-436.75624384620056,-443.6164000226677,612.820806229226,-410.0566436915533,-309.7811866017085,-497.5687071296109,-647.3806726473373,-555.2368742587925,-495.6541618978504,-691.7185190225666,-447.4571213944865,392.8275245795784,601.583305879358,67.2055413504518,-456.2405058745466,9.344945390633209,-605.2214662655679,-463.05725928445867,-185.4357691699876,-316.34700782877104,-548.548192636683,449.8597484185586,1017.3906502784108,-203.59389807335552,-506.81937302414894,-869.4717967852122,-628.7450206171302,681.3698054273674,814.1614593609551,-175.1729089083028,-508.4136893838799,-384.3496320070991,-315.2367850855788,-317.7939310893662,-352.47487406675214,-407.8354361578916,726.5824742320083,-331.30151829367577,-527.2690365844014,-658.6422218385153,553.4260105759238,787.161665296738,331.6044234303702,-223.73808485055557,-124.81139361569784,-451.94683676193125,533.1925716999044,669.565014472003,507.16911612016384,-125.85473250363646,-223.2373367209353,-392.72326729837215,-385.53836753138256,-119.47537260899186,-281.14183800887866,-275.6152027318386,-537.6421572750173,799.5929835827017,775.6892518224059,596.0383756847713,615.699503097371,-511.46813194931127,-582.8358816967057,-467.7654600441607,-478.1713790528391,-540.7608981931287
93.16087718286886,349.54865184409744,621.8915929172658,107.01907868741222,-406.49098591091655,56.876043180752696,714.1773910843054,967.0709226843315,42.19299590754752,-539.6330786623907,134.5123280887661,-492.9763824316899,681.4754480773373,-461.3832521493297,-363.4867653245773,568.8586306750457,-422.5475367189358,-328.86270826765696,-511.7827569008634,-669.0015263332547,-562.0900438758011,-512.7611597226063,-691.9101504566814,-450.481668136291,343.6303126947884,676.1856723158604,148.22683866112706,-374.18738345548655,86.85415880971149,-626.1450844581271,-461.55491733152354,-199.10281420088089,-328.17783972330534,-576.9136025839377,526.5308227542557,1005.2065964247043,-207.90023524102045,-481.268918295153,-890.8822342959711,-628.3911120201867,712.8162719104165,821.9190278832841,-209.47374693310377,-521.8816571251484,-386.2502964364956,-327.0651818544817,-336.9542750391362,-364.26350710589566,-422.5074118004445,689.0012898944292,-334.77058594780976,-526.5433046266205,-625.2925745447303,625.634854609072,838.2052579311855,287.7049163742301,-252.28345809760324,-161.4346080629696,-472.2755935927248,588.8386641553968,735.5533161393821,461.1678153452929,-146.42343973522654,-255.91743633474468,-407.9791478733373,-404.1984580873345,-149.40959265924863,-276.90110387636463,-281.2313652099733,-488.7763971955289,819.2128941113882,828.0539431980169,665.6148981159506,568.2249513197265,-531.230212935582,-600.4528338004176,-484.5419984419946,-490.28241651364425,-566.1936481620177
49.6615258163634,293.896507946715,571.6780204128758,64.25314672887065,-416.6259300126839,43.0007699496632,684.9839782598029,1002.7235425903594,136.5608837462635,-560.4697556469932,89.92127902120012,-422.7888843365338,634.9819681996205,-485.87053984175736,-278.77512729276526,522.0891346416297,-431.58670803232906,-349.9616775612622,-522.953070589951,-688.4879181246713,-570.6475259245012,-531.0454398555584,-685.0848533425334,-453.8757015666234,294.9870170255596,743.9150108374843,230.1146193608803,-286.5932832886743,163.01222999463118,-645.2283402005255,-461.2628378377416,-214.07681952652368,-341.8580291460105,-602.4841341445068,598.088210694819,986.9924710587496,-212.00289322029505,-448.7163927167493,-907.4231091713748,-621.2133961233948,736.6264030375486,822.9658114267576,-240.7198016886897,-537.2735483412642,-387.5126586869494,-337.07031926436025,-356.99037993534785,-378.2647798797663,-438.8384906919054,647.3803098311606,-338.1412419705047,-520.1994834925129,-583.0066928396586,692.5882788331357,881.2868324484349,244.4218912626668,-277.5453191024596,-196.2691015104124,-494.4186711138013,635.9013298453293,793.1438633657322,415.47263581189947,-164.15861505304443,-284.9927825966527,-421.1299338963351,-419.7270736580926,-176.48279300959314,-273.2764130852167,-286.5725879448533,-432.621053380416,830.7472508008027,871.143750235026,728.2193608646966,519.1043819802146,-553.1965025401487,-619.2094375158784,-503.5346649780395,-502.7443928431648,-590.506654009476
7.581913696007856,239.2042433470552,520.8935472183639,24.83291564572442,-423.9552730678241,28.31810193156955,653.1882854783653,1028.0903868250607,231.09489799123884,-580.5315017196178,47.25258836014621,-344.7622367714811,585.8134739735384,-509.45165175227686,-190.67379859656427,472.9335072385823,-437.53864967690623,-372.9752036505871,-530.2271670020534,-704.9377325033819,-580.9575311844845,-550.0806415660111,-670.6538167471393,-457.9499313073701,247.10720430057165,804.0932400947281,311.6296161048742,-194.68379837394488,236.62096109745585,-661.7048562178503,-462.5388240733217,-230.47999589965775,-357.6235335502127,-624.3409292940507,663.6598405424782,963.2486579428236,-216.4254253070757,-408.9738206223757,-918.1807840756898,-606.6025325064031,752.8772963091343,817.6892451711777,-268.7315424193106,-554.6364621208894,-388.6000979607181,-345.6196725128569,-377.3645165948458,-394.438717736884,-456.92607392971,602.3077362199352,-341.8624366358276,-507.7002473181964,-531.8350523048493,753.5858283751601,916.2319543062936,202.02703017025303,-299.57136848446373,-229.1443303057573,-517.8261121894305,674.081092805557,841.9424135688798,370.3257494320436,-179.28271756814894,-310.2400226985432,-432.3527417572699,-432.2382330023556,-200.7123224282901,-270.79362606379914,-291.95656794725954,-369.5090903341045,834.4470338999889,904.945981757848,783.3248041390876,468.6850935184966,-576.9849901085325,-638.8111339952316,-524.4042679050897,-515.8086839960597,-612.8349560360357
-32.8722822288256,185.86352505783304,469.9219196464322,-11.056112077220634,-428.7534065756531,12.529787786485496,619.5667278781233,1043.3753120640415,324.33726996882086,-599.3560509006943,6.764370785880131,-259.8298303596424,534.3926571212107,-531.3056036314447,-100.4589127262054,421.8001160093916,-440.825190294416,-397.7203643133402,-532.76363641586,-717.4126462442593,-592.9587784155406,-569.3422511209304,-648.1843660670436,-463.0001517603546,200.1910711768286,856.2326373335926,391.5523498351197,-99.8072505798756,306.55934000214904,-674.7700380719674,-465.67559765165765,-248.40747784538735,-375.61932378425416,-641.5612031743107,722.53651416978,934.4681586554796,-221.6759970306519,-362.0171797095039,-922.2939989495133,-584.0883949303645,761.7689996557135,806.5095238045187,-293.38207535111445,-573.9289597180599,-389.97854315858746,-353.105858671582,-397.4396470229914,-412.66026557928,-476.78919315499576,554.3266452938514,-346.36291753872484,-488.60048861723936,-472.02644178457393,808.0747971393008,943.0108070054122,160.78457971066746,-318.46471778742995,-259.90297545515125,-541.8235926950438,703.2751980183318,881.7499527066532,325.96722985977266,-192.06426159725532,-331.4992542567915,-441.8656501729035,-441.9020731505816,-222.1574666931181,-269.93084677385724,-297.67941121847696,-299.96141732066457,830.6554736614922,929.6241067682032,830.5748500776257,417.3128171393296,-602.0836908907809,-658.8737501431261,-546.6920253019753,-529.6958413501839,-632.2626578879346
-71.49537585741982,134.25394067069726,419.1234576816352,-43.30566105601682,-431.3248114588398,-4.641158852356963,584.8353408647765,1048.9287002592605,414.8669367451995,-616.4068371329612,-31.31850244533793,-169.10769755147862,481.13632713511794,-550.5754790060275,-9.452482093642049,369.09034200653866,-441.91546282573495,-423.9334988332223,-529.7598254710927,-724.9651134891761,-606.4725004405556,-588.2142651457126,-617.4243049452264,-469.2986295723318,154.43067291064503,900.0356492857499,468.7186855146977,-3.3959471607594445,371.8132756396021,-683.6035809372011,-470.8881788902707,-267.9232874101614,-395.8877044948283,-653.2416253276964,774.1819843247446,901.1289803163328,-228.23057704230703,-307.9985892692658,-918.9827224342416,-553.3647215516834,763.6044953604622,789.8640675128786,-314.60468992022913,-595.0128437906474,-392.10236167356106,-359.9378584073374,-416.48947214583,-432.70867949068713,-498.3623583034746,503.9342163282459,-352.0384311227191,-462.5694027987212,-404.0328029328359,855.6519692477116,961.722751154842,120.94969489402104,-334.3823285775517,-288.407766830209,-565.6233615649935,723.5635000180177,912.552007731012,282.63391089836165,-202.81082703963,-348.68298404799066,-449.9226647757192,-448.94226152302446,-240.918877584244,-271.1039231001564,-304.01103771817424,-224.6858324112163,819.7888843499308,945.4953348462376,869.777939135659,365.3364254552815,-627.8551608588784,-678.9236983221654,-569.8244051729388,-544.5912998043727,-647.8468325915825
-108.0853603896328,84.73366815378783,368.83686216910985,-71.88844464895422,-431.99945002561975,-23.439101887709647,549.639264348373,1045.221945899175,501.3405858312059,-631.0818837142685,-66.81092278480604,-73.86556919920118,426.4580265179485,-566.3898807583463,81.01699276091577,315.2043718484844,-441.3146078847862,-451.2704858717509,-520.4806062648362,-726.6683520246837,-621.1977028503528,-605.9993154993781,-578.3213016707566,-477.0846196796877,110.010091990754,935.3873735181148,542.0520033594178,93.07601478603873,431.5001412595609,-687.3954210122151,-478.30205500151175,-289.0554967904817,-418.3592851587073,-658.5232942401622,818.2355047512116,863.6902453555575,-236.5160310653999,-247.25272259104852,-907.5768705723536,-514.3098679453185,758.7684170221336,768.1948195861304,-332.398836421753,-617.647057509561,-395.39939661427326,-366.53166177033467,-433.7129001319429,-454.2585029766352,-521.4905741437683,451.5844211609824,-359.2387273351424,-429.4106974932714,-328.5068963449625,896.0594019773791,972.5779540607776,82.76566045327667,-347.5318935707496,-314.54855818775445,-588.3405440300636,735.1888219572637,934.50209141728,240.55693955328735,-211.86089435296725,-361.7830396909431,-456.8071031846528,-453.6322954000531,-257.1370410978243,-274.65298585096434,-311.1915223024692,-144.56761080759765,802.3183254266357,953.004677751594,900.896333532281,313.11153481257384,-653.5448915089075,-698.4010548857426,-593.1222831549442,-560.6413350919925,-658.6442230644407
-142.44888243029305,37.62995823082337,319.38056774594884,-96.8597458877727,-431.1281669207544,-44.06495485428549,514.5462535976969,1032.8214410159644,582.5296814480605,-642.725713043402,-99.5739161458246,24.508517394215275,370.7703499713565,-577.8868965018462,169.65354510657738,260.5462993774974,-439.5514740222246,-479.3081183875743,-504.2872592476778,-721.6483827040715,-636.7101543942769,-621.9323751876296,-531.0359262246864,-486.5542707162042,67.10461876438231,962.3417505554316,610.5905369869981,188.13645833250015,484.8872792467406,-685.3743023802542,-487.9425931206457,-311.7906758244721,-442.847001796802,-656.6177896374152,854.5073227201916,822.5917092627824,-246.8935895698137,-180.29668455741827,-887.5437617827213,-467.0023909856877,747.70568014925,741.9385983440199,-346.83413558686806,-641.4841838006544,-400.2555641521336,-373.30042758193457,-448.2529731211361,-476.87308097653465,-545.925714246732,397.6934281771716,-368.2546222195778,-389.0797003222085,-246.2924417995553,929.1750777940774,975.87739101203,46.46007813889642,-358.1672457924726,-338.2492907218047,-609.0147747024458,738.5331733372868,947.9005170758207,199.95818747304173,-219.5747950432005,-370.8749530484354,-462.82363361335314,-456.29081111922176,-270.98988828784246,-280.8303553236628,-319.42819868795607,-60.65182357871586,778.7528158343486,952.6969608040234,924.0309326388668,261.00263786734416,-678.2937468652717,-716.6659427216939,-615.8144026061121,-577.9490644646913,-663.7402221391
-174.40722787485052,-6.769970565770159,271.0534978401206,-118.35665644237687,-429.078094670123,-66.66642571357953,480.04378608085153,1012.3632728751992,657.3518160007277,-650.6443887753162,-129.52053122139577,124.5486196028354,314.4866511807582,-584.2400266022044,255.23060954368583,205.52798935778424,-437.16557145755337,-507.5467670389667,-480.665361645846,-709.1169905882803,-652.4655037088673,-635.1980234389806,-475.94717315605646,-497.8502564497052,25.879085612104724,981.1027635616996,673.5087774627067,280.35833608888515,531.4039814143853,-676.8378957761474,-499.7262171742711,-336.0678072347656,-469.04349976598553,-646.8336153834408,882.9679554228396,778.2561737641674,-259.6431904312724,-107.82287846112072,-858.5131130005477,-411.7303370919555,730.9010918708196,711.5205014239976,-358.05212582455243,-666.0699877957028,-406.9994749819248,-380.64426267071406,-459.2200666403416,-500.0015323141831,-571.3245178858036,342.64688718083875,-379.3054522950528,-341.69614886561766,-158.4067741339855,954.9994960999784,971.992496372095,12.24019219077132,-366.5824492214634,-359.47447403459887,-626.6368299085333,734.0913085182661,953.1699580987176,161.045740469612,-226.32510918452547,-376.1194675992433,-468.2892361815445,-457.2760015263298,-282.68970270007884,-289.7901444911416,-328.8932827551233,25.88197993224835,749.6246174006889,945.1882434382002,939.4030527490672,209.3835039269456,-701.154525125144,-733.0085316436518,-637.0549477152458,-596.5703022417185,-662.2794263556443
-203.8029800563673,-48.227072807958926,224.13513590768844,-136.5949285376143,-426.2279886560647,-91.32988152489168,446.5391939281135,984.5296720598856,724.8951217431191,-654.1236886034347,-156.62087938743335,224.7545056140496,258.0218884985834,-584.6853173445344,336.62409499191926,150.5712683526816,-434.6935256610195,-535.4145936217318,-449.2504717247037,-688.4043331919364,-667.8068053521431,-644.9510793677326,-413.6496560439842,-511.0515311761575,-13.514445799730405,992.0020781790112,730.1322559225703,368.4004793888181,570.6468239368994,-661.1832091904421,-513.4539061993981,-361.77193976363566,-496.52210099993016,-628.6021763920049,903.7323760611504,731.0941244370963,-274.94922255174606,-30.684740878232237,-820.2983746089583,-348.9933480670579,708.8608468696192,677.3501638875351,-366.2655652361431,-690.8463829284415,-415.8875853048032,-388.9397477355501,-465.7189170848146,-522.9800025919405,-597.2485519234995,286.8082324189882,-392.5273335980753,-287.5515609323324,-66.01647545381783,973.6394130152466,961.3456351181176,-19.71239903757975,-373.1047744148103,-378.2348217775837,-640.1796252810202,722.4431105038452,950.8291727100952,124.00872822697612,-232.48686022451423,-377.7609900576293,-473.5233736009831,-456.9792110953281,-292.4794949693742,-301.57987866069794,-339.72173493010234,113.75157751409822,715.4768909207852,931.138019761532,947.3343489530664,158.63568762666455,-721.1126188703385,-746.6628138921901,-655.944877637975,-616.5091499894455,-653.4968531989836
-230.50696280599277,-86.5571882207747,178.8848760247074,-151.86351577524988,-422.96335332246497,-118.07434898240156,414.3621740776245,950.0280373076896,784.4349319978712,-652.4502433978936,-180.90594838194068,323.6364368265091,201.7924243354972,-578.5487591176366,412.8402675909485,96.1081313860423,-432.6552662737018,-562.2736258772266,-409.8503511614188,-658.9898245726869,-681.9766020847503,-650.3402268590784,-344.9421106190966,-526.1636460592624,-50.93940302439948,995.474577308214,779.9454571425298,451.0441009255436,602.3785849891284,-637.9358882269024,-528.8075815994333,-388.7279267503418,-524.7414964824109,-601.5022865311688,917.0404184972996,681.5098088734815,-292.8882078864026,50.12436593792697,-772.9132556896325,-279.4970206167697,682.0966258103985,639.8205120316475,-371.7552211277301,-715.1581122623126,-427.09040825024965,-398.52935768394735,-466.8787560166301,-545.0378575611398,-623.1665423573859,230.5271660723495,-407.96270383487297,-227.1103089677493,29.59314150671748,985.2899685849494,944.3923877341394,-49.24733741899768,-378.0867934537232,-394.5917038447968,-648.6326559290103,704.2262054451911,941.4662732777576,89.01178348849443,-238.42785549941385,-376.1229952961051,-478.8376594739569,-455.8177492798768,-300.62899976494555,-316.1344326766918,-352.00908588892923,201.6087877595653,676.8538315481022,911.223412945853,948.2260101139868,109.14509122956004,-737.1106031203817,-756.8241207522681,-671.5565206469436,-637.7133110766966,-636.7487156466439
-254.4250569208293,-121.63597449517312,135.5406575820548,-164.516989736129,-419.6711777360953,-146.84809360167495,383.7690108507486,909.5731306155994,835.4423593842773,-644.9352772578941,-202.46982261709212,419.7589440073494,146.21465119611918,-565.272868383137,483.03737146395656,42.57878801340022,-431.5401803141349,-587.4280220815234,-362.4624869655888,-620.5298786296224,-694.133554333909,-650.5340604952111,-270.8073612709201,-543.1100775722666,-86.27756385445713,992.0331730912344,822.5930418102836,527.2235359588589,626.5212880073136,-606.7769312309832,-545.3499287302116,-416.6946660295608,-553.0542250394751,-565.2820994302002,923.2347877154732,629.907908628257,-313.418950274363,133.49837835239938,-716.5824083158878,-204.13934178265117,651.1127992722102,599.3085386748215,-374.8641978291851,-738.2633232698915,-440.680323074086,-409.7109463463967,-461.8855576847412,-565.3092580636805,-648.459512312102,174.1475549426011,-425.5516673012272,-161.00385157646582,127.05344601643412,990.216376917024,921.6064132712214,-76.2510582970612,-381.8978404043295,-408.6601146097674,-651.0387004434115,680.1100669824568,925.7128042068618,56.18943163193681,-244.49950053329405,-371.6005864985431,-484.52530225597184,-454.2269395253556,-307.43041197700126,-333.2725607935146,-365.808996050997,288.0792095819455,634.2932217547484,886.116365162586,942.5382543049984,61.29663234578708,-748.0763992358511,-762.6701361912081,-682.9607915561501,-660.0692493703561,-611.5414862868719
-275.50448331073704,-153.4018430784575,94.31692818813586,-174.96610815766763,-416.7340849557579,-177.5280996769119,354.94787818142385,863.8727923030134,877.5849235741133,-630.9403602538746,-221.46998352702948,511.7814527511316,91.70237223049416,-544.4412867144669,546.5402921983111,-9.572484291722764,-431.7934601432757,-610.1348269334374,-307.2857700308752,-572.8811076830717,-703.3734361278039,-644.7487965503445,-192.38444370255183,-561.7250116154971,-119.43179661950953,982.2441359424664,857.8749308167833,596.0500570300192,643.1441774022405,-567.5653510039265,-562.5281407346066,-445.3603151038997,-580.7189185928605,-519.8773052475427,922.7380458434268,576.6999483728194,-336.3756444071699,218.25072713470664,-651.7454215693348,-123.98944759947624,616.3970148056968,556.1775575857183,-375.9899685111136,-759.3480797206602,-456.62150608578736,-422.7274896572155,-450.0151614593876,-582.8502920424388,-672.4291476524035,118.01407767185027,-445.12567196789576,-90.01798230285175,224.95123183869796,988.7362173000996,893.4673998039104,-100.65193927550278,-384.9150777811685,-420.6099050005404,-646.5313987554805,650.7726718060294,904.2197204533048,25.640709151584925,-251.02837832846552,-364.6505897817212,-490.8505867288577,-452.6514089194413,-313.1939313597368,-352.6962623842496,-381.13040180423934,371.8029570953855,588.3212081747326,856.4645731070153,930.7710082398396,15.467176819105712,-752.954452906871,-763.3849514203247,-689.25627118403,-683.3974375695819,-577.5578814254415
-293.73918134938583,-181.8568195246229,55.402021286435335,-183.66687033909855,-414.52372100470586,-209.92260201645723,328.0246546912689,813.6172818845483,910.7197813739556,-609.9043612014887,-238.12543639533976,598.4938015433105,38.66291900460617,-515.8002091971707,602.8479676791108,-59.90356553058879,-433.802886771592,-629.6174433221764,-244.7253643161247,-516.117652982091,-708.7541326861209,-632.2767269244663,-110.9340829926314,-581.7480043127533,-150.3284407937973,966.7039928013564,885.7361043228476,656.8280016830241,652.4476313692542,-520.3554074785065,-579.6819754327257,-474.3389984231476,-606.9162060687744,-465.42445649120646,916.029846945503,522.3096305603981,-361.4643757464089,303.15000398649266,-579.0535224176828,-40.25938926371118,578.4142183776538,510.780376737993,-375.57437806566446,-777.5447032659766,-474.7624743827959,-437.7573066057106,-430.6658361184153,-596.661541184309,-694.309735336212,62.477086815727866,-466.404023093837,-15.07340372390954,321.86900125940457,981.2031792631328,860.4523502430326,-122.4246888585194,-387.51438853707,-430.6650853720898,-634.372153574212,616.8805344078161,877.6361501324626,-2.57570431843827,-258.308833100509,-355.7796997213252,-498.03863784825313,-451.5356252413547,-318.24314066533634,-373.9931864094932,-397.9342086486486,451.4743684970864,539.4490171903191,822.8766473003622,913.446485345091,-27.982995821883584,-750.739141272102,-758.1855036001604,-689.5992707730493,-707.4480434362199,-534.6783768973999
-309.1739717487839,-207.06538252666596,18.95508215526288,-191.1084228648347,-413.393262754097,-243.77659940850444,303.0687676669957,759.4721194394464,934.8804633713818,-581.3705808301022,-252.71251115484785,678.8450353870676,-12.507953092691189,-479.2755014974952,651.633642328567,-107.98254624469486,-437.88630550108354,-645.0819187081354,-175.39005899657906,-450.54148288954497,-709.3240809123334,-612.5143587773981,-27.799152608484636,-602.8209103167285,-178.91913724951996,946.018834699156,906.2521776111556,709.0628833352116,654.7441378837573,-465.4072158912173,-596.0563760368585,-503.1695426443621,-630.7680685262837,-402.2683863371299,903.6255365020976,467.1763843480397,-388.2633565160498,386.95734690585607,-499.3586870880405,45.72999042133419,537.6039452756529,463.4628598460232,-374.0919607702384,-791.9536763126649,-494.8316812822701,-454.9050012515097,-403.388727179207,-605.715647044769,-713.2838803624767,7.895287798415312,-488.99367777908486,62.79961792018415,416.42489425952897,967.992906273277,823.0302023665773,-141.59365148961564,-390.0612796850566,-439.1010769133841,-613.9847006691069,579.0726942114617,846.5915973024081,-28.445578121959525,-266.5967325134713,-345.5312655452995,-506.2656965258586,-451.313706365356,-322.91020856307426,-396.6422256789028,-416.1296075540568,525.8788150013137,488.1712736668512,785.9117024440266,891.0941954971348,-68.71982406977725,-740.5094068774252,-746.3495592214048,-683.233897796752,-731.8974733908547,-482.9969482673691
-321.9072686729238,-229.1514488199637,-14.897275188222103,-197.80017295047423,-413.6690011960553,-278.7800182683737,280.09867082043,702.0740967271812,950.2582898122446,-545.0128731866256,-265.5583021775723,751.9643231115496,-61.43228753940174,-434.984478987436,692.7384184016025,-153.3972388852452,-444.2800703785077,-655.7359776939417,-100.081730527271,-376.6847398718885,-704.1533945528486,-584.9890884024956,55.63795099321232,-624.4874370728334,-205.181985419478,920.7866530958216,919.611932784594,752.461582246213,650.4375020951936,-403.18980050104574,-610.8187239839914,-531.3167612522416,-651.3603257216997,-330.9628715335601,886.0570295215657,411.7565720107081,-416.2271420769281,468.46367192877096,-413.6952231219534,132.5876017029382,494.3805195913605,414.5674142635584,-372.036961559872,-801.6686749409185,-516.436531814836,-474.1933907466104,-367.91458630639687,-608.9891322577083,-728.5020135476941,-45.36402389876941,-512.3926727382104,142.49135749311066,507.3103881796822,949.4913703841512,781.6595581426403,-158.23476061948304,-392.901940951938,-446.2398702978742,-584.985654267268,537.9489648624743,811.6820069582875,-52.0022112906596,-276.10450469453167,-334.4713080477874,-515.6501233434462,-452.3985628251716,-327.5308847424864,-420.0223874490925,-435.5701999675453,593.9249932643405,434.9655733305983,746.0733336759558,864.2387346233255,-106.4457331022468,-721.4634254023457,-727.2442402845797,-669.5210503720349,-756.3462334046603,-422.8299132257597
-332.092183494849,-248.2937578353328,-46.06435310953639,-204.25843069860167,-415.641047804939,-314.57792465656473,259.08665313147384,642.0299591393537,957.1798185526516,-500.6594412221984,-277.0318319766672,817.1733922913722,-107.75709086510416,-383.2414985184379,726.1588657020862,-195.76568646169667,-453.1287530231232,-660.8105360644367,-19.77694128743591,-295.3035500419044,-692.3667189752944,-549.3832123393663,137.99891339929457,-646.1956506576593,-229.12198451788063,891.5831059471158,926.0980168649306,786.9251105135716,640.001420949797,-334.376008102894,-623.0805733044544,-558.1757547854195,-667.7678123312037,-252.26396902070687,863.8566492528944,356.5219969089841,-444.6949632953945,546.5248979381686,-323.25427293339953,218.8933269385018,449.1356356030367,364.4360355602482,-369.9094634051239,-805.8041435515028,-539.066100940371,-495.5567028315446,-324.1752339414205,-605.4974433331095,-739.1054707063641,-96.92728858338252,-535.9974186264466,222.8460118379656,593.3240485218884,926.0860069078486,736.7891074069491,-172.47594362174053,-396.354554393723,-452.4431370413441,-547.2093753473139,494.06249575694943,773.4598812682004,-73.32829371534356,-286.9974586674406,-323.17429678456074,-526.2443347520732,-455.1704873670557,-332.43923607349603,-443.424951563769,-456.05020814424864,654.6714242287259,380.29297149963,703.8077104203837,833.3905211095449,-140.9100135605969,-692.9519689565669,-700.3539532843124,-647.9652100485406,-780.3185817426028,-354.71703469558673
-339.93593441252534,-264.7199697946213,-74.49453689098107,-210.9928441980825,-419.5533093366512,-350.7819654435792,239.9627759767682,579.9171387194759,956.0817696328612,-448.3129382079308,-287.5331342843695,873.99044605248,-151.16218272090103,-324.55674872701064,752.0297011484089,-234.74714665639272,-464.4764263289488,-659.583220864417,64.3988526495437,-207.36312030762684,-673.1766785699971,-505.554087874351,217.9519582330865,-667.3037230009844,-250.7707987689749,858.9509044787229,926.0669734069808,812.5347916849773,623.9584658310458,-259.8291060310477,-631.9234718922606,-583.0795944613427,-679.0816761443616,-167.11581060035036,837.5443606109078,301.95558819942505,-472.9031976278505,620.0934634068075,-229.35209142127687,303.24000665605826,402.2426700583935,313.4126371693195,-368.2010117453682,-803.5246760622492,-562.0977410248479,-518.8353392039489,-272.3183598048945,-594.3319273985524,-744.2526711703132,-146.4195554310976,-559.11395544598,302.69666353644953,673.3998895764333,898.1596524894223,688.8601794152435,-184.4958635411188,-400.7009062167917,-458.1034255426912,-500.725648216062,447.9164525839843,732.4284110848726,-92.55636689229232,-299.3913051569622,-312.20912074761185,-538.0278695508267,-459.96537162851126,-337.96205658709795,-466.0688428273348,-477.30111617300025,707.3462772129706,324.599074770237,659.505331151552,799.0394729100174,-171.91874886079023,-654.5090414759031,-665.3064775769551,-618.2378926210373,-803.2644403632622,-279.4144018073301
-345.69753960923646,-278.6998254521098,-100.17796566772611,-218.4928271693611,-425.5929750698864,-386.982123952213,222.61784717576123,516.2858535351955,947.4848764328244,-388.165536798238,-297.4805454689629,922.126065197892,-191.36839808920016,-259.62791265990705,770.6027384436471,-270.05300027890314,-478.2598415879239,-651.4032115044912,151.20355018011085,-114.0144180318302,-645.9166274191077,-453.5493243522001,294.2511427189704,-687.0891642122808,-270.18596231031154,823.3928141156064,919.9296677918236,829.5329750373618,602.8603731437044,-180.58134557967213,-636.4282203838641,-605.3106168462613,-684.4381063394062,-76.62905311859849,807.6185819288594,248.5443766636895,-500.00188463055485,688.2447007057589,-133.39333170651437,384.2742578803088,354.0620028562773,261.8444826484561,-367.38010008027913,-794.0753319265434,-584.807662590788,-543.772504825866,-212.71452218054063,-574.6972492906234,-743.1476647579352,-193.47174718202916,-580.9731121113708,380.9000546393665,746.6292788918621,866.0871661022633,638.3107459880093,-194.5209654170619,-406.17832065249473,-463.6336541859515,-445.8488950548074,399.9644086773969,689.0393783006533,-109.86773377891024,-313.3507095589651,-302.12557718637163,-550.9017849129497,-467.062802221591,-344.412871791349,-487.1190506127563,-498.989132220559,751.3600637193234,268.31544457488906,613.5058323499569,761.6514585955249,-199.34373072902343,-605.8783455066119,-621.8959171314572,-580.1966642404577,-824.5640013554947,-197.87902103966437
-349.6838273808354,-290.53772455862423,-123.1484363687476,-227.2141243368453,-433.8798555991712,-422.7579329625516,206.9054623776003,451.6618843869842,931.9680379559018,-320.6077546629669,-307.2965656368154,961.4720604938934,-228.14574138094503,-189.32470866299053,782.2234318454229,-301.45703294065714,-494.30381806353125,-635.7165236705154,239.31573979043893,-16.56322312988653,-610.0713078132629,-393.6160210849238,365.77072499580345,-704.7617153617044,-287.4496974193896,785.3680814418129,908.1330085514402,838.2996028655448,577.2703735169179,-97.80524396117887,-635.7066703339344,-624.1153811881727,-683.0476803177038,17.94737702980836,774.550518214856,196.77009891072436,-525.0750682596963,750.1969901559593,-36.83089503245396,460.7342942653173,304.94661165257,210.08261027891507,-367.877848900932,-776.8118872899028,-606.3854652010266,-570.012995026846,-145.95555849689455,-545.9476093501682,-735.0700667125485,-237.73001710753877,-600.7493557312481,456.369447284463,812.2757553865179,830.234472103828,585.5801359039525,-202.8208738539037,-412.9719277067155,-469.4551835483183,-383.1380109261891,350.6138616405704,643.6944020481932,-125.48970593816642,-328.88864411129254,-293.4415985146176,-564.6845921994177,-476.6743574768012,-352.0854550269653,-505.70782570719206,-520.7138831624334,786.3111706253818,211.8610354898423,566.1051366461619,721.6672122187065,-223.1298391403988,-547.0341949982675,-570.1012352904428,-533.8987382801272,-843.5354081783098,-111.24549808338992
-352.24384551042715,-300.56506140536175,-143.48429990066705,-237.5656285324116,-444.4559988712173,-457.6884702424782,192.64326831390736,386.5493932435995,910.144000847361,-246.23005328900987,-317.3927017013239,992.0845895448092,-261.321046987221,-114.66667724883322,787.3063908680375,-328.8045651045937,-512.3191566806128,-612.0906955702524,327.3753868363275,83.56718270280803,-565.3039799384499,-326.2032693285299,431.53318308834594,-719.479972604222,-302.6675509136273,745.2919376484624,891.1436742228008,839.3260580195694,547.7481059754455,-12.778788717746638,-628.9349370541598,-638.7231389994264,-674.2244031719586,115.26017531118164,738.7817415263955,147.09795144967558,-547.1646164775585,805.3250347002877,58.87587782496106,531.4831369973327,255.24725154684808,158.48119442944343,-370.0741803098391,-751.2299038054506,-625.9524839166947,-597.104411564526,-72.84404957725654,-507.6200470184996,-719.4051795347801,-278.86675322348964,-617.5829580739384,528.1040134427245,869.7825850999374,790.9596486944382,531.1137062195231,-209.70225941018344,-421.2072970616288,-475.98480575851664,-313.3863525296929,300.2321565104976,596.748953728214,-139.6911263064007,-345.9662743576638,-286.6313460883625,-579.1099604081988,-488.9324835390556,-361.2467879353754,-520.9582735068236,-542.0087471722422,811.9845946224207,155.64339811793354,517.5641619286016,679.5032814409471,-243.30043021651656,-478.1956202151148,-510.0991894646148,-479.6083341236952,-859.4458033595096,-20.795643343918343
-353.76179416828336,-309.13260855653573,-161.3081645620086,-249.89656152091263,-457.2760808957096,-491.3607069981141,179.61371556143584,321.43324692348403,882.6375976955648,-165.8165495136768,-328.15373812551024,1014.1630703323611,-290.7846833559774,-36.79495179718444,786.3112193211707,-352.01995519307366,-531.9033720000214,-580.237718743223,414.0258926577897,184.87802134883816,-511.4786270950632,-251.9574020594017,490.7298893225871,-730.371663425368,-315.9670530942377,703.5376929239994,869.4343451083125,833.1877387428606,514.8374723657734,73.15384269644385,-615.3867159913278,-648.3674499591351,-657.4134080963285,213.88973943507068,700.7245615310462,99.96414612572129,-565.2970288013967,853.1660461274346,152.3028036873218,595.5359156044796,205.31662404639528,107.39583091673792,-374.28476612515976,-716.9913985395918,-642.5837008376665,-624.5010462108007,5.626037089005354,-459.4631216371486,-695.672932129565,-316.5926436732505,-630.6049524032927,595.2134570834079,918.7733105200384,748.6155956327434,475.3667540695012,-215.5013506659748,-430.94351759873086,-483.621029944888,-237.60193718900456,249.15401282791524,548.5184594994115,-152.7761682724959,-364.4931219813121,-282.11422940806364,-593.8264337755478,-503.88036776819297,-372.1294352816504,-532.009846082175,-562.3431979032465,828.3445694270831,100.05938371917752,468.1182976567766,635.5544867044742,-259.9603679939235,-399.8326210151427,-442.2706678009909,-417.7971965603031,-871.5259098483582,72.07774809287856
-354.64864077034014,-316.603166339722,-176.78529819493525,-264.4841542635758,-472.199117825612,-523.3760311154449,167.56465542212243,256.780436231162,850.0673261543815,-80.33058568492481,-339.92190387908227,1028.026504444712,-316.4958514937164,43.06089606505459,779.7199315422763,-371.112069299695,-552.5445050902631,-540.0339961253313,497.95544069342856,285.83976342519884,-448.6759752402663,-171.70979842993486,542.7339106319498,-736.5573007187603,-327.49657069894056,660.4408318166553,843.4727276480874,820.5167465426231,479.05759621910767,158.62416736966748,-594.4652608984292,-652.3103621483168,-632.2162001323549,312.3907071132897,660.764591594287,55.76298917248654,-578.5125984952664,893.4190799918447,242.10041071646225,652.0803313840855,155.51206610352455,57.18077333647629,-380.7490091457872,-673.9478333692102,-655.3328486403972,-651.570626676494,88.29689409119023,-401.4593587832626,-663.5541717121889,-350.6690947958429,-638.9642068468512,656.936906933786,959.045924583714,703.553754025661,418.8070387719988,-220.57531388234332,-442.1668689394568,-492.7300677819946,-156.97846455734253,197.6898230739962,499.2857497919149,-165.07648548294526,-384.3272901852936,-280.2448662598341,-608.3994238042114,-521.4632447336753,-384.92336758764617,-538.0451152408989,-581.1274791341197,835.5220242628217,45.49510588365095,417.98688830602754,590.1973120343282,-273.2964463259469,-312.66381283800547,-367.1997002632456,-349.1379367118016,-878.988150950071,165.91135029569193
-355.3326004703726,-323.3446026321545,-190.1207090203748,-281.52200310890265,-488.9820657100354,-553.3549892208989,156.21018287639325,193.04031623820157,813.0307872868018,9.107625220520458,-352.9814227437549,1034.0887774667417,-338.4860759869876,123.61953771216892,768.0170263352987,-386.17739380552376,-573.6282310959803,-491.5361192567885,577.9355955405781,384.93751938864006,-377.2022935889361,-86.45741808046498,587.1048784550818,-737.1767130209485,-337.4244617485424,616.3044533190094,813.7134577186416,801.9759425530681,440.8968670340639,242.28184799600297,-565.7325210869036,-649.8683700645267,-598.4122782541566,409.3330517096835,619.2648292202405,14.834223196695374,-585.8961541143565,925.938161701562,327.0297654146935,700.4897646680639,106.19643766392016,8.185191919197369,-389.6193067623042,-622.1581306736698,-663.2601989820263,-677.6040648704173,173.8814855790463,-333.8400423886027,-622.9128382915943,-380.9202113678819,-641.8558038879358,712.6555017041213,990.5615936313334,656.128320307682,361.9154104244926,-225.2927519890416,-454.78530859723776,-503.6319319530696,-72.85831546451153,146.1339165468954,449.309107677245,-176.9418690914277,-405.2756110594105,-281.3039868784138,-622.3157387907022,-541.521565938764,-399.7673468431011,-538.3170870737182,-597.7198567599542,833.7979684855295,-7.675046293802584,367.38204552229473,543.7936303506588,-283.57506671977256,-217.6450698341509,-285.66476063971686,-274.49015345456576,-881.0481171866546,259.214171026653
-356.24868270363527,-329.7233067802476,-201.5549745142959,-301.10932803133426,-507.2758597970936,-580.9404669023065,145.23212692589692,130.6435231378959,772.0942258878258,101.2505590867814,-367.5439507434595,1032.8343543650335,-356.8605664898189,203.58646310971048,751.673065295794,-397.4005588109434,-594.4484079323378,-434.9913431820247,652.8553211177309,480.7149987266981,-297.5902517623446,2.663362859605564,623.5863172636895,-731.4177102581107,-345.9385500584802,571.4053772316392,780.5927878486609,778.2354420983654,400.80988425307663,322.83566380642634,-528.9339544551455,-640.4391818597977,-555.9759823173976,503.3417932859798,576.5705370676609,-22.548654325445085,-586.6084714145915,950.7201780814428,405.9931239486306,740.3289218837133,57.7370448441594,-39.25142183730712,-400.95184457555104,-561.9004839226034,-665.4623788757089,-701.8282803817082,261.0036520413451,-257.0912182076078,-573.8126445539729,-407.24352864319576,-638.5497939029416,761.8984933051082,1013.4290509907958,606.7003976839381,305.1841974978857,-230.02358979085935,-468.6240754594784,-516.5870534381476,13.310834066220956,94.77206341595723,398.8302131462648,-188.72965310372064,-427.0936658868752,-285.4903014471137,-634.9908986523349,-563.7864429930972,-416.7400795871626,-532.1762005732288,-611.4366098435456,823.5839654158432,-59.09048198915835,316.51623279674885,496.6941917373679,-291.13715681998406,-115.9491889288899,-198.6223734421008,-194.8796167436401,-876.9489655062782,350.51089586187584
-357.8275146433614,-336.09798789585165,-211.35896817953213,-323.2414121873577,-526.6243958446564,-605.7996489622061,134.28254110002118,69.99953831416255,727.7861449055982,194.7589293746285,-383.73541660897257,1024.79556468696,-371.79723380610034,281.6926851121277,731.1323213578795,-405.0521386152116,-614.2211262018747,-370.84180789202696,721.7489134909101,571.815115109217,-210.5914748446941,94.40864195661251,652.0962086561724,-718.5459166624752,-353.2458294205222,526.0002637460291,744.5258113336549,749.9523893415951,359.21697224810936,399.0910896891105,-484.0176393313592,-623.5281784652994,-505.0874975950586,593.1334636756729,533.0142313852192,-56.18844143240505,-579.9173278882929,967.8887446713686,478.0582605664768,771.3523119276434,10.50259556356446,-84.80452816277842,-414.6991756375057,-493.6768841905188,-661.1033940696536,-723.4220899771136,348.24177856984386,-171.95014612733115,-516.527078021352,-429.6187373807367,-628.4192906114649,804.3430869441743,1027.8858823475866,555.641562931378,249.11318230433685,-235.12861415126787,-483.4227758662524,-531.7838035912645,100.0237553260843,43.88761985604751,348.08137512092685,-200.79318264232208,-449.48572805740594,-292.9133874753637,-645.7794414879295,-587.8777404692928,-435.8514271883868,-519.0960473549286,-621.5648247338414,805.4008471590531,-108.40761244693252,265.60821445271324,449.24137328797576,-296.390424310648,-8.937056803430632,-107.18346370514544,-111.4711272984412,-865.9880989472643,438.3837948083004
-360.48365944915344,-342.81367466414065,-219.82769851138312,-347.8015554240134,-546.4668731768372,-627.6251721677357,122.987460423888,11.492966883419294,680.5947168350772,288.2415744120692,-401.5847834936487,1010.53240915743,-383.543264845836,356.7317894277513,706.8047551211531,-409.4837005184649,-632.1022142139803,-299.72181085319613,783.8167702700038,657.0155796996787,-117.1608334123847,187.46326477756827,672.7118749278765,-697.9346075228286,-359.5721976355711,480.3311652351784,705.9058607953388,717.7545977404477,316.50582408501566,469.9828311299551,-431.1465027127218,-598.7733423357877,-446.1371184721329,677.5476653205448,488.920155067617,-85.97208356465484,-565.2270764673405,977.6753887644314,542.4756789868765,793.4961896906332,-35.14166626628856,-128.17026808054666,-430.70485718825336,-418.20953761712246,-649.4458697520715,-741.5350534073324,434.1738649600522,-79.39188535308602,-451.5418312719307,-448.1137572850337,-610.966805676376,839.808591974851,1034.277933000052,503.3363950683811,194.2031795868552,-240.94892823443968,-498.83435967259487,-549.3272786464521,185.7674674097665,-6.234126668085877,297.2915762774582,-213.4697121068423,-472.1047747035543,-303.5877008631954,-653.988353636403,-613.3051520484102,-457.0340386006872,-498.69676906968704,-627.3779445612844,779.8567435635892,-155.30411241978422,214.88711570070635,401.7708003491149,-299.79913717475364,101.87872985576604,-12.583309043568596,-25.535995010920363,-847.5452391516584,521.5114018754855
-364.6036531409218,-350.1957297949341,-227.2735180353884,-374.5549254388576,-566.1438076163141,-646.1359059735847,110.95208315326816,-44.52132382870124,630.9685049098276,380.2977060959144,-421.0152373858284,990.6155433812492,-392.4092807422915,427.59364665802417,679.0622655672539,-411.1201832446002,-647.2080247268165,-222.44776971490808,838.4384009534311,735.2581602876376,-18.432909777353345,280.4798410324517,685.6504758836111,-669.0932433742744,-365.1619288016221,434.6300417687021,665.1056429605937,682.2283730777085,273.0347525410388,534.6010151228483,-370.7027608118845,-565.9673832745815,-379.7221248725653,755.5723745139614,444.6077261456316,-111.87587314860676,-542.1055524316187,980.3994117127638,598.6882970356412,806.8648884626964,-78.84037332466136,-169.0713987989885,-448.70043762427423,-336.42870499505267,-629.8813623271088,-755.3090442159091,517.4217596746089,19.393801134428436,-379.5491333176511,-462.88767133231227,-585.8476858325424,868.24575026867,1033.0379992279354,450.1836113360373,140.94741901722486,-247.79556034581128,-514.4263987967967,-569.2296725239812,269.07066894786755,-55.3036793395614,246.69100897886256,-227.0681223353307,-494.5528000192041,-317.4278609647574,-658.8936430788806,-639.4725410912112,-480.1358334235819,-470.7650495964317,-628.1538998976351,747.6253668066051,-199.4840479375853,164.59448541442862,354.61159037751884,-301.87170138176634,214.8763977496153,83.85365698029482,61.5846169270265,-821.1107890446291,598.7024061012334
-370.5339900308216,-358.5436810565708,-234.0189794372175,-403.1447354971596,-584.9068895806977,-661.0777780943577,97.76742258226568,-97.72399591278284,579.3198511990955,469.5593626719081,-441.8382762284729,965.612822233472,-398.7612116372516,493.2933080867079,648.2388747284302,-410.4497948347114,-658.6391826184954,-140.0009093188438,885.1775762812939,805.6706555600394,84.30851946104417,372.118665642469,691.2465185358838,-631.6933205634261,-370.2765368355799,389.1219139767069,622.4796340123246,643.9105723794767,229.13698535912997,592.210148097704,-303.28402018553805,-525.0758045234115,-306.6359543032137,826.3620403521934,400.39359829172895,-133.96768054504653,-510.30710967809495,976.4477187952258,646.3335857333875,811.7126690440629,-120.25561742944096,-207.26317750879304,-468.3051051511035,-249.45194058716848,-601.9584723112752,-763.9021711991293,596.6924086755682,123.03450555287708,-301.4338756310412,-474.1902131136591,-552.8895268301519,889.722320919555,1024.664838925669,396.5955756784024,89.82110594336946,-255.9394448818739,-529.6850436631986,-591.4025325446195,348.55040293434723,-103.02721692396888,196.5139323854218,-241.8568374938942,-516.3817347343798,-334.24539785812993,-659.7599279760823,-665.6857611856296,-504.9138113405892,-435.2696357990845,-623.1955063883094,709.4253245824983,-240.68357745373515,114.9843767574324,308.08512515930494,-303.1463712625566,328.37191179354363,180.7526118038062,148.5189761542165,-786.3132081913715,668.9235028695574
-378.56929349626085,-368.1246926793972,-240.38960859396985,-433.0912098019175,-601.9327180354915,-672.2250077703576,83.01836890678723,-147.83769480678086,526.0301959611179,554.7318940005816,-463.7511221342946,936.0795274273088,-403.0101144261698,552.9939008948759,614.6342655662017,-408.0117171054271,-665.5068099779197,-53.50313271661387,923.7799771529328,867.581016595177,189.66676583634109,461.08664213892905,689.9277845571788,-585.5901628375843,-375.1926748331563,344.02648481774565,578.3672562634888,603.2847129726773,185.1254383396672,642.2603872096382,-229.69089928133135,-476.24974538406417,-227.84974550049017,889.2479920930631,356.5921311569014,-152.406055564833,-469.7906200358418,966.2557443253112,685.2385168587742,808.4223353037163,-159.07525095700123,-242.53894657541176,-489.0283170611957,-158.5552175506359,-565.4074189840941,-766.514515008956,670.8142119522897,230.01495763189996,-218.2518711866157,-482.3576856756104,-512.106504820852,904.4061185942596,1009.7033698732648,342.99607247071305,41.26968499268917,-265.60197047508603,-544.0219540340693,-615.651164813498,422.9537425651683,-149.1085819922486,146.99981350340315,-258.0522905193122,-537.0953274981478,-353.74717656015764,-655.8627337615112,-691.1640900883426,-531.0296953932564,-392.3714047113532,-611.8526656295119,666.0010467711993,-278.6768665381183,66.321558730196,262.50240615515133,-304.17547771967526,440.6682166083472,276.7288633384524,233.90500139865856,-742.9440072548671,731.3203236455247
-388.9409178614718,-379.16655330581534,-246.70683174989497,-463.793805559214,-616.3402926287401,-679.3820257241531,66.29301230553834,-194.6338421049015,471.4565642023328,634.630460429027,-486.3378075803556,902.5521564295012,-405.6002340728733,606.0227000077904,578.5199139738954,-404.3819811267904,-666.9605751960005,35.813044095116275,954.1641018102318,920.5234289553224,296.1727232496185,546.1733759142218,682.1909974901639,-530.8393704154971,-380.19875469646377,299.558221086622,533.0963805445853,560.7807459735445,141.29743042118963,684.3911000071694,-150.90648036419424,-419.8326155798201,-144.48676220768098,943.7411545599664,313.51422566326363,-167.43620274915847,-420.73137072584495,950.2903731197192,715.408007836572,797.4819048714074,-195.02141018396944,-274.7351998018604,-510.27571453380966,-65.13696365812565,-520.1597418928147,-762.4149726720882,738.7669454795018,338.7228198943588,-131.20102796985904,-487.8053702353909,-463.7076996695653,912.5467235025096,988.7267365731228,289.8163611201254,-4.303553696964133,-276.94627201936925,-556.7843849478709,-641.6714331191154,491.1926144414656,-193.25318051753604,98.3928198030208,-275.808242501876,-556.1523706330646,-375.5357304480058,-646.5129922523511,-715.0553103902456,-558.0479263749827,-342.4271523832936,-593.5457528771007,618.1057193207765,-313.28183249804795,18.87804663025316,218.16017583210535,-305.5085972158984,550.1045883746553,370.4281822028928,316.42964096400107,-690.9789271285939,785.2309628485269
-401.8062404645591,-391.85013455564894,-253.2812394793383,-494.5371328501994,-627.2119984864058,-682.3862518759626,47.19301226170904,-237.9393913557068,415.9384857658864,708.2108309903479,-509.07419632224486,865.545432305415,-406.9956649560094,651.8799565824546,540.1469465819923,-400.1579319885348,-662.2177449079252,126.63923489656304,976.4065021329948,964.2365431145216,402.3277618473845,626.2828025057048,668.5784003657458,-467.7068199015749,-385.5900518771608,255.9250316340501,486.9867420300309,516.7779550219993,97.93886242254636,718.4270832603584,-68.06836249230895,-356.3598022819865,-57.79064204177919,989.527544316693,271.46461640409893,-179.38299500125453,-363.5259650047556,929.0354921476642,737.0078362040348,779.4605869045595,-227.8587484244396,-303.73594672200835,-531.3585818194732,29.323459675935705,-466.36188867779737,-750.9683324201086,799.704155621661,447.498412278308,-41.58663538801383,-491.0166442381534,-408.0986948778407,914.4570094238558,962.3207341803404,237.4896360726573,-46.54981618398789,-290.0694300297813,-567.268463981197,-669.049176703641,552.3703196042078,-235.17349236534116,50.93980844705016,-295.20621982075033,-572.9716515632599,-399.11174849406507,-631.0830256403289,-736.4543528608373,-585.4365078697838,-285.9865107520683,-567.7894276832266,566.4864393900817,-344.36535357329313,-27.071802788255265,175.3360853674933,-307.6751120489005,655.10385716843,460.56502066822907,394.8656635824139,-630.5939162978812,830.1920222195838
-417.2389220050856,-406.301371012884,-260.4062976268415,-524.5009428634546,-633.6176723783784,-681.1117771177093,25.34475882223861,-277.64312689425645,359.8046914924472,774.5931923984465,-531.3370923334046,825.552011979404,-407.6660066855026,690.2404774654026,499.7548163862075,-395.9417324305916,-650.5922619038126,217.62903747886983,990.7226338818132,998.6544004375488,506.6470562569875,700.4590214547286,649.6562173416161,-396.6713638468568,-391.6621673241612,213.32579797450467,440.35291317421775,471.6103357325705,55.32745924208889,744.3681545702372,17.565477900081305,-286.5510726726961,30.911186346068117,1026.457438919477,230.7378204638473,-188.6413374708877,-298.78956967282033,902.9805259085616,750.3432188301952,754.9852172585769,-257.40188539539696,-329.4762332665506,-551.5070228401768,123.31088317813948,-404.38164265904913,-731.66154830353,852.9674253082757,554.6860390272614,49.21767502310643,-492.5291602970223,-345.8760261927368,910.4954879430484,931.0708908879502,186.4441067609908,-85.18636558034977,-304.99573369302715,-574.7355346653873,-697.2624559666452,605.7988379266307,-274.5958052746173,4.887012249675522,-316.24730377528954,-586.9389801438097,-423.8789684346103,-609.03309114176,-754.4252845694772,-612.5711498485807,-223.78169771870503,-534.2159706869858,511.8716501182814,-371.847630069636,-71.2573405594212,134.28325265227755,-311.1666308503848,754.2153822522899,545.956844676699,468.1042659048901,-562.1746656829741,865.937467111851
-435.2204371999633,-422.5829212772831,-268.35253125964687,-552.7744422189306,-634.641196451498,-675.4738632168584,0.4110595578295779,-313.7010572234846,303.3790314047329,833.0781816992045,-552.4174667449255,783.0442345909854,-408.0714290945488,720.9483467562002,457.57991362519147,-392.3233670150853,-631.5227391250123,307.43722555774133,997.444717061298,1023.890930505824,607.7013578265701,767.9053912156851,625.9957519930164,-318.41970218945266,-398.70283819444666,171.94709293758964,393.5065404567332,425.5737537697617,13.734769739007245,762.3731060297528,104.65544040828676,-211.2956904753636,120.24725617023208,1054.5294439866284,191.61301660686044,-195.6643132144093,-227.34515716851837,872.6120409186407,755.8344048740116,724.7181478937913,-283.5216323681791,-351.94471592179235,-569.8869018542189,215.3208375093749,-334.80663640313327,-704.1280674750487,898.0924064351408,658.6844923738952,139.81145760478196,-492.9185360139171,-277.8144050442407,901.050265507398,895.5523331694975,137.094982532946,-120.00660187376096,-321.6711650221864,-578.4312772504859,-725.6868173676836,651.0065658645054,-311.26771986083094,-39.5243393176125,-338.84549538113674,-597.4165797386938,-449.1517253274157,-579.9373768711465,-768.0262734189499,-638.7430681969958,-156.71015787473573,-492.5971418855244,454.9607917464803,-395.70545938369895,-113.41849540652916,95.22458638398884,-316.4197478201905,846.1519251846922,625.5530833003146,535.1821540988723,-486.31870532687753,892.3909142814164
-455.6332032498413,-440.685784395853,-277.36212272652034,-578.3750410940838,-629.4089283359393,-665.434045982693,-27.896906167586916,-346.14044872920687,246.98517262197717,883.1548795906263,-571.537694581048,738.4771703984894,-408.6475644383166,744.005534328503,413.8633128650288,-389.8636052750461,-604.5981621729628,394.7584174271826,996.9980141521388,1040.219171549769,704.1553322324277,827.9963713858681,598.1576484485444,-233.83327539163852,-406.982210803128,131.9594601973132,346.7576179343365,378.9341686654314,-26.57327433114777,772.7392073421506,191.82181848866207,-131.6306824424392,208.84312007184243,1073.870905170173,154.3481740768725,-200.9496202342378,-150.2047526320669,838.4082667566945,753.99070690201,689.337396532157,-306.14963654345803,-371.1852169011993,-585.6204358932094,303.9051326600386,-258.4345743303716,-668.1690015347559,934.806975100771,757.9943570577165,228.80947630530355,-492.78007194340125,-204.8470400756187,886.5251824920482,856.3223941612207,89.83570111699325,-150.8880310926669,-339.9592722156696,-577.6071653354699,-753.6037439101232,687.7366960276003,-344.965933923885,-82.06320045367617,-362.8228807411572,-603.7550348502099,-474.16538240810667,-543.5081976368642,-776.3369945839233,-663.1706670468753,-85.81053459643678,-442.8634835593288,396.416022920723,-415.9742674064457,-153.31312167794093,58.347258196063976,-323.7996197309934,929.8189460566234,698.457576715358,595.30208971371,-403.8294034745689,909.652234758691
-478.2556550513013,-460.5212594292406,-287.6437947338545,-600.2714617600215,-617.1191464342562,-651.0055118124311,-59.80761473825654,-375.062067945654,190.94974201779385,924.5010000661166,-587.872540100169,692.29221008812,-409.7906350221224,759.5554250541265,368.85699197557096,-389.07736720305377,-569.580045758527,478.363404102492,989.8768554857636,1048.046568668144,794.8008252195701,880.2820387121021,566.6796244025659,-143.96744325133315,-416.7418094274533,93.51362564735332,300.4146380775278,331.9362425440796,-65.33732352557345,775.8785605242775,277.6870886971002,-48.71309443728534,295.3617801693915,1084.7162133233855,119.17377323049176,-205.0248401441269,-68.54310387704761,800.8361841969667,745.3843843180703,649.5196493288594,-325.2811940361588,-387.2972066321888,-597.8101483672688,387.7143022605168,-176.2552204723433,-623.7699426928178,963.022266401006,851.2599347413657,314.8822160606685,-492.709058276445,-128.03978484374366,867.328475419331,813.915777637039,45.028778588416856,-177.79760181981013,-359.63861978488904,-571.5436826798497,-780.2124186345117,715.9369562590418,-375.5038071376621,-122.51441267223022,-387.9068335688741,-605.3078597283802,-498.0898178842418,-499.6170620464779,-778.4877673966042,-685.0151654694721,-12.232800275379343,-385.1199638684553,336.8558190752838,-432.7488107543712,-190.7244783729684,23.797691096780703,-333.5848315952775,1004.3353124877164,763.9438418485901,647.8462744118935,-315.7016169987615,917.9795522380474
-502.75962681211456,-481.91373829796566,-299.3678097037885,-617.4109278166898,-597.0715692725856,-632.2583263996005,-95.47746659456044,-400.6402529443132,135.60367714209215,956.9759490958478,-600.5734623012758,644.9204757635523,-411.84320895483336,767.8625100547163,322.82803680295507,-390.4179098544111,-526.4198109732894,557.1314885100722,976.6215880435028,1047.8878211378176,878.5837683277675,924.4856174278716,532.0677873648774,-50.02364177036442,-428.1825500744488,56.73697832911001,254.7835293893262,284.8117182428057,-102.3070648947644,772.2926410021354,360.9169738844181,36.21256951026663,378.5416327889895,1087.3845313430218,86.2864677874269,-208.43206864167425,16.335379431179273,760.3506819141252,730.625695013619,605.9264871458804,-340.97609750754754,-400.4351679749428,-605.5657079611753,465.53498170297786,-89.42466203784352,-571.1123162092036,982.8176615893128,937.3039400170738,396.7930036758283,-493.2802588466228,-48.560210884215984,843.8640936667675,768.8419638278939,2.99668471903664,-200.7940291067096,-380.4020279779388,-559.5746101912903,-804.6448689545527,735.7418514782421,-402.7382368428137,-160.68465054882864,-413.72950329136233,-601.4485917021992,-520.0460491374598,-448.3112875015249,-773.6895331323462,-703.400039745313,62.79627067947249,-319.6568820030441,276.8502356095102,-446.182520086564,-225.468501607845,-8.322598327967942,-345.9540071436384,1069.044919188016,821.4629326738735,692.3823542450524,-223.09919704857552,917.7678437201528
-528.7103932999438,-504.5949006208264,-312.6609182111893,-628.7499291314839,-568.6959021931315,-609.3240355343698,-134.97958979164645,-423.12051478161726,81.28164095690117,980.6077762610648,-608.7956349337641,596.7854328416216,-415.0809637681659,769.2895993952627,276.0605540940673,-394.2622210112896,-475.2702569706198,630.0774617873518,957.7974166971464,1040.3367763901365,954.6238597132736,960.4947225834948,494.79147269028414,46.68437467897657,-441.4522540764056,21.730601770488,210.1653636804541,237.78703605352888,-137.2450145254684,762.5463200530651,440.25841145746966,121.85025949202854,457.230270089084,1082.2583400815556,55.84303404700512,-211.71240071961904,103.03515530962952,717.3951878840912,710.3402502390834,559.1939861804423,-353.35750096495565,-410.8067989898975,-608.0329922429734,536.3206920902421,0.7671981092886117,-510.5783363757237,994.4210178553644,1015.153571733962,473.4301211447906,-495.0271813468424,32.35699663380947,816.5256220268551,721.5844446142876,-35.98684174293741,-220.0268989747668,-401.85783877930015,-541.1115970053701,-825.9844744321438,747.4488720705278,-426.5754416288746,-196.4083380995878,-439.8298420239184,-591.5901228891806,-539.125942560521,-389.8249413363649,-761.2636187195772,-717.4339478950883,138.01080258609753,-246.95504059251505,216.9176241096373,-456.485494996435,-257.400555492033,-37.96001483058228,-360.974602026969,1123.5192281118173,870.6441118408278,728.6622221002361,-127.32502692044694,909.5254032256748
-555.5696953461124,-528.1999209211633,-327.601134323633,-633.2878204652751,-531.578281026294,-582.3991381709731,-178.2935212425081,-442.81447384415947,28.319447523756818,995.5752931954936,-611.7268976470776,548.3042239207864,-419.7008322726613,764.2739450953544,228.855234598672,-400.8979666006088,-416.4902033352064,696.3721955076996,933.9758679374536,1026.0388082040424,1022.2266122906904,988.3472967411304,455.2813956879989,144.76873014788987,-456.63320532349866,-11.432936284116105,166.85289650424366,191.089749855493,-169.93139199410052,747.2425653140729,514.5728003526941,206.89000749116624,530.4127774328941,1069.763976134757,27.95493678358547,-215.3907101083816,190.1119205209575,672.40314340747,685.1495585572532,509.9256364100646,-362.6088915337809,-418.67001456386544,-604.4245341914459,599.2149755322309,92.9345654795558,-442.74889161192,998.185544159908,1084.0571031892946,543.8326580744014,-498.42175963243153,113.4467282541196,785.692616167049,672.6013089313225,-71.70463006990073,-235.7325425823723,-423.533461463516,-515.6681500020763,-843.287705857208,751.490340135141,-446.9753448351629,-229.5532880830565,-465.65841468623256,-575.205770450457,-554.4147880876318,-324.58309337791843,-740.6700955091334,-726.2365947869334,212.14499707253617,-167.68434821886893,157.52260721989012,-463.9211904467112,-286.42138350225144,-65.1105341975647,-378.59429712785686,1167.5512208149876,911.2889424535324,756.6141608416937,-29.784729709999684,893.8494125378103
-582.7020208246249,-552.2662937091222,-344.21229772360164,-630.1022721196648,-485.48443250523474,-551.7469537933868,-225.2961472780002,-460.092057320037,-22.95045603487862,1002.1867741344504,-608.6176898631157,499.8874135203538,-425.8109058564634,753.3036109672448,181.52671355745505,-410.5122965979866,-350.6416782627756,755.3562293540698,905.7193568058834,1005.6649800114768,1080.8878116673225,1008.2134162722144,413.9307896003574,242.80829985757032,-473.7303602222003,-42.71090831365744,125.12609185486215,144.9533950174855,-200.1697319134875,726.9988734679998,582.8632313390814,290.04557194822473,597.2335262497337,1050.3550411039537,2.683815488577221,-219.9610979075712,276.116919546814,625.7997055122831,655.6553494837995,458.6883374756361,-368.96934787024674,-424.3287177052096,-594.050334743673,653.5663170738951,185.6374060708189,-368.3940169460071,994.5647400817628,1143.4907180012185,607.2092782338735,-503.8550874003123,193.4505537609064,751.7290511647584,622.3266677782807,-104.00268448767166,-248.2268720681173,-444.88144626496455,-482.8821126274661,-855.6088166756637,748.4026619688127,-463.95436423675534,-260.0258523007772,-490.5852081450769,-551.8513609177543,-565.0163236057382,-253.1986770735741,-711.5334536935725,-728.9667945176294,283.97198811617614,-82.69525912074376,99.07515425322796,-468.8018579848293,-312.48203449844544,-89.81984972777036,-398.63538377341575,1201.141677752843,943.359731059519,776.3291794240786,68.05440436585354,871.4017801103735
-609.3843339645141,-576.235826924681,-362.45848827309067,-618.3853615871345,-430.3783698057933,-517.6974681435346,-275.75430227543205,-475.3710157722821,-72.20529663115425,1000.8566882138716,-598.8108804533149,451.937007694662,-433.4224698114882,736.8953011176438,134.39904356507108,-423.1827743302405,-278.47940915356503,806.5461522943397,873.5690957669196,979.8890939377844,1130.290835235245,1020.3742534775776,371.09910263069503,339.39032077423906,-492.6608556993033,-72.09081746859677,85.24687154672053,99.6205514042977,-227.7928259737976,702.426313955531,644.2947964704721,370.0904378595157,657.0108579105569,1024.499231155973,-19.96184085287542,-225.87331189352653,359.64113264334105,578.0031315279962,622.4279522804318,406.0110823848384,-372.7273297681007,-428.12733144650514,-576.3478628687844,698.9347525328343,277.4248992823141,-288.45600382478665,984.0867429404173,1193.1558942729423,662.9495269356936,-511.6198474130798,271.15260264514814,714.9835128500099,571.1724149662662,-132.7952236929326,-257.8955583059374,-465.2883006276412,-442.5356589692928,-862.0270302044526,738.7947505877797,-477.5865344328877,-287.7754124282441,-513.9106034862151,-521.1873889034551,-570.079590565679,-176.46165794551695,-673.6642879610527,-724.8518031797332,352.34058448272305,6.997203338200834,41.9306577358902,-471.4828247067002,-335.5876005279449,-112.18197533239824,-420.7924967226755,1224.4790412671816,966.963487328776,788.0426352283295,164.707396145535,842.8862692632009
-634.8193436679754,-599.4602519166634,-382.2384721950994,-597.4788938676342,-366.4355031640425,-480.6448402462768,-329.3194178454223,-489.10395098750206,-119.1397977581291,992.0818502357262,-581.7703064840956,404.8427801889695,-442.4445335339221,715.5746733416322,87.79970946149953,-438.8706598013526,-200.9328080407452,849.6339832836054,838.0363638981365,949.3684775319166,1170.2976263211262,1025.1995109555126,327.11774336668367,433.1507593983314,-513.2454639647829,-99.5898759663287,47.45341018472895,55.34393734450702,-252.66856270775813,674.1118644146441,698.2074953932234,445.8906380200215,709.2444582617212,992.6688011887776,-40.02860732976742,-233.52035926499929,439.3572702223655,529.425408000541,585.9986982667049,352.3858330029926,-374.2132789981531,-430.4441106210779,-550.9099309301457,735.0904723302001,366.8786451435807,-204.02562200727576,967.3292936137104,1232.9681604461089,710.6277426133664,-521.8950694156049,345.4127101072865,675.7907245611566,519.5298665855404,-158.0678810148795,-265.1820812213751,-484.0861938444463,-394.5718105641137,-861.6755663625977,723.3172873056411,-488.0030005943361,-312.79807863720595,-534.8795972072583,-483.000131434096,-568.8268044456714,-95.32066828119376,-627.0757418388336,-713.2168408611159,416.2082394839446,100.23666769243351,-13.609012791837904,-472.3557101036305,-355.799667366489,-132.33636853545693,-444.6339998688451,1237.9143615817763,982.3327006448912,792.1123983486594,258.7163836443437,809.0277519911186
-658.1522773240108,-621.2107562222354,-403.3804663652129,-566.9073854717341,-294.04918025412303,-441.04238505802425,-385.5245900589333,-501.763175417439,-163.47512381042745,976.418233776735,-557.1067823227378,358.9770873854513,-452.6811891534823,689.8599302354182,42.05267238464061,-457.41674929579136,-119.08109401725442,884.4801294393275,799.5969679155447,914.7290800226732,1200.9343774874956,1023.1246040380906,282.29728695133025,522.8115528046278,-535.2026113871565,-125.25364899995392,11.95435423400346,12.38546670743897,-274.7052474072293,642.6045060316154,744.1216790683436,516.4330678832002,753.6156097762141,955.334570465662,-57.618457644686025,-243.22745887523408,514.0576294153984,480.4718213306343,546.8560440591048,298.2700298242676,-373.7913181484301,-431.6832854594746,-517.5090472299512,762.0050754944589,452.6535946057646,-116.31235063560838,944.896357859668,1263.0384758858177,750.0000266554025,-534.7338165208532,415.19551089088736,634.4739936577568,467.7709067752416,-179.8788788417253,-270.57427747852444,-500.5675924607506,-339.10650594744686,-853.7716464709039,702.6343181332011,-495.390011425671,-335.13948863607646,-552.6992504872538,-437.22048346776165,-560.5812489961851,-10.857743243184109,-571.9935963340753,-693.5136070054892,474.6688197744373,195.7552297080205,-67.29342138505795,-471.8406948831073,-373.2374302998021,-150.46373483706728,-469.60726105279696,1241.932957328,989.8042676544588,788.9948933005231,348.6941189573383,770.5542105112885
-678.4909837678281,-640.6915734571894,-425.6375989533863,-526.4070638477945,-213.82988272909077,-399.3950038329841,-443.78439318716175,-513.8238372932631,-204.9684437655716,954.459489937503,-524.6003430612647,314.6884804704345,-463.83208338518006,660.2492140629297,-2.5290635027046595,-478.5399491640332,-34.122612643788806,911.100813193299,758.6885819050744,876.5551560465382,1222.3731467877155,1014.6287648221256,236.9354811971413,607.2130670503776,-558.1455133531559,-149.1539815096118,-21.076634403680465,-28.98669815368544,-293.8560400591437,608.4053281803637,781.7363678864273,580.8482431039024,789.9808563869266,912.9631189620812,-72.8874195668336,-255.24241331702845,582.6861221997003,431.5393141529824,505.44490279772486,244.0901574591844,-371.8503167753917,-432.2661223169845,-476.1168322578746,779.8364019844961,533.5148226188611,-26.609895217242336,917.3972473285576,1283.6488048083786,780.9950485756439,-550.0543410207525,479.5944059207249,591.3481778817197,416.2483807854701,-198.3580923534883,-274.5900396733895,-514.0027338709414,-276.4353350816654,-837.6464254190075,677.3984407233677,-499.98559434774455,-354.8966089009792,-566.5592116210437,-383.9392496311519,-544.7940675724562,75.74275919254642,-508.8591159256015,-665.3465266409241,526.9740563944558,292.20873056758705,-118.92031252218864,-470.3779652258016,-388.0774575400412,-166.78075676369295,-495.0479653871452,1237.1244447178622,989.7978474306084,779.2203518007665,433.36410435012107,728.1818817556622
-694.9290331721892,-657.0575721794555,-448.684514837075,-475.9492392916527,-126.59659258267804,-356.24920945817684,-503.39772019933577,-525.7458382926337,-243.42252744605776,926.8179786927,-484.2175493051159,272.2945178831292,-475.4962192616935,627.2120469190714,-45.65090157768709,-501.8387382805503,52.66024440377935,929.651096156828,715.7105537422515,835.3835238987997,1234.910709216124,1000.2150852287558,191.32532977219165,685.3404556678144,-581.582880789702,-171.3863521690774,-51.50563022330075,-68.50296178502482,-310.1222356927814,571.9616755683785,810.9211288029409,638.4267801474721,818.359906837946,866.0166294124658,-86.04252951177241,-269.72743357176745,644.3631345079817,383.013614910438,462.1685356927662,190.2457983226889,-368.7945594165998,-432.6210192097493,-426.91716154592257,788.9080767890125,608.3685396753257,63.74143446237981,885.4288840188738,1295.223642172409,803.6997066189126,-567.6351670603765,537.8496075751877,546.7228062084355,365.2956043273581,-213.70402487425287,-277.7627885132801,-523.6596855945336,-207.0342091990576,-812.7736487628001,648.2305432900753,-502.0751142568001,-372.21843514897546,-575.6549989559728,-323.41769414314814,-521.0687422606698,163.2295953821683,-438.3240762517304,-628.4954540492117,572.5479265491648,388.21593907213344,-168.33102699661185,-468.41846038206256,-400.55209069492446,-181.5340479387417,-520.1935108304552,1224.152715414764,982.7947879747488,763.3685317803224,511.5955324836872,682.6037163767731
-706.5713199500082,-669.4355821515087,-472.115617322595,-415.7565162834415,-33.360199310414195,-312.18107407708254,-563.5538797277896,-537.9551385281312,-278.6947389924346,894.1088654377236,-436.12280933937416,232.07423844501173,-487.17921685105296,591.1847734742953,-87.0437222648705,-526.79564719069,139.9388780777798,940.4047726373695,671.0257112437554,791.7021119978389,1238.9459389141518,980.3933141598828,145.76249593494055,756.3430177385632,-604.9235326941558,-192.06681862792624,-79.24217251664088,-105.89874221452536,-323.5552141605746,533.6651675221385,831.7024782907698,688.6292449404892,838.9188219048519,814.95470544295,-97.33714962732316,-286.7524226832884,698.4022938512396,335.265256136375,417.3922995281487,137.11364267317074,-365.034207106623,-433.1727855953652,-370.3118816682276,789.6850382901893,676.2861178895945,153.39372490442298,849.5616482728183,1298.299312994554,818.3408225131013,-587.1144531083223,589.3597806031349,500.9050360856476,315.2249850087895,-226.17881718112108,-280.6272558439136,-528.8265618488603,-131.55347996193686,-778.7957365924918,615.704722847937,-501.98590488010433,-387.3054771429165,-579.2135555622211,-256.0923172138526,-489.1820325886192,250.3226997226106,-361.23777911092174,-582.9336132397352,610.9936098218432,482.3997561077261,-215.40442603284475,-466.4140523800503,-410.9464627064896,-194.9936594276306,-544.2004055455756,1203.7272922053614,969.3185771227612,742.0460105968516,582.4315200780293,634.4811173457134
-712.5615147714753,-676.9489916014436,-495.4454474968541,-346.31053427671867,64.70076550309885,-267.7825949281503,-623.3421328816967,-550.8250845166664,-310.7047870826547,856.9375771616266,-380.6828740524599,194.26077420279327,-498.3040554608898,552.569699870093,-126.47025344760436,-552.7848479091848,226.3773176444236,943.7324544560548,624.963684563101,745.9522641076727,1234.9569378974948,955.6659849733136,100.55128618189836,819.5461100678114,-627.4851089528615,-211.32873397278348,-104.24174556811695,-140.9222170565483,-334.2569883380912,493.8532371151223,844.2459820777146,731.0893848161387,851.9496698458491,760.2374417779707,-107.06479458734472,-306.2897213904532,744.3186850314207,288.6447005477101,371.448559136631,85.05097952118352,-360.9757034853974,-434.331287855616,-306.91824284968374,782.7463972472914,736.5203631481329,241.03002261269404,810.3290465383024,1293.4928096804726,825.2641238776428,-607.993866845449,633.6871265731357,454.20218239653536,266.3258631414251,-236.10149485270372,-283.705996188312,-528.835287825686,-50.80534700455261,-735.5459699201353,580.3386538548002,-500.0811299784275,-400.4079015238574,-576.5203990701826,-182.57308500617813,-449.1001976597149,335.7520022791417,-278.62628994633803,-528.8396791453581,642.0930652098212,573.4283765528829,-260.0492204356331,-464.80728635974606,-419.59409975889935,-207.4464599609143,-566.1654456884594,1176.5772828461224,949.9175423532312,715.865957061616,645.109530742054,584.4387447238918
-712.1105615686547,-678.7449518688115,-518.1116733701417,-268.35026219044954,166.2713278787053,-223.6471124192309,-681.7648102301911,-564.6584088390947,-339.44063232449747,815.8906651489715,-318.4639314874059,159.03456604949125,-508.2251971557782,511.7373993934437,-163.73051517760925,-579.0829025460744,310.6702866619348,940.0791251863188,577.8252751268107,698.5340735059156,1223.478990104949,926.5181889907998,56.0085550366355,874.4556204338223,-648.5069247524497,-229.3194249353146,-126.50689923570916,-173.34295426498508,-342.37936649559845,452.8136842297307,848.8353408381153,765.6111036008996,857.8478906097055,702.3290327271376,-115.55168808073115,-328.21033841500514,781.8285360692869,243.4768679235557,324.6421433610907,34.39826842077562,-357.0122470584664,-436.4796742248367,-237.55759582860816,768.7569815861613,788.5137578484155,325.4007216979332,768.2212355711941,1281.4717712766196,824.9117629323866,-629.6470739472255,670.556095155049,406.9236072089891,218.8617651252144,-243.83971503112932,-287.496903540847,-523.0861279724984,34.25521711737613,-683.0655067638237,542.5893221993229,-496.75299202946576,-411.8222029653565,-566.9475001328135,-103.63467756871964,-400.9894520480437,418.2951225013237,-191.6645814112203,-466.6031049607213,665.7996614815296,660.054317413576,-302.19470680170366,-464.0208117083644,-426.8710653951972,-219.1896733929542,-585.1502993288725,1143.4289008683154,925.1502787668038,685.4310451598441,699.073344413842,533.0620294343137
-704.5252834082346,-674.0233440143646,-539.4810904006496,-182.8603038088434,269.9370145745523,-180.35450408238663,-737.7540979546453,-579.6705373189212,-364.9620372838061,771.5298996574065,-250.22106741607257,126.51760243237702,-516.24585958139,469.0314891664152,-198.66620683075084,-604.8826585650652,391.5788312593896,929.9423192020948,529.8874358888647,649.813871267398,1205.0842430078244,893.4110491042014,12.46502493376534,920.7554246327962,-667.1668467121013,-246.1970210903268,-146.0870143665391,-202.9609456296678,-348.12180698075616,410.791616048964,845.8497831007182,792.1598293224775,857.0885888931236,641.70126842864,-123.14832362988892,-352.2817298570606,810.8408719544677,200.0553992414874,277.2558310844827,-14.519515386007464,-353.5144366817603,-439.9624252748084,-163.23539168184087,748.4388679554529,831.8988861458248,405.3562245065592,723.6822501165365,1262.9269672768908,817.7995446859795,-651.3328041707771,699.846226423057,359.3818082017492,173.06731818970636,-249.8003049110544,-292.4618665602569,-511.0720422177248,122.55537336271482,-621.6140867211546,502.8537101859166,-492.4153671995824,-421.8862851829568,-549.9808442880473,-20.2007144074744,-345.21980578097424,496.81218174338017,-101.64269813096516,-396.822078692451,682.2246371944716,741.1493511762413,-341.7800543893584,-464.4466408074061,-433.1886095884696,-230.52478864761332,-600.2089630106913,1104.987239982874,895.5740426147332,651.3199134858789,743.9764182730015,480.89693206935794
-689.2360549426348,-662.0665027951566,-558.8589253220915,-91.04918165889968,374.22494114065074,-138.45690699265626,-790.1925061403865,-595.9748075763017,-387.40136926793656,724.3892396905774,-176.88025262136284,96.76904005884654,-521.6380741870013,424.7750801409347,-231.1639922500507,-629.3102026151294,467.9620331615118,913.8518981492996,481.4084738752195,600.1329138583408,1180.3638196024442,856.7787073267561,-29.73627050581298,958.2986049542368,-682.6019052019548,-262.1276030504765,-163.0768198028981,-229.6155169018743,-351.7280789363995,367.9980649116969,835.7410418828914,810.8491394569149,850.2028925139088,578.8363694267075,-130.22033805545036,-378.16725100090383,831.4420701598419,158.6370111571534,229.55548015269463,-61.39296413815069,-350.82119688207945,-445.0735091146644,-85.11306530053392,722.5440897240024,866.4916932640983,479.8745952570193,677.1106069581285,1238.548354305742,804.4949060164639,-672.2123167024686,721.5799130941133,311.8925837690132,129.1451013760891,-254.41888988197363,-299.01656865989645,-492.4018188619088,212.93409608166303,-551.6734938818854,461.4737421084214,-487.4959126656214,-430.97286410067136,-525.2464815630957,66.67865671145324,-282.3617070271659,570.2761997819717,-9.92743360210762,-320.29383639089843,691.6184452060963,815.7336567944579,-378.7424494343666,-466.4353849920906,-438.9843065988954,-241.7519658149128,-610.4173968090826,1061.9226882947169,861.7361255392607,614.0773202773195,779.6769636712606,428.45141233577294
-665.8224247564667,-642.2685649446992,-575.5015929224617,5.681875586351564,477.6471323888107,-98.46568609918876,-837.9369187019146,-613.5701627948625,-406.9614217195549,674.9741856835279,-99.51344194901228,69.7824913420504,-523.665041063634,379.2780653197123,-261.1577058817036,-651.4446946689038,538.8035992692003,892.3521763473756,432.63313758920486,549.8163044624397,1149.9128546554296,817.0284389258699,-70.2444562263392,987.0934851709372,-693.9321899399763,-277.282791011852,-177.61384480131815,-253.193574963422,-353.48185513685576,324.6195308309497,819.0110850041953,821.9236453913043,837.7553819391061,514.2287332852427,-137.13901895690273,-405.42747113647255,843.87461514688,119.43628886609412,181.7945350713548,-105.92983492432391,-349.2310984480372,-452.0449540192873,-4.472926834545293,691.8295518041259,892.2785887656645,548.0832492170127,628.8628055374514,1209.0054536215628,785.5965156854946,-691.3709457086037,735.9060987618656,264.77418477623644,87.26270832256466,-258.148892582991,-307.5213473227124,-466.8208691021689,304.1752319487469,-473.9431352599273,418.7445955986725,-482.4276694718537,-439.4811577645253,-492.5337649037075,155.8549969369109,-213.17523357090576,637.7978399005841,82.0787068210958,-237.9974503668745,694.3482343086141,882.9978933922885,-413.0045720932703,-470.2856340323041,-444.7117048885584,-253.1649578311091,-614.9044859054031,1014.8620639858074,824.1680336169208,574.2079138709489,806.2255008295768,376.1980395230253
-634.0355343518902,-614.1632205160777,-588.6328891454577,105.77855124593349,578.7439831290322,-60.84027241713034,-879.845968984107,-632.3318471543282,-423.91019189702735,623.76293782655,-19.30778947958141,45.485179846504295,-521.605175885105,332.84443378959423,-288.6295406167741,-670.3408025184481,603.2324507095229,865.9869080609817,383.79730502265977,499.1812398251088,1114.3187391684585,774.543351443735,-108.70796570076496,1007.2857244793296,-700.2874095119807,-291.83782327322336,-189.87503613672055,-273.63667597890645,-353.7013597034102,280.8276977082368,796.1916157532071,825.7392034921678,820.3234339546493,448.3852980639727,-144.2717616014004,-433.5236061675439,848.5116073838815,82.62124259967335,134.2177511813121,-147.85812457858137,-348.99420133805484,-461.0361815076921,77.32232530286487,657.0349860837437,909.3986601122576,609.2740692738435,579.2591215701963,1174.9324733492836,761.7161704706712,-707.8432701740652,743.0810808259045,218.3453937462352,47.55027670487547,-261.4501498951629,-318.27298000026383,-434.2285675894267,395.0423237938652,-389.3274486411806,374.92535728860094,-477.6401749764568,-447.82690037615583,-451.8144410944121,246.1144347465148,-138.59195162480745,698.6436234187444,172.97932196044843,-151.0696169322051,690.8728326545078,942.3173795280516,-444.46203644879625,-476.2336623630824,-450.8285697738242,-265.0464647376452,-612.8833281362229,964.38426318155,783.3821415189157,532.1733466268377,823.8460170011938,324.5771730181403
-593.8161898222161,-577.4486083731695,-597.4634231053785,207.5798432883656,676.1257456487351,-25.97935563081757,-914.8102917614,-652.005599200846,-438.5727214125407,571.2087475657023,62.46964232991272,23.739075395241414,-514.7771358499756,285.7788741066606,-313.61028263995007,-685.0533476317386,660.536803603023,835.2874115750686,335.1320392863392,448.5437954614896,1074.152651594214,729.6870198245185,-144.78388481485626,1019.1378022830368,-700.8353344532684,-305.9700851165475,-200.07278088112457,-290.94646124775863,-352.7331841088697,236.7886197505606,767.8261727912262,822.7415272194498,798.4791396226794,381.8243558097893,-151.97276727129548,-461.82337075422754,845.8287129023915,48.30991431887561,87.0640448063072,-186.93046122852363,-350.3045553851882,-472.1244627448884,158.8734752708567,618.8645598944112,918.1224094847272,662.9116988113212,528.5910039969388,1136.9182886630315,733.4634582671665,-720.6413222950484,743.4476558202937,172.92251170138135,10.098700136489052,-264.77735026746785,-331.4972638607045,-394.6910929184527,484.3135047892648,-298.9152667906416,330.2509488666962,-473.5501071061612,-456.4308070386792,-403.2563024307186,336.2136058681483,-59.68995771036352,752.247129622286,261.42475080566425,-60.77435351511549,681.7166276794962,993.2580799521808,-472.9715473888296,-484.4436617561035,-457.78387142021495,-277.6637524602703,-603.6817179788416,911.019953591612,739.8703775130008,488.3923148418522,832.9121225711547,274.0001717288408
-545.307507391194,-532.0081188090704,-601.2129053047141,309.36918252742925,768.5100718549055,5.785253754447696,-941.784982751044,-672.2058116985795,-451.3202562944557,517.7428605222842,144.510013366449,4.344029550108976,-502.5650081612746,238.3920507355077,-336.1786335694694,-694.663661370565,710.1716133517936,800.7638826030236,286.8668239986101,398.2236388724757,1029.9642584855133,682.8093475440899,-178.1487954043055,1023.0072177308624,-694.8111958153241,-319.85795575114224,-208.4505549649882,-305.1881066525665,-350.9453792617522,192.6707643557553,734.4554458361101,813.4442345864791,772.7742647004343,315.0727676144533,-160.5742357896882,-489.60956654365015,836.3752377405085,16.568268000746652,40.5684242992002,-222.92953487580647,-353.2934962268751,-485.2968640984938,238.78982016092704,577.9725182804718,918.828465839424,708.6351085265661,477.12934491299086,1095.5011091007736,701.4334561514949,-728.7851275922837,737.4138294435675,128.8152868903098,-25.041316616219305,-268.56844940741735,-347.3422974306517,-348.44886193684016,570.8148219633803,-203.9517130919783,284.9442645379315,-470.5515093647165,-465.7057136452714,-347.2302465473888,424.9168864883033,22.336984380396625,798.2131084915726,346.1496791286592,31.532153795209197,667.4436938735399,1035.5746140411215,-498.3406044980944,-494.998720449096,-466.00375107983433,-291.264314713881,-586.7706015821423,855.2546419062178,694.1044198440487,443.2430102927648,833.9197619094161,224.8521483054168
-488.86118502014017,-477.9259533821944,-599.1347283897442,409.4278761625286,854.7539281561066,34.191960139848966,-959.8233670972184,-692.4180885549856,-462.55710645700566,463.777497730168,225.50183907507505,-12.957154499282463,-484.4427495258595,191.0040897407701,-356.45961490659755,-698.3070387568703,751.7596155848462,762.8997551358093,239.23182673188475,348.5462787154908,982.279287475042,634.2529269837746,-208.51028677087496,1019.3246323933496,-681.5469869583856,-333.679761333942,-215.2783683350256,-316.4915583108872,-348.7199364143323,148.65142044244135,696.6061960636393,798.4072867950497,743.7285294543759,248.66163642609413,-170.37825107360536,-516.0916935489911,820.7458945954899,-12.59046843843293,-5.037012511030572,-255.67419208200877,-358.0238697806945,-500.4440323966994,315.7330818925497,534.9530135966419,911.9796647666012,746.2528598800284,425.1328995381755,1051.167416024446,666.1975381343751,-731.3347578260226,725.4322203322686,86.32188694684812,-57.85926717756234,-273.2331907239523,-365.8724429801704,-295.91785758057546,653.450510325707,-105.80365683937374,239.22753705522797,-469.0056882413194,-476.0427117269203,-284.3098335643562,511.0329975106303,106.2149332085953,836.3148338191119,426.00609408891006,124.44005858219606,648.6334128179676,1069.2009623765432,-520.3196037125482,-507.8927986856645,-475.8767798330955,-306.0713453176577,-561.7892300515018,797.5342993593181,646.5368500499769,397.0674187530009,827.4580902858401,177.49386397179384
-425.0366569180746,-415.4964460365055,-590.5421064522839,506.0883277986568,933.8786090233056,59.0499631525831,-968.1109556640045,-712.0065653254547,-472.7056785434266,409.708398595264,304.16925291166217,-28.471861527207786,-459.996889095008,143.9459813557016,-374.6219983521413,-695.2005667497695,785.0865152399982,722.1488100176256,192.4590678339902,299.842695558721,931.5995200624012,584.3591979361887,-235.6182514015879,1008.573018692914,-660.4995256117277,-347.6125685380143,-220.84810774121783,-325.050467032443,-346.4447863588689,104.92112464032716,654.7839362821297,778.2166633659435,711.8213021206612,183.12058284003507,-181.6494930469375,-540.420792325981,799.5546268146319,-39.20491632483844,-49.52300309819147,-285.02575345270964,-364.4853121165109,-517.3561409912492,388.4580468608232,490.3340659278047,898.0997460265141,775.7327745647578,372.8561838259558,1004.3545537365231,628.2971902339906,-727.4229744388352,707.9811286953667,45.72308973274849,-88.38390600686627,-279.1418471928108,-387.0630353595336,-237.68441485088545,731.2289797226078,-5.92017725870428,193.33208022886063,-469.2309269176792,-487.796680017469,-215.262774802433,593.4490611416456,190.6283026596385,866.4853843721792,499.9902839136743,216.5260658195913,625.8586687936101,1094.234929180023,-538.597149651843,-523.0239914088851,-487.7388991269812,-322.2788213338752,-528.5657542503707,738.272651789209,597.6027157984013,350.1768910112776,814.1800815690065,132.26245927281158
-354.59266890801285,-345.2263702623937,-574.8348841021275,597.7845070469031,1005.0870570697232,80.23729057949055,-965.9982691739008,-730.2262551818537,-482.19022020480753,355.9165439501343,379.30762298259447,-42.5492239901095,-428.946467421785,97.55878405563564,-390.8746644665168,-684.6704970216589,810.0911323027574,678.9346142212734,146.78240025313835,252.446430271262,878.4046302286345,533.4737667267219,-259.27511670400503,991.2686626709832,-631.2760839890735,-361.8305323000567,-225.46880019145692,-331.118871135658,-344.5054699334215,61.68591103933098,609.4692939844798,753.4659813190164,677.486631369598,118.9708402722137,-194.6088382293489,-561.7075967824484,773.4115988712944,-63.36310309601276,-92.66392989066728,-310.89408482459635,-372.5907079053714,-535.7212807754759,455.8480602693511,444.5754143108774,877.7517142740478,797.1869542506356,320.55626040654107,955.4562100134672,588.2405752143787,-716.2874470206508,685.548036995488,7.275937712162209,-116.68143593283558,-286.6143150540437,-410.7959903811771,-174.4933453566611,803.2835701196822,94.21016690525072,147.50573088491302,-471.49221203127325,-501.2716756792671,-141.03422419648484,671.1603433663532,274.25964351744443,888.8038349630222,567.262965555985,306.3936359381005,599.6674969238684,1110.917700061099,-552.7992959958955,-540.1894148068368,-501.8584943265864,-340.0460677063976,-487.1320959302737,677.8592274450514,547.7210059385428,302.85843264800235,794.7742969483961,89.47083280673823
-278.4711662706194,-267.8297437023611,-551.525993221483,683.097340612497,1067.773204173847,97.69662368932136,-953.0310539480304,-746.2405279350636,-491.4198475372425,302.7687839152195,449.8149610279264,-55.57036748079192,-391.15919994739625,52.19068440219765,-405.4617768078893,-666.1782346849344,826.851497097745,633.6517979359697,102.43624111553012,206.6884052998886,823.155216465421,481.9503447684684,-279.34428089005087,967.944631775806,-593.6563938787808,-376.502523551441,-229.46174854895483,-335.0057960532727,-343.27665446800523,19.16734438636,561.1177586240528,724.7406064079307,641.111391743638,56.71743521419554,-209.4278442636691,-579.0439080549972,742.9041769182754,-85.19853785642582,-134.23944962612825,-333.2429661515992,-382.1739539542464,-555.126541889655,516.9438998642984,398.06986751329,851.5186686293749,810.8532658324943,268.49792927106427,904.8299272035804,546.5014606179233,-697.3014531195698,658.6160803305951,-28.792846086010037,-142.85296822469513,-295.9097209610072,-436.85654002707855,-107.22963498398536,868.8874577208177,193.10322947658355,102.0175176714165,-475.9912147192404,-516.7066854876842,-62.722244600229445,743.2942117156983,355.8287876336846,903.4775481066926,627.1620446864907,392.7115071472464,570.56881896746,1119.6100084227917,-562.4932807496408,-559.0820946141276,-518.422096754692,-359.4917674775033,-437.7321039257652,616.6673048651337,497.29563080363687,255.38119817553516,769.9390396285087,49.40561025480682
-197.77379825237315,-184.21498876853911,-520.2664311357911,760.7930497544654,1121.5235324436444,111.42934973015905,-928.9763209327848,-759.1436251673396,-500.7714328989251,250.61720751550743,514.7178637257986,-67.93765097157247,-346.6629413249074,8.192116931811169,-418.6566786555349,-639.3439350726796,835.567994323578,586.668642759952,59.65304265085216,162.88990703103585,766.2963463094577,430.1528884850781,-295.7562059712099,939.1370804285186,-547.6098889399505,-391.7888047742033,-233.15543760159775,-337.0680278273595,-343.11368176147926,-22.399557756162345,510.1623134962667,692.6046307087985,603.0361862034894,-3.1592575142740307,-226.22406040261905,-591.5268993679252,708.5824236997549,-104.88496721451698,-174.03684787226527,-352.0943529927786,-392.9891660413534,-575.061994705796,570.9650208870769,351.1476469112081,819.9876562707855,817.0745046487782,216.9569631440058,852.8057432203533,503.5200261041288,-670.0019107929367,627.6537869896459,-62.29335588718609,-167.0314547631201,-307.21674311729026,-464.931374288924,-36.89432110474353,927.4624383941286,289.3222034430715,57.159299688395,-482.8567977597834,-534.2622506271695,18.45365669755301,809.1272533539352,434.12951172262177,910.8218691337428,679.207935275233,474.2489787556428,539.0226366808068,1120.7664894657871,-567.1961225616261,-579.2902599585967,-537.5212354507977,-380.6874837112519,-380.82226099452265,555.0610074803305,446.71562189628287,208.00272325766016,740.3598631838602,12.323781579467216
-113.73178760958916,-95.46469898596902,-480.8675680313416,829.8529301708643,1166.1114769592698,121.48833245435048,-893.8426335544941,-767.9878689416522,-510.5729141121375,199.79720339805309,573.1910921480059,-80.06324239552471,-295.6516936049088,-34.090731465938504,-430.7544749555349,-603.9666558010692,836.5446835575264,538.3304626642907,18.6595492857508,121.35425969374796,708.2609583736589,378.4556649074861,-308.51185655289913,905.3745477273428,-493.3071664629747,-407.8365893990116,-236.88007966148905,-337.70136853883366,-344.3443281762116,-62.7702816770216,457.0182856530936,657.5909121802886,563.5585467835871,-60.212293370158136,-245.0570733232578,-598.2858435471752,670.9493311721722,-122.6300523736654,-211.85399670353172,-367.5312063798516,-404.71148551891775,-594.9277403458674,617.3226552265572,304.0831316928907,783.7368621043933,816.2764664917728,166.2211676701454,799.6950731070195,459.7050043766958,-634.1135736700387,593.1081596780546,-93.0785936926141,-189.37831131147684,-320.6448837886149,-494.6084973047092,35.42448333346947,978.5816605139416,381.5175166637175,13.244326266773584,-492.1363378602194,-554.0084703075727,101.18953879797589,868.094993257481,508.0620530846288,911.2385412254308,723.1017577564816,549.9065773728162,505.43477903810816,1114.9097636016295,-566.3882003673014,-600.2994471137318,-559.1409691878699,-403.6508591774704,-317.06453996745665,493.4009378470267,396.35440121540734,160.97448117207773,706.6911119651512,-21.551786799329104
-27.67034803707734,-2.808666500450548,-433.3195745802409,889.493614985859,1201.4856281263803,127.96991037705672,-847.8931677583707,-771.8149510028841,-521.0875574760631,150.6242667871154,624.5703017287001,-92.35738747616593,-238.4856422698344,-74.32362403620594,-442.063343890433,-560.0400167953363,830.1698813421219,488.9633067856039,-20.32804382401557,82.35777570561642,649.4725477681862,327.2411201009782,-317.68343161878965,867.1702152737192,-431.12484217632976,-424.77441153300254,-240.9616633641895,-337.33069445544515,-347.26093572119606,-101.69632103088205,402.08962717610825,620.1941977213884,522.937902998146,-114.03699252745744,-265.9251882170715,-598.5105341782942,630.4557256422517,-138.6682717563002,-247.5027724411211,-379.69866629574017,-416.9396622446313,-614.0441544643711,655.624726515684,257.1033622710602,743.326221232049,808.9461000487014,116.58920020971551,745.7990075615321,415.43658855635846,-589.5682410517744,555.4009584879711,-121.0498606032602,-210.07993634529268,-336.2169579048467,-525.3791085384295,108.5841340451558,1021.9667069922716,468.46184670598205,-29.397144188720883,-503.7881615587924,-575.9148634908288,184.1377957292954,919.7941747457122,576.6601010461924,905.1940785528468,758.7170722253788,618.7409597422925,470.15603344692136,1102.605660872744,-559.5316604245338,-621.4977843441103,-583.1506241010356,-428.3387501577368,-247.31140203137892,432.04791418369786,346.56810371044685,114.54640691338828,669.5418716550635,-52.03764771886852
59.03079171150172,92.40879112027842,-377.80480492865576,939.1774312376442,1227.7529275237798,131.00561790451445,-791.650282028164,-769.6904124552321,-532.4996757675774,103.38970127911944,668.3578555332595,-105.21672993662932,-175.68500385606438,-112.1927272482746,-452.8947152859304,-507.7623890098668,816.8969882715364,438.8775902538288,-57.10984317795366,46.14057925600843,590.3466900520589,276.8955818721734,-323.4125770433768,825.0169435276906,-361.6432348840683,-442.7053394457034,-245.7153859716375,-336.3991189088059,-352.1130381553201,-138.9318253758118,345.77577751031026,580.8671910455282,481.401751559833,-164.27956761274797,-288.7626583162495,-591.4804640411082,587.4995207821481,-153.25339307353786,-280.81277712548507,-388.8034489542778,-429.200605103974,-631.6653852065464,685.6729814633468,210.39762383629616,699.2913394604819,795.6107819641247,68.36723894041592,691.4153237952652,371.0695602003877,-536.5179136270314,514.9278692029682,-146.16120247095478,-229.34428647949488,-353.8630762256601,-556.6417991144482,181.42204121718257,1057.4797126311196,549.0787549916724,-70.42487140121965,-517.6754019281564,-599.8425297485659,265.9496210800251,963.9780616193163,639.111268137236,893.1991796898498,786.0860753679211,679.9831890473799,433.4852472630865,1084.4407879355383,-546.0931937549426,-642.1847574514645,-609.2972424951507,-454.64062481489015,-172.58336010904745,371.36454723995007,297.6930513969284,68.9700963865669,629.4664184174885,-78.99547753428706
144.97892625861374,188.7658452182824,-314.70508673225703,978.613009182078,1245.158186060569,130.7540814117965,-725.8906716723558,-760.740159537524,-544.9022760695259,58.35544331916933,704.2220572746967,-119.0130223786432,-107.91780393994804,-147.41334245353377,-463.55254167016943,-447.54077008253125,797.2263987623189,388.3713513837417,-91.50866249372744,12.897874098737969,531.2911216454681,227.80297487271167,-325.90644673196493,779.3847915299191,-285.6366439108983,-461.6991807112423,-251.43838590890803,-335.3565221006204,-359.10056523958025,-174.24095056875268,288.47825518428704,540.019288536495,439.1524620703169,-210.64528962695704,-313.4374089091315,-576.5936457621349,542.4287786352432,-166.6508696959566,-311.6352006784236,-395.1114454800895,-440.9560920825051,-646.9960808738717,707.4531140182467,164.12741616886908,652.1404344021107,776.8195685989324,21.86374153371065,636.8436689094851,326.93615458766567,-475.3409673454974,472.060102514374,-168.4227149490155,-247.3976044901073,-373.41640087769895,-587.7093114425971,252.79063098208192,1085.1114263002007,622.4638924016684,-109.49788559300112,-533.5615966893665,-625.5390039599314,345.316994159215,1000.5456462756634,694.7704768778543,875.7900505443567,805.3813930236585,733.049853494997,395.6757773646435,1061.0033666893269,-525.5704178854678,-661.5836458430198,-637.2022124417651,-482.3726088174881,-94.0399616182,311.7145643280782,250.0425643609949,24.5004607514965,586.9589963836154,-102.3377424278061
228.81000811307288,284.80292215591254,-244.60206632035892,1007.7467927255,1254.0612937323851,127.39347692958646,-651.6306337821849,-744.187628407676,-558.287094141432,15.74830387625572,731.9904967325485,-134.08252970947717,-35.98204606672713,-179.73845270727497,-474.3219617229947,-379.9877142312048,771.6891569587946,337.7329246351624,-123.37676273630888,-17.227832094613444,472.70427223604014,180.3368562654235,-325.4320758108911,730.7206449942934,-204.0563522125416,-481.7839383503061,-258.4017457692915,-334.6476600775361,-368.3676701276872,-207.40545194145332,230.606189385576,498.0175965252973,396.3741917907953,-252.9059317195692,-339.7492496672337,-553.393823982734,495.5478767045077,-179.1304963050245,-339.8466598037586,-398.9435787927181,-451.6118107260448,-659.2112112068196,721.1189555939668,118.43612490073724,602.3538710181199,753.1270472251888,-22.6173449463591,582.3885711267031,283.34827568282685,-406.64062842663947,427.1478749703402,-187.90256257437505,-264.4813171961465,-394.61093738073976,-617.8180504450177,321.59099697472243,1104.9662739571977,687.898239187599,-146.28544655951936,-551.1083679171405,-652.6361477598176,421.0120686895267,1029.5259684815808,743.166140167953,853.5122617022796,816.8947310108007,777.5468653169627,356.9445036138525,1032.8679602759032,-497.5207977550392,-678.857675269167,-666.361493698357,-511.2725893598441,-12.945437123389784,253.4599442562094,203.9033475248338,-18.60430118159777,542.4525409501547,-122.03287233093792
309.22842473733664,379.063508580966,-168.27003487220412,1026.746498715861,1254.9134479458917,121.1148553787528,-570.1015138089338,-719.3900288157565,-572.5374594638233,-24.24602247351906,751.6384828441916,-150.71637461193234,39.21694853378947,-208.96664809327672,-485.45771049502326,-305.91096285293014,740.8328337507487,287.24289648423587,-152.60256308879335,-44.15311888950118,414.97231878260976,134.8511857736612,-322.3095441715504,679.4495299245416,-118.0068740660037,-502.9368767754445,-266.8418041954279,-334.7000161702321,-379.9971980723851,-238.23206867431716,172.58012230006477,455.1897670614564,353.2394545365107,-290.906215391836,-367.4286261780759,-521.5947492506932,447.12597320667055,-190.9596097176704,-365.3528549097397,-400.6700318674775,-460.528851598488,-667.4787074442482,726.9720096693969,73.4577545113509,550.3857659577787,725.0801552407222,-64.78447381711351,528.360138445507,240.59878907174223,-331.2353119990167,380.5251723344696,-204.7276094548426,-280.84903797832646,-417.0816033573682,-646.1404598365853,386.803657387906,1117.2455438614284,744.8533638629716,-180.47911869016943,-569.8755449204764,-680.6513638467605,491.9220576856471,1051.058948750997,783.9994286689099,826.9075152020594,821.0137008925354,813.2661628636539,317.4825159562568,1000.584372618792,-461.5917728867431,-693.1297639213482,-696.1497810930663,-540.9967961009105,69.3694233674919,196.95607005360725,159.5317138624765,-60.08445542651427,496.3208072315976,-138.10951866939703
385.0431172798595,470.1342639535113,-86.66101528472798,1035.9778651924184,1248.2336166309267,112.11655260021266,-482.7160015589327,-685.8719783156068,-587.4244192066512,-61.488788773802014,763.273730746491,-169.15201338992304,116.6929789176152,-234.9490353461325,-497.1726646460506,-226.2957654328932,705.2099089603507,237.1752698328551,-179.11693642344662,-67.85833264265665,358.4649836225205,91.6703203330394,-316.90436575326896,625.9771696241912,-28.716336601761533,-525.075638668365,-276.9508960909848,-335.9115228327558,-394.00580565132094,-266.5592788992657,114.8335796672052,411.8281494322418,309.91498381958746,-324.568966874271,-396.1360236782545,-481.10017467027217,397.4069123144454,-202.39704869508583,-388.0918974336332,-400.70299714002175,-467.0376995187723,-670.9844833676783,725.4377177473986,29.32417142414537,496.6670780863193,693.2080844988765,-104.36698930766316,475.07249570888257,198.96174160143036,-250.140732606594,332.5151895071916,-219.08259456689217,-296.7635334724825,-440.3667830857795,-671.8002880185538,447.51504188517504,1122.2298029245978,792.98917242466,-211.8053234294534,-589.3241039095999,-708.9923561990262,557.0780499285546,1065.374218383156,817.1372796223892,796.5034620104141,818.1981132505539,840.1759095740955,277.4665402138934,964.6706872910542,-417.5505446660422,-703.5055551498396,-725.828850197013,-571.1182685932339,151.54739501664503,142.54523311857284,117.14990191666216,-99.68214930348412,448.8832598624408,-150.65953472441788
455.1985060546874,556.682780674937,-0.8823060649420016,1035.976210828752,1234.586288889652,100.59981158493076,-391.0265430469104,-643.3547983286892,-602.6065169432144,-95.8934539689848,767.1185605146119,-189.56596705669224,195.4079226772182,-257.5947968017568,-509.62692274384807,-142.28027273427625,665.3687585169034,187.79780231239548,-202.8987045586028,-88.39033528181456,303.5304146589702,51.07876964171447,-309.61946302688955,570.6933449721016,62.49779313002703,-548.0499171222779,-288.8677316882613,-338.6382718288074,-410.3397514594205,-292.26306126389574,57.812104007375126,368.194750685154,266.56663342710635,-353.8986825452586,-425.46220141078,-432.0183094292237,346.6197147749418,-213.6880014625393,-408.037175928684,-399.4881210990953,-470.4546593708033,-668.9592195860037,717.0398588706926,-13.82956534080827,441.6095872171624,658.0151651620233,-141.12370465438556,422.8401721383794,158.69146837204147,-164.54409885285483,283.43587361512914,-231.2078143918853,-312.49345501399523,-463.91354121929214,-693.89066562668,502.9386283707648,1120.2615722232651,832.1450307637683,-240.0377089542888,-608.822284097639,-736.9655876190277,615.6766255188088,1072.7693974205208,842.6000888433906,762.8065083071153,808.9569333746383,858.405111372869,237.0701848597508,925.6101232056078,-365.3118417346,-709.0992456298405,-754.5602123794661,-601.12759724817,232.2450844667364,90.5489278517288,76.9427282780009,-137.14632391980314,400.4120300315353,-159.83940144942508
518.799033011315,637.4914831830241,87.8328649222285,1027.4144095821082,1214.5613666504562,86.7656587268005,-296.67768277377434,-591.7797953956066,-617.633558328269,-127.42996251102709,763.4908594947216,-212.06787180211225,274.30182947691407,-276.875140687853,-522.917809752026,-55.12479888164789,621.8471765271822,139.37151035558944,-223.97897487404296,-105.86321077662488,250.4895535059936,13.311266691766004,-300.8869950159268,513.9756321061053,154.2661768668866,-571.6342306878129,-302.6677206079724,-343.1823515163179,-428.8714104484055,-315.2613802340953,1.9696574588296425,324.52652463872147,223.36315512352397,-378.98321025323054,-454.9295033544684,-374.6696260763271,294.9888509788668,-225.05978263019392,-425.1996484505042,-397.4948361062111,-470.1005159760652,-660.7061071146356,702.3744174948326,-55.86204836101201,385.610183563232,619.9764489598942,-174.85107253948448,371.972771968792,120.02064395513098,-75.77114924589917,233.60505892977565,-241.39530284018065,-328.3095991998257,-487.0856292207744,-711.4948022102494,552.4300052888218,1111.7291532777515,862.3254498118631,-265.0086827628538,-627.6551832350623,-763.7885028264548,667.0936184008583,1073.5891510511556,860.5452271537063,726.2973827077558,793.8269343584816,868.223831057699,196.47416575079336,883.8511474891873,-304.9619427893636,-709.0615418606345,-781.4220700161771,-630.4362882819576,310.17151710869354,41.259454251760175,39.05479231408189,-172.23885356295543,351.1402450160012,-165.8699165078475
575.1265235687837,711.4863779599063,178.1604628896093,1011.068883326442,1188.7568332036356,70.8129981037743,-201.35459907783888,-531.3240117589361,-631.9545897767996,-156.12767738831914,752.7849678039487,-236.6958591445301,352.32272374840346,-292.8254761423897,-537.0711644858441,33.82385237009251,575.1682144953348,92.14935280698496,-242.44400949054176,-120.45691821504532,199.63041812865987,-21.456300119195955,-291.16021239402176,456.193112192778,245.20665645819275,-595.5223716669036,-318.35363923634105,-349.7799973027082,-449.3966107939863,-335.5172153537267,-52.237485359528016,281.0405574958941,180.4787738217524,-399.9932857237644,-483.9945542389743,-309.58717006292807,242.7435825409542,-236.7185013215592,-439.6294673474528,-395.2057847935634,-465.3210649769206,-645.6285679206629,682.0841220392412,-96.6246264089732,329.0549386997696,579.5355937995996,-205.39050015875503,322.7683397438027,83.15741446095933,14.752759158221956,183.34476131249815,-249.9835266541709,-344.4804539253495,-509.1743730432311,-723.7089858618771,595.4955204916414,1097.0523187158228,883.6817087673741,-286.6194869444278,-645.0380268684662,-788.6054872766135,710.8898637630394,1068.206164813977,871.2476262049943,687.4291085247676,773.3538766390798,870.0203435899173,155.8747889819663,839.8101151467201,-236.77730872564263,-702.6089138496556,-805.4304113634087,-658.3830504263336,384.1233812899995,-5.068607869452275,3.588423100084067,-204.74155752673647,301.27107869131527,-169.03406080583247
623.6499830239114,777.7596483584334,268.7250108080649,987.7851483755773,1157.7646140145614,52.93782001107124,-106.73039724555782,-462.40721206795627,-644.930165612733,-182.0766636049457,735.4534850982691,-263.4132326937541,428.45473899009767,-305.5457431772028,-552.0342277626945,123.1714635179392,525.8380033700043,46.37413377518548,-258.4363888312942,-132.41396641647285,151.20270924438168,-53.114577756314524,-280.90542328299586,397.70967459385264,333.96321727951744,-619.324098368819,-335.8471191144976,-358.5903040672007,-471.63294860284776,-353.0400691361734,-104.3590360349676,237.93878252441775,138.0945426318388,-417.17972450723136,-512.0526962139584,-237.50885257885267,190.1257712634748,-248.8465149426753,-451.41685509525007,-393.10555007573856,-455.5089747522823,-623.2568171716955,656.8346797635853,-135.96267758814946,272.3224978632454,537.1045895186367,-232.63443504243975,275.50587600034305,48.2818130957854,105.54587683668242,132.9842847343751,-257.3506456416803,-361.266810666125,-529.4124760369363,-729.6674404383878,631.7945624668973,1076.670374506868,896.4908554484001,-304.8482573570354,-660.1331478189815,-810.5074169028907,746.8092341511326,1057.0049390371653,875.078687384346,646.6269339120482,748.076809874429,864.2766399385763,115.4901310147901,793.8756103581613,-161.23636709190012,-689.0531628253387,-825.5639220871963,-684.2432305845714,453.0155201642544,-48.22647977217088,-29.397476030649585,-234.46366810133244,250.9869473830115,-169.67304662757036
664.0278531905764,835.5854205228842,358.14133264465033,958.4443327328316,1122.159832363842,33.333364375609754,-14.414842308633636,-385.6892791017423,-655.8487965838242,-205.4271068602372,711.9907877893065,-292.106377365733,501.74334132147567,-315.1989180672965,-567.6704078042634,211.51711139097927,474.3451465889591,2.27569923438982,-272.15431701183184,-142.03425149898396,105.41310668297858,-81.62660183560058,-270.5940752380908,338.8865723197473,419.24322874007527,-642.5646158545804,-354.98149075213377,-369.6848154766207,-495.21929384582415,-367.8860001809933,-153.96069919903078,195.41193164178384,96.39850604794285,-430.8681590351347,-538.4445361970553,-159.36160828849532,137.3956787746254,-261.6005095218917,-460.6921533895215,-391.6689061291013,-440.1262664253944,-593.2720239209103,627.2935319359299,-173.71879811845417,215.78641914734808,493.0648520840961,-256.5309424154051,230.4374790424448,15.5417163442807,195.1156322647299,82.86187767209398,-263.90641961316936,-378.9152815643692,-546.9907002993156,-728.5684641233753,661.1358770200452,1051.0328790508556,901.1334763864904,-319.75559374524573,-672.0705194825554,-828.5545224985577,774.7696807084255,1040.3690320743394,872.4846927298104,604.289717906854,718.5158521275008,851.5436519918857,75.56353575485475,746.4136470387097,-79.02329930309706,-667.8301830814092,-840.7922205630393,-707.2415343892617,515.9055859853542,-88.0582760072784,-59.88757636628296,-261.24930611096386,200.45836797400813,-168.18062846163622
696.1031390725421,884.4283928656748,445.0566151047538,923.931920324966,1082.4934627726425,12.191038182289589,74.09287568128526,-302.05770501655354,-663.9472817631322,-226.38675675827005,682.9188129495305,-322.5838188860997,571.3166120397185,-322.0077873245254,-583.7561644751221,297.493631387466,421.1612379488446,-39.93245608354011,-283.84900702319925,-149.66824570690724,62.421562052510936,-107.03143312593058,-260.69489757100763,280.08394360761355,499.8514476309068,-664.6873307284498,-375.4965423066723,-383.03836535952,-519.7167500369712,-380.1563238832489,-200.6352860272171,153.64251438011175,55.58473375877818,-441.4513185079133,-562.4649450735152,-76.23774952093373,84.83540819153417,-275.1100067304525,-467.6249653727973,-391.34880526152114,-418.7265513686307,-555.5267816723307,594.1117405175668,-209.73752539292693,159.81618576245654,447.76924178640365,-277.08660215023946,187.7805925272059,-14.951360029405636,282.00436757599584,33.324762852714805,-270.08287372614507,-397.65064710223584,-561.0772960410968,-719.7011443987122,683.4686293755332,1020.59308108602,898.0714933427267,-331.48727221958023,-679.9714769656779,-841.802147049948,794.8483313337822,1018.6720981004632,863.9657580555565,560.7922519889743,685.1635698109233,832.4174495033518,36.36423726660906,697.7729407417587,8.976906618596816,-638.5266878527825,-850.1067509083574,-726.5680510293843,572.0121349644585,-124.4666328612809,-87.90921744440286,-284.9845157213211,149.852087466938,-164.9958182745914
719.8921490452001,923.9453979202344,528.1906938182378,885.1097866707,1039.2882019848005,-10.298140871259951,157.4450416244127,-212.6054501934114,-668.4344505020985,-245.2163945827324,648.7754297482763,-354.5763486607026,636.4018323500012,-326.25013211628635,-599.9802253054341,379.8059922867286,366.742064639507,-80.05701267660314,-293.8201683915473,-155.70875810428907,22.33882102341356,-129.44530513698174,-251.6660068362547,221.66108920375305,574.7194668642077,-685.0602684566785,-397.03573958368673,-398.52159436975785,-544.6113597004125,-389.9951931633391,-244.01426802372305,112.80670076529272,15.851314303135402,-449.37896257048607,-583.3747724839034,10.635680330002378,32.74976848737148,-289.47606899976705,-472.4223100424711,-392.5643153340199,-390.9760615791199,-510.0606319557107,557.9094029951121,-243.87112936865208,104.77673141345728,401.5446188712828,-294.3676630012004,147.7108290255908,-43.12630003702463,364.8330128906177,-15.272548285795654,-276.3238577285224,-417.6670682472701,-570.8399281714757,-702.4718219095372,698.8691586438133,985.803928760121,887.8270418257256,-340.27384823005787,-682.975050061242,-849.3288192013891,807.2619396441237,992.2727851221246,850.0561884590944,516.4880133319118,648.47987149664,807.5174694275797,-1.8148963778615488,648.2895792534789,101.69237945315562,-600.9036043185921,-852.5534950082389,-741.397455204156,620.7258159244038,-157.4165030252228,-113.53046769131284,-305.6034431603448,99.3381729345708,-160.59418910891142
735.5678558662157,953.9803232027572,606.3726046441183,842.7923773014959,993.0372139525902,-33.94181582059605,234.4781381350702,-118.60004737284142,-668.5176926622607,-262.2234282111616,610.1054979385848,-387.7381452314618,696.3369284320335,-328.2524901770189,-615.9453208598445,457.2658893017734,311.5290938202388,-117.92888764688352,-302.4096915031997,-160.5815125128032,-14.77467785140971,-149.06013916406903,-243.94685905397603,163.97538935133997,642.9295538235735,-702.9864048845914,-419.1464008637952,-415.8955969567912,-569.3188499930721,-397.5863107193841,-283.77909230697213,73.07506984615345,-22.60258026924367,-455.1456850870416,-600.4154164219266,99.93329740657867,-18.53552531719865,-304.7699606794414,-475.3257149649659,-395.68872349227047,-356.67245973059806,-457.1095043155313,519.2647827979991,-275.9859694310296,51.02644301326898,354.69462503095684,-308.49949282872325,110.35581375926354,-68.95593052318712,442.3405982109987,-62.57165434444404,-283.073651931212,-439.1183153436103,-575.4697035723862,-676.4293639343061,707.5245251461415,947.1163211365704,870.9632461596896,-346.42702319772246,-680.2661334895288,-850.2659076230374,812.3441200654258,961.5132974141568,831.3068959267725,471.7118939569543,608.8901453607607,777.467597417023,-38.66232758707376,598.2905799311036,197.88695990176865,-554.9148445517707,-847.266496978569,-750.9110837154835,661.6136691023964,-186.93688155178836,-136.85724815868096,-323.09330543411426,49.09581421326742,-155.47797324001846
743.4390701594527,974.553129358582,678.5717230535112,797.7276541298829,944.2052673560248,-58.54452015549275,304.2361270678794,-21.445394196954076,-663.4315289024008,-277.75379888480086,567.4545162577508,-421.6488611634379,750.5766689229816,-328.3826707112504,-631.1726007902059,528.8211155949821,255.95089686697335,-153.40731793902674,-309.993677295462,-164.7348102404574,-48.908480588916014,-166.1394215748,-237.9499366202112,107.37985169932018,703.7321345514313,-717.7179904724044,-441.28322976891536,-434.8091657239833,-593.1916849189115,-403.14903018733753,-319.6716149189468,34.61226564737551,-59.58042904031121,-459.2768945007074,-612.8262212993249,190.27186250059944,-68.6782647568865,-321.0315316469116,-476.6071900524682,-401.0380237603912,-315.760426947831,-397.1081537416302,478.7071460761199,-305.9689221250201,-1.0862665441779629,307.5024589213003,-319.6644462239121,75.79044538109575,-92.45975286741862,513.4177880535351,-108.21528254560168,-290.76478648714595,-462.1072849877132,-574.2067394285474,-641.2882144675216,709.7140166711739,904.9791329932212,848.0674495218801,-350.33277891840623,-671.1045419360048,-843.827967996583,810.5208458104664,926.7211968205768,808.2703337544301,426.7825243732183,566.7862169741817,742.8806507873758,-73.8551978144231,548.0960073851546,296.1906096157628,-500.7202442556138,-833.5010386771168,-754.3213901041469,694.4168834937205,-213.1203807755913,-158.02968101306072,-337.497876464516,-0.6823567993475907,-150.1651661347091
743.9267229954619,985.8439487985108,743.9222025666489,750.5832021690698,893.2316790856646,-83.90610006807269,365.98366492540913,77.36185638429347,-652.4673547798972,-292.1824404158789,521.3645979553496,-455.81670288361227,798.6938351563791,-327.0411987767052,-645.1088599362818,593.5786004912571,200.4242258589187,-186.38374250189705,-316.9729972471701,-168.62856514775888,-80.10043276323375,-181.01157135266237,-234.05208661456712,52.21939438939775,756.556522990111,-728.4747446989022,-462.8154879788236,-454.7990882452304,-615.528633195168,-406.9340770923449,-351.50308505688486,-2.4243264867762355,-94.89275088822754,-462.3133502646149,-619.8644802865213,280.25292129750926,-117.32657705050138,-338.2671273052439,-476.564048911266,-408.8600071007761,-268.34309538783987,-330.6849928280217,436.7131187274391,-333.7334334207784,-51.22759967236968,260.23348807902295,-328.09832864021587,44.033897396958,-113.70558451864316,577.1330393730237,-151.85374734531416,-299.80525602433573,-486.6751878442456,-566.3665457748623,-596.9481232178047,705.7897622889126,859.8404509453413,819.7372085477749,-352.4414164371235,-654.8538501909345,-829.3427560606765,802.2856353146047,888.2138296020735,781.4882034097367,382.0039036604874,522.5295851876006,704.3465332004206,-107.06861177707984,498.0195125750034,395.1362643309275,-438.6916378668788,-810.6651767694776,-750.8980845169385,719.0426493089267,-236.12072380889344,-177.2178696964822,-348.9193071456229,-49.7875785200773,-145.17784217359122
737.5385854195285,988.1734142344042,801.7398708048902,701.9376544064719,840.5344121625953,-109.82054423424992,419.2092712951118,176.27908009261404,-635.0033725962003,-305.9025621106655,472.3723807454986,-489.6826063228118,840.3758819246286,-324.65186622723525,-657.1366617353432,650.8203832905251,145.35451421326997,-216.78526850509985,-323.76258843682683,-172.7230130103562,-108.4337992869749,-194.0610406449139,-232.585478775524,-1.173921315835773,801.014844704197,-734.4655812637378,-483.0379454276869,-475.29391040574745,-635.5869768017261,-409.2190664158204,-379.16122232972833,-37.8867108483585,-128.36198958424316,-464.7946907087111,-620.8275996924178,368.5055036425806,-164.12782632765493,-356.44689897889714,-475.5125716045275,-419.3241720956136,-214.68851528382916,-258.64911832345683,393.7062273720354,-359.2248297926332,-99.08390829808296,213.1376004705858,-334.0856655056703,15.04858216776286,-132.80988717397986,632.7504826407928,-193.15259402750664,-310.5653347590008,-512.7908884304619,-551.3663386261484,-543.5094345975859,696.1575142163797,812.1494151967213,786.5691380689591,-353.2547620262267,-631.0088143067426,-806.2797667091445,788.1757211297888,846.304627546153,751.4820036617524,337.66615072556243,476.45631355420926,662.424065462102,-137.98631924359773,448.3673244185289,493.2013360491624,-369.411307151497,-778.348268431395,-739.9950853073493,735.5509786345393,-256.1483581742539,-194.6173335024719,-357.51818093387124,-97.99400054050048,-141.02988141517667
724.843716755906,981.980449503895,851.5312099148183,652.2773609566339,786.5146574879723,-136.07540750404357,463.61906926509,273.7652714995638,-610.5336041052614,-319.3140386514487,421.00838877152665,-522.6256936483687,875.4178494203168,-321.65156903146635,-666.5873915482548,700.0122001735685,91.13562579633528,-244.57753069870247,-330.779698311279,-177.4674005720232,-134.03344462121683,-205.71747941029795,-233.8282207859146,-52.48639945012538,836.8994377023731,-734.9133057878353,-501.1855870388621,-495.6215065368247,-652.5973777603391,-410.30392102944506,-402.6150606389551,-71.63900260150777,-159.82773023876177,-467.2424262973343,-615.0767613772778,453.7267769738405,-208.73910106232725,-375.50148795454646,-473.780531385632,-432.51267367319485,-155.23052005370633,-181.96979205984687,350.05917011931086,-382.42462255534525,-144.36772527065173,166.45124115718653,-337.9539855678412,-11.258828462477132,-149.93663073021736,679.7391587352259,-231.80111098755089,-323.3642320040344,-540.3409569366455,-528.750266814928,-481.2828566304017,681.2585168902829,762.3580653069214,749.1505034108889,-353.31091167105126,-599.2201204607151,-774.27608224505,768.750297849224,801.3104502390046,718.7463262547268,294.0452933665739,428.8829172831965,617.6362639550257,-166.31220252743472,399.4358653057986,588.8517677327468,-293.6623934549097,-736.3450920983342,-721.0772585118696,744.1375459417833,-273.4644889119056,-210.44430299706457,-363.5117811336743,-145.05949102289435,-138.21430607187938
706.4478369202839,967.79875765593,892.9945055006817,601.9980061428474,731.5612592246079,-162.45197857620272,499.12223125074735,368.3271126131675,-578.694768982487,-332.8111921193104,367.79731757315216,-553.9702708743823,903.7124561359948,-318.4796144326365,-672.757202890156,740.8047711982724,38.14872636035159,-269.76679156373257,-338.4313033718582,-183.2889470323073,-157.0613860289538,-216.44335448176608,-237.9947487836831,-101.42858279729808,864.1743088647752,-729.0815197556498,-516.451888945273,-515.0206877966167,-665.7812936691379,-410.5062161223352,-421.9173727642639,-103.56049482643547,-189.1520814432648,-470.1428931790984,-602.0612129530651,534.7186881440393,-250.83868361046544,-395.31817365077467,-471.6986383663762,-448.4125292633972,-90.56357838657888,-101.74911495818831,306.09828045549153,-403.3536421355836,-186.82386279086475,120.3991014330618,-340.0673029241597,-35.03437647075085,-165.29462648614495,717.7737635108124,-267.5213454985237,-338.4568749468553,-569.1210483114568,-498.2124391917947,-410.79274430800285,661.5532078477909,710.9226385824774,708.0533103481271,-353.16696906407054,-559.3152234508846,-733.1582858822776,744.5716975968597,753.5591145546251,683.7446638575499,251.4021040456589,380.1125943616694,570.4686529439871,-191.7819591091562,351.50826614448755,680.5863945109994,-212.41128474509352,-684.6742259084141,-693.7458124193746,745.1137142235959,-288.373887768411,-224.931039095314,-367.1706091045361,-190.72818255831749,-137.1904355620062
682.9706691991208,946.2331729854084,926.0136670672432,551.410672200602,676.0544233218034,-188.7262994441276,525.8096618314892,458.5613913945194,-539.2897417091011,-346.77025044525,313.2587079084539,-582.9946740451536,925.2383868869072,-315.56668322482057,-674.9257294397022,773.0282585060619,-13.239798998080255,-292.40117927388724,-347.10094355181343,-190.5823397135126,-177.71204923168804,-226.72044346450343,-245.22619641457536,-147.7410873822768,882.9614678172032,-716.3027791322618,-528.0103088080632,-532.656935739519,-674.3706916940135,-410.1564016611039,-437.2046245122505,-133.54881865681222,-216.2250632567841,-473.9306658078564,-581.3421439028383,610.4189022944915,-290.13782071999367,-415.7366956599738,-469.5909876775932,-466.9093092586738,-21.43149686354772,-19.18908470844744,262.1095994230224,-422.0739267188228,-226.23515591416967,75.19543192238699,-340.8189380288127,-56.471980360211305,-179.13335136924428,746.727519161308,-300.0772188189378,-356.0211601648998,-598.8292500268317,-459.6165940837078,-332.7731334206892,637.5073057079323,658.3038626771041,663.8305367660605,-353.380289425907,-511.3141218636725,-682.959232644564,716.1900602492692,703.3962982567426,646.9073896117477,209.9800684450105,330.4412047959745,521.3700675206142,-214.1743827391768,304.85012254558256,766.9793859096351,-126.78244927682184,-623.5894879782583,-657.7611546654799,738.884957157357,-301.21685156187897,-238.32127894229703,-368.8132457729864,-234.73465758575455,-138.37109069439433
655.0261096423674,917.9369181387236,950.6455789791388,500.75166957345874,620.3682703122497,-214.6710964868845,543.9277131263823,543.1919655046244,-492.3062904705731,-361.5367657934846,257.9075037464743,-608.942274380276,940.0477890375288,-313.3236305231624,-672.3773173396827,796.6807022576739,-62.68140582868028,-312.57101476230696,-357.1352425565515,-199.69997806395537,-196.20752882335853,-237.03562638483243,-255.58103254703343,-191.20000829029672,893.5231396898588,-696.0069040168559,-535.0384687817235,-547.6421707465831,-677.6296632363495,-409.5927981038853,-448.6945239240454,-161.52295567649458,-240.9698470419828,-478.9729163933754,-552.6149862601601,679.9247340739688,-326.39208968810374,-436.5450649357482,-467.7646414014382,-487.7825528088903,51.289847887135885,64.44539361600246,218.34595270445035,-438.68935356341154,-262.42747548028984,31.044943531321216,-340.62376312227536,-75.80710964224865,-191.7373673586752,766.658178315572,-329.2833086068112,-376.1460684348318,-629.062031818688,-413.01127419324126,-248.15605309286747,609.5806495713543,604.9659111266805,617.0140840849785,-354.488778735657,-455.4390741641222,-623.9285800362163,684.1317728024767,651.1911013835108,608.6314963567553,170.00263383808706,280.1624982597657,470.7553329068937,-233.32168907713896,259.7048634910841,846.7187363116958,-38.02665031024066,-553.5834721902746,-613.0620137164314,725.9288619239386,-312.3606617901887,-250.8658509114176,-368.7996930792613,-276.8096030533161,-142.11010629479
623.2058596493166,883.5906393438562,967.1021155917427,450.1953083378641,564.8719412079874,-240.05862829129163,553.8488530781761,621.0998788196083,-437.9298801939177,-377.41327460601576,202.25404524043327,-631.0348966866432,948.2539112463924,-312.1303031743752,-664.4243805569621,811.911507577147,-109.8493937577598,-330.4082308992625,-368.8304208104094,-210.94312091169948,-212.7930869723491,-247.8663768225833,-269.0263417186719,-231.6215601133613,896.2409676225773,-667.7482274986933,-536.7443495412922,-559.0582638325783,-674.8773941442684,-409.1562254613978,-456.6813223647866,-187.42589347687,-263.3476892087716,-485.55518641333686,-515.7289264379816,742.5092321856472,-359.41168479062753,-457.4757591063554,-466.4985242210472,-510.7031701221064,126.61522949946472,147.86571081467338,175.03443403930277,-453.345040474728,-295.273710014731,-11.856752699010034,-339.90990242647194,-93.3093877733132,-203.41950813409136,777.7884544598805,-355.012854734925,-398.8210789543049,-659.3133846917206,-358.6394668709711,-158.05202260575484,578.2189686388554,551.3738376676481,568.1139997767468,-356.9908244913434,-392.11748811241625,-556.5361725516095,648.8916744089715,597.3396898873034,569.2816488411146,131.6699311000127,229.572214169966,419.00919127403097,-249.11839895372356,216.28910323856627,918.639117385086,52.51610049682713,-475.3825279165249,-559.7796799004107,706.7738065845098,-322.19084579017687,-262.81845247920904,-367.5233671816119,-316.6866959101112,-148.69043984990572
588.0669229462363,843.883897186847,975.7281366420884,399.8686786188817,509.9291193986661,-264.6643928146011,556.0411980622299,691.3457034666172,-376.5495041788088,-394.6474760046783,146.80312291419844,-648.4887868488458,950.0196755741046,-312.3245454191164,-650.4322991703586,819.0012388238064,-154.44375603767446,-346.0849273804712,-382.4191452453835,-224.5540282948401,-227.73302237994255,-259.666317266748,-285.43019514333,-268.8656975650274,891.5933552985952,-631.2305182504117,-532.3936627493108,-565.9837886436762,-665.5118035403932,-409.18411348786304,-461.5290882710851,-211.22676458528667,-283.3623808716532,-493.86900510186,-470.70244135028014,797.6290821580988,-389.0700257356691,-478.20274378617296,-466.0318729747365,-535.2331159440037,203.4773899902203,229.79901563652408,132.38372017921685,-466.22556483986426,-324.6965091205385,-53.32322915537806,-339.10987311748227,-109.2745930820005,-214.51305222998224,780.4823522248086,-377.20455533270615,-423.9273429843774,-688.9776529636769,-296.9418447798386,-63.72308333060757,543.8485845166065,497.9894566483793,517.6185339219376,-361.3254565726601,-321.9775091136884,-481.46764901305374,610.9287860269409,542.2666151089841,529.1921031657987,95.15519892499148,178.97081095813132,366.4908824950751,-261.5283793559686,174.78832331700738,981.7478679023004,143.45714938993493,-389.9329217494305,-498.2463398749483,681.9792614153416,-331.10246815498977,-274.4315546682228,-365.401940754014,-354.1104193392063,-158.31318525290644
550.1231306506015,799.499582234977,976.9768662552488,349.86744520221816,455.8959756537311,-288.2715690874489,551.0386917847659,753.1836624441513,-308.7557982539083,-413.4211961038045,92.05181221397297,-660.5330910241736,945.5477823450628,-314.19155930076624,-629.8450785057034,818.3390691528703,-196.19670803622225,-359.81112618474015,-398.05809238222935,-240.70913061608016,-241.3069242820898,-272.8511617891036,-304.5556142438766,-302.8385605863669,880.1320755099925,-586.328320453399,-521.3374326113026,-567.5233013799754,-649.0330334177299,-410.0039513345425,-463.6632121251703,-232.9223707085121,-301.064001571392,-504.0017547033791,-417.73378160930497,844.9244909454984,-415.3102038102029,-498.3397748466184,-466.5525504826698,-560.8276401100654,280.75779934912606,309.02600671562533,90.59068441977232,-477.5520561368709,-350.6696798356345,-93.17792066924004,-338.65112896026733,-124.0165341030542,-225.3631250066825,775.2189448295873,-395.8677584350222,-451.23108244575707,-717.3564461141781,-228.55299324842548,33.45080101693608,506.8738848541119,445.2657796391202,465.9946381726364,-367.8533556998746,-245.83617894375715,-399.6119941483147,570.6651441832751,486.4235835555865,488.6690806378325,60.60116172869268,128.6647060622105,313.5388584064096,-270.5897442285754,135.35318981893957,1035.243419676346,233.40143439581016,-298.3783643753377,-428.9966707620548,652.118479208066,-339.49160179550535,-285.95238185949376,-362.8672469398009,-388.8444578170127,-171.0878125856563
509.8406306592021,751.1015186947568,971.3840556188628,300.2716477841844,403.11766789569214,-310.67600356893627,539.4134830517331,806.0675537692255,-235.3310748440458,-433.8403936977937,38.48591721509271,-666.430597658523,935.0727284781544,-317.9537867925592,-602.2107876942176,810.3992342699265,-234.87865301889357,-371.8317893835512,-415.8166244688972,-259.51321370303793,-253.8062153671941,-287.7853330800039,-326.05665484247515,-333.4936903554928,862.4591921306628,-533.1035291565863,-503.03870497782,-562.8382402074438,-625.0658589848013,-411.9259692687624,-463.5604165225557,-252.5380609674104,-316.55172735319826,-515.9291433339198,-357.20551468161455,884.2116710009309,-438.14892079749376,-517.4404206083927,-468.1856136134997,-586.8404310507,357.3194679573618,384.4152844975806,49.84583728546055,-487.5782227445302,-373.2182223853259,-131.25547112891346,-338.94597112116907,-137.85923482021764,-236.31756955416364,762.5651230086718,-411.0857218335626,-480.37966872820334,-743.6698718590535,-154.29033184405898,132.0106668752754,467.67726036718375,393.64024285924216,413.6885840665414,-376.8393373363159,-164.6804145386237,-312.0411706199523,528.4872037203376,430.285629557506,447.99324163904265,28.11662306976087,78.96601393560218,260.4752052847764,-276.4174273431795,98.0967561409904,1078.5259845135065,320.98932108216087,-202.0295589059984,-352.76213169210064,617.7641288640087,-347.747049435388,-297.6189070103554,-360.3544630402097,-420.6802818077605,-187.0239565842637
467.6370696801677,699.3253272658555,959.5422469188832,251.16053647589243,351.92362679762334,-331.6914979602948,521.7517519159863,849.6489200184385,-157.2313629586444,-455.92645116359387,-13.425024183537568,-665.5002643152386,918.8548976506556,-323.7614931029448,-567.2056267804114,795.7177573686512,-270.30427203023646,-382.42313449822905,-435.6669928958159,-280.9945847828617,-265.53080258695667,-304.7695144496456,-349.4771327894481,-360.8320559690694,839.2052197540694,-471.8161575455087,-477.0972292177025,-551.1783612184919,-593.3800080029312,-415.2350033914181,-461.7375443014071,-270.1279961405734,-329.9754147460922,-529.5106018124667,-289.6825042352378,915.4689199010598,-457.6777276141423,-535.0002057794281,-470.98260900446144,-612.5319558467853,432.0402876551123,454.9527584981974,10.33720614118231,-496.58538085156704,-392.4170771894855,-167.40380303876736,-340.3808245879524,-151.12977843535762,-247.71750171270384,743.1487342329863,-423.0167036032774,-510.90081308242,-767.0721625143235,-75.13581617433415,230.46107017026935,426.62107428664746,343.52705906552904,361.1264552040994,-388.436933070177,-79.64144123679853,-219.9824192184221,484.7492210153087,374.3448076670153,407.4219809224434,-2.226465716833108,30.19085207992772,207.6094505766411,-279.2033499357916,63.09273654386615,1111.2008040043177,404.9360642058105,-102.32689692633885,-270.45773794270553,579.4772023272074,-356.2423122365082,-309.6557913788709,-358.290791412372,-449.44551500476007,-206.02506898938964
423.88401529231055,644.7724480458829,942.0763113423172,202.62556279811847,302.62192932876303,-351.1551219603647,498.6338853703301,883.7682692529254,-75.56101522677525,-479.60898889467126,-63.23409131061274,-657.1408259554762,897.1766766219233,-331.6842614319841,-524.6553587675977,774.8705605829809,-302.3383682684908,-391.8882394002203,-457.4764904739683,-305.1011827111165,-276.7856072900048,-324.0293766716826,-374.25246771403954,-384.9010067122752,811.0092877599233,-402.9284528131561,-443.2709379379848,-531.9124848275843,-553.9073397853248,-420.1815746429338,-458.739388974998,-285.77488240858645,-341.5356751975504,-544.4878672922546,-215.9030288061524,938.8175732624228,-474.0615188358077,-550.461228335206,-474.9121425705597,-637.0812549278212,503.8453498253805,519.7649481806591,-27.747629206726824,-504.87656387533775,-408.3887284128998,-201.48692673768568,-343.3049460449801,-164.15203357104204,-259.8877232040878,717.6333592179918,-431.8927463124081,-542.2052615147242,-786.6715765441659,7.78908150316602,327.31416943228186,384.051140621837,295.30909616726933,308.7143417813614,-402.6756631384855,8.036320769146016,-124.78426737315118,439.778026099192,319.1016649647285,367.1913500625843,-30.395215975305295,-17.34365416871029,155.24152620969917,-279.2142096281931,30.37496366390805,1133.074654850631,484.0671002092084,-0.7978617871918902,-183.1615098743309,537.7992993825735,-365.3277361788869,-322.2701819387059,-357.0838546860649,-475.0116815910328,-227.8842354458045
378.9120180311659,588.0070786409606,919.621246001916,154.78078686494362,255.4931059057291,-368.9322652853527,470.61953699829473,908.4404431371734,8.459097425092972,-504.7204473691427,-110.52448070575042,-640.8545796288236,870.3403822745249,-341.7036599137349,-474.55280887621166,748.4538732557332,-330.90106659667407,-400.5518802781352,-481.0019757293115,-331.69761318648455,-287.87673653008665,-345.7056967346942,-399.7150396218997,-405.7923164738747,778.5018946073852,-327.1017780321705,-401.49309318514526,-504.5572261706964,-506.7548539042251,-426.972311028445,-455.1258231726652,-299.5892901501663,-351.48217811482954,-560.4869510143625,-136.76311925300496,954.4992824295056,-487.5343715569939,-563.2195403248203,-479.8523114897638,-659.6013626379516,571.7367637213192,578.1354111418455,-64.22150285905357,-512.7698020890144,-421.2998672843457,-233.3884456347916,-348.0187263723194,-177.24134003817412,-273.1271186072638,686.6957513892927,-438.0161161041309,-573.5933297027758,-801.5542497708813,93.25420216798348,421.13318290076654,340.30113116394523,249.329721175134,256.83812799744834,-419.4515407570638,97.0305997507312,-27.87769663019045,393.8786237840187,265.05487248168714,327.5174965105445,-56.39707195536889,-63.32349455165264,103.66374642993982,-276.78700860802155,-0.0619349967976729,1144.146588177319,557.3476624430709,100.98894183270124,-92.0872258162885,493.2481801822949,-375.3227168859214,-335.6472632763628,-357.1100278042519,-497.3009582169194,-252.2824379071487
333.0176056497578,529.5556620121971,892.8030004650724,107.7701446794221,210.78374801528815,-384.9211571019114,438.2377432674479,923.835437288045,93.52837925685738,-530.9926985989017,-154.91783879888595,-616.2702803793584,838.6676568339692,-353.7074039555938,-417.0701936866068,717.0676064160874,-355.97197217735663,-408.7545064639743,-505.8871875228227,-360.56312084887867,-299.1070779403814,-369.84605584644544,-425.10333556281,-423.63951431080784,742.2906450387951,-245.18599425612527,-351.8840820735779,-468.802338773846,-452.2125847176679,-435.7599497072637,-451.4584766723326,-311.7086805918286,-360.10997750179155,-577.0236098602129,-53.294597475168,962.8511341569392,-498.3929227345122,-572.6355114214691,-485.5855866280801,-679.1583939971385,634.8196612262576,629.5139559889668,-98.8996503524238,-520.5906693101372,-431.3573553715976,-263.01563717706165,-354.7618658340268,-190.70008333382376,-287.6991162425097,651.0067107996522,-441.7534448784969,-604.2655313792566,-810.8114521044633,179.95605923714945,510.5730465228825,295.6973147924476,205.8850534624054,205.86280925010655,-438.5212743914565,185.9792829784651,69.26575577414046,347.34011345111105,212.68948983337611,288.5975839485236,-80.27996302732447,-107.442820497504,53.16173097705937,-272.32251191231177,-28.260686676799924,1144.5940576474386,623.9055740155153,201.4709676111775,1.448464614847046,446.3162827669729,-386.507822989769,-349.9454543539578,-358.702941449917,-516.2916024414984,-278.7895192266627
286.4714384106137,469.9084640305952,862.2228751799345,61.771233203592026,168.70028794229387,-399.0566120735869,401.9819326050751,930.2561013349804,178.30655267369048,-558.0559724576757,-196.08302616665085,-583.1639804310112,802.499906222135,-367.4853952920851,-352.56520718928465,681.3021040833876,-377.5929298674607,-416.8452393128149,-531.6632536305268,-391.39054944325824,-310.7711406146264,-396.3982702260794,-449.5750171996372,-438.6146998769849,702.9491687314509,-158.20143833558305,-294.757032881872,-424.5313264539844,-390.75559606302926,-446.6332639476808,-448.2872148399675,-322.2962430390425,-367.753743611032,-593.5123542969636,33.36230431718625,964.2800982687178,-506.98755448614287,-578.0473012373631,-491.79668887844207,-694.7941669714136,692.3233113975742,673.5187231410788,-131.60359332311836,-528.6641938567528,-438.8037392484762,-290.30390591276296,-363.7018133048497,-204.8139581393652,-303.8222593074923,611.2158930208027,-443.5276966601957,-633.3374425848078,-813.569485166462,266.5561558502233,594.4162917768314,250.563056691623,165.21704901726653,156.13130856088398,-459.50054420643113,273.519384566602,165.1769843965612,300.4414709710704,162.46440952553831,250.610220573882,-102.13122025425312,-149.40968807948454,4.0142640757177,-266.276874198355,-54.29846904873077,1134.755663781298,683.0464850982277,299.1378557798065,96.0631366489554,397.4717419423694,-399.1167198143792,-365.29115529500126,-362.1424060095154,-532.0217913576384,-306.8680770724018
239.52683927644227,409.52271445781145,828.445799888694,16.99549851085439,129.4033127010578,-411.31280298275806,362.3093692912281,928.1141785739916,261.4550101152027,-585.440402801704,-233.7448554909035,-541.4766115246273,762.1993164165722,-382.72805297925055,-281.5800599391496,641.7284244936413,-395.8690955706075,-425.1737996597352,-557.7527652943216,-423.7863845429037,-323.1490166487096,-425.2056798398924,-472.22387435972826,-450.9250249887434,661.0092347618483,-67.31397845233327,-230.61668105232445,-371.8360866187247,-323.0395207543495,-459.60735800752127,-446.1366669455962,-331.5395990110667,-374.77988793986816,-609.2789328758142,121.99051297593536,959.2381796482464,-513.7117023949769,-578.7874412520495,-498.0739220736659,-705.552028164298,743.6165660562524,709.9316167193065,-162.16666000974715,-537.3062261874201,-443.9125519915297,-315.2213267085442,-374.9229520807263,-219.84862584901964,-321.6609211700148,567.9407809593334,-443.8081389886761,-659.858802703561,-809.0212459158158,351.7205067319797,671.6025097243429,205.22256508086903,127.50779114270772,107.96278638733746,-481.8666299265853,358.325227673989,258.43135770794385,253.4567878913211,114.7995776794587,213.71546920039108,-122.07521866091952,-188.95225081859272,-43.507873316677205,-259.1516912839745,-78.28313408935789,1115.1117218739516,734.2612593746451,392.57432038879296,190.34818694263384,347.16132379411465,-413.3278435195092,-381.77299125762994,-367.644016052169,-544.5916757265725,-335.88047735207346
192.42794791723404,348.82674936303414,791.99256786533,-26.31506530593938,93.00274860220682,-421.7049042029841,319.64433688586155,917.90608838659,341.6774594684471,-612.5805006601511,-267.692318543541,-491.327157079174,718.1499817663836,-399.02734540057065,-204.8330313223076,598.8920665946914,-410.9681266830218,-434.0813226636547,-583.4777306907034,-457.2720186309964,-336.49940006349834,-456.0044079533669,-492.10045407820206,-460.8089838502943,616.9559128903887,26.195982352761224,-160.15123134434342,-311.02454590339727,-249.8893843446435,-474.61484954297634,-445.4930489058978,-339.6493623559834,-381.5766836400142,-623.5761400536682,211.3303738531933,948.1994827707424,-518.9896215564759,-574.2023602927505,-503.914315312079,-710.5053318394675,788.2171982034391,738.6879169727275,-190.44075922039747,-546.8143513163419,-446.9835956015228,-337.77293426616615,-388.41706808937255,-236.04641744796737,-341.31621543118604,521.759787340422,-443.0985498439152,-682.8366826973535,-796.4582953297048,434.1585473124939,741.250232066163,160.0034620213718,92.8752965756588,61.65046115579009,-504.9655640076931,439.1441806951123,347.6878694226998,206.65961362646988,70.06361386674139,178.05454639458247,-140.26979789912363,-225.82514122262955,-89.1440248850171,-251.4827223367756,-100.34878679406806,1086.2637632463131,777.2256554679595,480.4978403676925,282.9090672046696,295.8146109056257,-429.2558825718173,-399.4355682479178,-375.3496978700746,-554.1635311481679,-365.0991284671282
145.41683068158696,288.2245889759874,753.33588017194,-67.89439990746315,59.55420855879628,-430.2894946524835,274.384196598963,900.1897145479951,417.7579053509455,-638.822834735595,-297.78582149623224,-433.0203891138461,670.7587144101242,-415.8808793116687,-123.20253156952806,553.3098531604891,-423.1174118176298,-443.8901040699489,-608.0716235581971,-491.286424496947,-351.0516716794588,-488.42271407229725,-508.23597697478505,-468.5325996674715,571.2254995604269,120.96932058366454,-84.2173179547444,-242.6205347028721,-172.2817954078773,-491.4985041516205,-446.7915158585645,-346.8574668635736,-388.5425890615486,-635.6027042393425,300.1149478055686,931.6401865310988,-523.2629454018115,-563.6744774948941,-508.7327926035068,-708.7878030822504,825.7950530317578,759.8611711056307,-216.30392899044296,-557.4584377055452,-448.3383360632412,-358.00437888451245,-404.07564484772377,-253.62272396839512,-362.8172006646228,473.2092198877813,-441.9239333102099,-701.2623556780292,-775.3021243659301,512.6596634564723,802.6705905040212,115.23786637451629,61.37106282774182,17.45898323577174,-528.0238789975482,514.8284742530749,431.7236743347614,160.32610105787458,28.562450068934503,143.74933842101106,-156.90160538555563,-259.8157722738274,-132.64663405363137,-243.82749828223768,-120.65097155200696,1048.9139226610685,811.7928676276048,561.7895702270342,372.404275163032,243.8487385556849,-446.9432512394725,-418.2728433905249,-385.3194566653375,-560.9599632155368,-393.7200903952052
98.73900340050028,228.10041213159,712.8998523083936,-107.46157933410724,29.056731048203083,-437.1636519156172,226.90736173083408,875.563250219568,488.5941950594922,-663.4371344532358,-323.9629820242309,-367.04835198593713,620.455170357543,-432.699305179193,-37.704147115474,505.4695196901514,-432.5993771234645,-454.8924256301933,-630.6956046499406,-525.190467655368,-366.9971393522722,-521.9825923220216,-519.6689792965071,-474.3855348506803,524.2058303278951,215.60728118537213,-3.818533364161246,-167.355508943903,-91.32095011428191,-510.0058928434623,-450.4042673149383,-353.41509953674233,-396.0730692261428,-644.524930095477,387.10466785509647,910.0221867755176,-526.9763613041395,-546.6462438697337,-511.8754300129869,-699.6248103789142,856.1692771189385,773.6446337844875,-239.66811606089195,-569.4709323455197,-448.3154651253897,-376.0045650416262,-421.684497048928,-272.76175207826844,-386.1125588964149,422.78363964685,-440.8160547634498,-714.141292299874,-745.1332168499217,586.1257291043872,855.3726582639312,71.26180422979431,32.97948637418541,-24.37856527177769,-550.1649104749913,584.3618987753354,509.4626091211307,114.73671937049842,-9.470426489086488,110.90186993764095,-172.18058375619162,-290.7502919404792,-173.78495168987357,-236.75199616910885,-139.36172842360088,1003.8449694971184,837.9798573170249,635.5173527278298,457.58134270190806,191.67299221118407,-466.3518696557952,-438.221312006645,-397.5245685640666,-565.2601925438523,-420.88000088665984
52.64697954486371,168.8224442344803,671.0624620886678,-144.73212613714165,1.4520612384751594,-442.4627109160217,177.58221025700442,844.6468835914619,553.2256599793603,-685.6309258628916,-346.2426030748891,-294.08505468231414,567.6910159058791,-448.8171683403528,50.53838099991048,455.8314422221564,-439.74501298615206,-467.3387155277561,-650.4588179002964,-558.2731259551699,-384.4796102875804,-556.1038058539642,-525.4739557012686,-478.6770965069764,476.2385447595203,308.7120748598031,79.92164944175535,-86.15214415757966,-8.209257719964802,-529.7866076026784,-456.6296125737124,-359.5900242354448,-404.5462764576577,-649.500693030408,471.1197765289676,883.780905758288,-530.5627131416308,-522.6452597895369,-512.6366839644995,-682.3643937427219,879.3001962322322,780.330599750686,-260.48661344148803,-583.0370470156714,-447.26659737959335,-391.90692306808194,-440.9211925181841,-293.61139869467763,-411.0630275552131,370.9389829556746,-440.2981395970909,-720.5254842381588,-705.7164842762132,653.5982832204744,899.0608830881469,28.412894524707053,7.619177356981974,-63.66393718646971,-570.4295015283291,646.8805161255455,579.9966948869903,70.17637182951773,-43.881611227937526,79.59385640778666,-186.33387847769436,-318.4989373113009,-212.34933597073527,-230.816534413534,-156.66477653853735,951.9015276849466,855.948697758209,700.9502281361955,537.308300495088,139.69263089798451,-487.3556801763581,-459.1533173884277,-411.842449362489,-567.3945032901809,-445.6761828296864
7.401630755936151,110.74585626587184,628.160279504972,-179.4307691844597,-23.37446119457356,-446.3567012937067,126.77600493380264,808.0678124878358,610.8537790357012,-704.5676702962475,-364.7265212838169,-214.97417530071505,512.937954650772,-463.50718712886544,140.3268670156936,404.8318695624093,-444.9258483617229,-481.42540047770274,-666.4424616130633,-589.7599038257661,-403.585561427932,-590.110578857307,-524.7911312663183,-481.7320654694465,427.6228542146528,398.9271096586319,165.79142645403311,-0.1002701650374837,75.786281024635,-550.3924952658177,-465.6821881680498,-365.6630599028549,-414.308002576864,-649.7053083650405,551.0691680134113,853.3175051747862,-534.4278332157486,-491.309360017899,-510.2802859601132,-656.5067538696636,895.2766544193242,780.2889430394858,-278.76059368283575,-598.2850312197447,-445.5519875333363,-405.8890337101183,-461.35563261377285,-316.2771094729235,-437.4349740603279,318.0977059337752,-440.8691087348336,-719.547086642214,-657.0217006480307,714.2792946112172,933.625450709568,-12.973618307692629,-14.853906613245114,-100.2371048570228,-587.8008226851148,701.6868829167379,642.6000534019904,26.932839355283463,-74.60288701421936,49.886451869381474,-199.5994663533037,-342.9805616000707,-248.15598403089544,-226.56104339690356,-172.75106281029844,893.9728184598822,865.9843484734529,757.5643446625371,610.5994300499648,88.31139688355664,-509.73441718918514,-480.87088660939673,-428.05341934564086,-567.7369829808542,-467.18965523351903
-36.72867249775424,54.21437435986548,584.4947242371629,-211.30491790245972,-45.591427033826456,-449.0455176292571,74.86298757021828,766.4487821102504,660.8552494360209,-719.3882075563612,-379.59912556962905,-130.70996958241062,456.6845285491552,-475.9977857464452,230.4253635484889,352.8870057656655,-448.54465445872194,-497.2828913624018,-677.7271211403732,-618.8237163045718,-424.3342592919148,-623.2411741060341,-516.8563671158921,-483.886249058618,378.62038131544017,484.9750045058855,252.5253077629945,89.5739466093161,159.3705404015506,-571.2812634552247,-477.6845048905039,-371.92349653969256,-425.6563589605149,-644.3587122176268,625.9745373845938,818.9954853534826,-538.9354126615241,-452.4103709959274,-504.0633064555868,-621.7308187445594,904.2997962014092,773.9460627518856,-294.5442252569005,-615.2767865314186,-443.5360826271413,-418.170421971519,-482.4540714761502,-340.81472294646625,-464.8956042328323,264.6551529182046,-442.9877494701629,-710.4521792253795,-599.2376996412096,767.544828916257,959.1267462863206,-52.57030759558512,-34.6416755997162,-133.97957206754745,-601.2328659520961,748.2576465203024,696.7351148097036,-14.706439466172965,-101.65351100284973,21.820270069852292,-212.21979957007724,-364.1661466607574,-281.05191431839233,-224.48989543681483,-187.81487836384636,830.9770672216465,868.4703679403684,805.0406439185506,676.6345006259736,37.93230392918948,-533.1691980364484,-503.1005757705959,-445.8395735229083,-566.6967128702532,-484.5106126015604
-79.47099911323168,-0.4395803994571945,540.3390534754717,-240.1381148969112,-65.41738908065402,-450.75291540754,22.23094324791439,720.4000745061969,702.7873326137235,-729.2351179715878,-391.1244456900929,-42.41198735466469,399.4316899767263,-485.4935612289056,319.59789615838724,300.3973131744487,-451.02518613486217,-514.9642077695976,-683.4226357684491,-644.5984635837208,-446.6682568829676,-654.6605535453685,-501.0301069030294,-485.4816466706648,329.4606812664904,565.6916829117147,338.8403290617454,181.5442633767608,241.257984364505,-591.8236844869953,-492.6599926557116,-378.6632884607049,-438.8266825499631,-632.7532860701639,694.9890615225802,781.1414172487314,-544.3922455688103,-405.8751341111571,-493.2627002592714,-577.9164809440159,906.6643689748972,761.7652536868504,-307.94794474099007,-633.9991361161152,-441.5826792010648,-429.00844607403576,-503.5867574136181,-367.22245419824014,-493.0103722016065,210.9863493771448,-447.0572406704133,-692.6332898461673,-532.7793082543175,812.951318014749,975.7752974909836,-90.06422361240398,-51.99770651886938,-164.81738602543345,-609.6819944828267,786.2447108105688,742.0514246105586,-54.45914796041404,-125.13954698510308,-4.584287623152077,-224.43572301125664,-382.081162389641,-310.9199984981116,-225.05653333785816,-202.0506881776327,763.8475548164629,863.8640609769607,843.25509831142,734.7710901038535,-11.043545127248354,-557.2405105378556,-525.4898594836053,-464.7859599995608,-564.7075900744281,-496.7657725490512
-120.55258228264594,-52.896270786937066,495.94530046157314,-265.7627484048725,-83.11555454544295,-451.719462305932,-30.71432297272901,670.514658195058,736.3858081909204,-733.2794207159036,-399.6408139337328,48.70539394728168,341.68721398813403,-491.198225287792,406.64527129510265,247.7514676116302,-452.8012739156095,-534.4347845151581,-682.6995694972178,-666.1954165219948,-470.44475891001184,-683.4762469029326,-476.82420544055833,-486.8611238162292,280.3471070211096,640.0551087332447,423.4722433535785,274.42441950958624,320.2099330979579,-611.3144830520885,-510.52770941315765,-386.1699489891955,-453.97720522534047,-614.2815303393087,757.4101763067039,740.0493425444566,-551.0342253378244,-351.80237478812984,-477.2034625739392,-525.1611557618056,902.7386497121138,744.2292946177521,-319.13956940826444,-654.3561131208551,-440.0494455978442,-438.6923156082761,-524.0392758114522,-395.4323262583719,-521.2431936512863,157.45247138631186,-453.4104647531868,-665.659218472087,-458.2862741896424,850.2345144542807,983.9086894272388,-125.16444592988712,-67.21989831674955,-192.7235993451011,-612.1407408040441,815.4704589335503,778.3777452623372,-92.05423309561604,-145.250263095478,-29.326412212760356,-236.48085708164072,-396.8066871732397,-337.6838235439154,-228.64820507354187,-215.6507404029865,693.5201733507326,852.6724521353087,872.2626000923201,784.5499713704012,-58.22018886546152,-581.429134789055,-547.6056138961551,-484.3842640741615,-562.2169799479761,-503.1468280577825
-159.70692412674856,-102.85145980357312,451.5504661787919,-288.071357352157,-98.9873365329495,-452.1946082853784,-83.5469990268564,617.366038076278,761.5562779038966,-730.7488324740534,-405.5531974180483,141.36724942913563,283.95908093701564,-492.3394336398943,490.4390728221726,195.3294855714076,-454.3055685775537,-555.5640135470754,-674.8211737612274,-682.7223907088177,-495.4283948187108,-708.7574389242327,-443.9254530748249,-488.3625142497839,231.4627317804747,707.207576405174,505.21014324885226,366.81011520713,395.0696948138702,-628.9868473839872,-531.0988850701308,-394.7181716869399,-471.1760558316964,-588.4626537625593,812.6863527017096,695.9881959968222,-559.0135235165756,-290.4740941856331,-455.287354963978,-463.7894585103171,892.9440683632539,721.8258006677606,-328.343060603781,-676.1626658386233,-439.28159942686256,-447.5353704857391,-543.0275627770413,-425.3014995756413,-548.9600441196651,104.40633802023832,-462.296541602448,-629.3006580432246,-376.6137910298373,879.3015769144442,983.9669492525094,-157.6101601158838,-80.64226237429116,-217.7199301226329,-607.6728618623295,835.91775568624,805.7084685980637,-127.23912262828414,-162.25176565019677,-52.42403147008773,-248.57655003524948,-408.4792552323022,-361.3121495813945,-235.5711792420248,-228.8034270827677,620.9222698615879,835.4302901248165,892.2758368031936,825.6938859923789,-103.21199376463056,-605.1204534953495,-568.9352171556058,-504.0391859367976,-559.6734132461173,-502.9390880132411
-196.6808046328441,-150.02047135494576,407.3814083451324,-307.0259453503252,-113.36498924653802,-452.4280687254956,-135.8220127288431,561.5082301530567,778.3598857256469,-720.9566361071069,-409.3233748565318,234.2745582575677,226.74800964532025,-488.1947953885349,569.9511874796532,143.50464882631206,-455.95821948342586,-578.1190580289644,-659.1745821665143,-693.3055101184868,-521.2859680192598,-729.5571340368563,-402.21463096571136,-490.3121098804107,182.97608541938976,766.4708738281433,582.928084673207,457.32092423450536,464.7939958859168,-644.030356429786,-554.0754799239725,-404.5603095554293,-490.3901814958826,-554.967015383627,860.4180957448499,649.21145893767,-568.3874294273136,-222.3603718636108,-427.0210138565243,-394.3550442617144,877.7355211517217,695.0356398124005,-335.83487525223364,-699.1401928760729,-439.60459736388873,-455.8658347157338,-559.7164417536725,-456.6040656637719,-575.4364442868126,52.19639838258823,-473.8690086802984,-583.5501463260807,-288.8146248719383,900.217066297115,976.4678201319786,-187.17885876144484,-92.62611200069648,-239.87739256550145,-595.4484934000833,847.7156311191698,824.1855914863398,-159.7876510053328,-176.4781729956564,-73.91280242310316,-260.92740364249426,-417.2894426053496,-381.8227188932723,-246.0368716749644,-241.6922710863373,546.9625248176676,812.6810365896264,903.640629962776,858.1003125440584,-145.65055179644756,-627.6124804904543,-588.8907273264058,-523.0776752291798,-557.5135588733009,-495.5492587500544
-231.2417014060692,-194.1432184442919,363.65805983081714,-322.664834205481,-126.60356211803936,-452.660743036184,-187.07860088230169,503.4772222310417,786.9947429809771,-703.3300676005704,-411.4581848008156,326.14103318725694,170.5393630134858,-478.118240482069,644.2775325620061,92.64396845463776,-458.15574183387696,-601.7614337134248,-635.2998764101045,-697.1131635285799,-547.5837535598959,-744.9370764449784,-351.78001584873715,-493.0175503895705,135.0464921091194,817.3540624879428,655.6124758288915,544.6401844367429,528.4793622319842,-655.6119719891641,-579.0509458060949,-415.9159463779078,-511.47677071532655,-513.6372609004962,900.3536810481405,599.9681493511694,-579.1093614848577,-148.11678525751142,-392.0421445282173,-317.63399224552387,857.5832493028626,664.3244842765611,-341.93796224493747,-722.9143169480908,-441.3157893636942,-464.016324534288,-573.2414088946667,-489.0239487610584,-599.8691968294979,1.1688309158039063,-488.176046207748,-528.6350122395448,-196.1132798049963,913.1839231931386,961.9831915991164,-213.69425103204236,-103.5508860326338,-259.3157218293731,-574.778112302148,851.1216716259204,834.0776484867382,-189.50826284807255,-188.32074016294925,-93.84504356674002,-273.7172798961358,-423.4792390796868,-399.2851682711203,-260.1493535017733,-254.49533116127708,472.5216107667675,784.9614947224742,906.809259902294,881.8290628096333,-185.19291887489825,-648.1277806589046,-606.8164989271426,-540.7611342995478,-556.1487190263321,-480.53122257636295
-263.18515453203094,-234.98986891590047,320.5948211335011,-335.10672689601137,-139.07240741757394,-453.1154184888838,-236.8466389668312,443.793268343602,787.7744635442766,-677.437032190542,-412.49610541074446,415.728524218544,115.79468561069996,-461.5658151536367,712.65507512977,43.10705479112104,-461.2602996786717,-626.0467893228497,-602.9156214097269,-693.3815516697236,-573.7878897928977,-753.9949055671216,-292.92440755327146,-496.7601820691792,87.82881592766735,859.5540318583389,722.38424862851,627.5510729247837,585.3824062969662,-662.8996089096764,-605.513384150982,-428.960885924356,-534.1777293113615,-464.5049625784027,932.3803867779932,548.5141974397674,-591.0225694442651,-68.5740546899495,-350.1424483556785,-234.609537913034,832.9570088802598,630.1373682780037,-347.0135679061163,-747.015279492154,-444.67509894497465,-472.3124377223687,-582.7332537244857,-522.1495935009584,-621.3925532144422,-48.33247001424793,-505.1531085071689,-465.0222108824528,-99.87308107655366,918.5207290778328,941.1177384618244,-237.0334673188807,-113.80480734309148,-276.201489341647,-545.1439264453628,846.5022148085947,835.7570385983685,-216.25202006626404,-198.21542151280505,-112.28868656208724,-287.1056219946834,-427.3382756410092,-413.8228027552544,-277.89473362681923,-267.3847620084204,398.4434036259646,752.7904138291374,902.313253004033,897.0857029941044,-221.5307329109021,-665.8292789037531,-622.0004697301232,-556.300615826269,-555.95110908356,-457.608618020661
-292.34167373596074,-272.36679202536305,278.4001808596078,-344.5518042429032,-151.1464668858847,-453.9875370344521,-284.65552843840305,382.9633949424218,781.1052292883035,-643.009915234105,-412.9924493901026,501.8793204817401,62.94316767426895,-438.1198812020882,774.471702649472,-4.756611007787255,-465.5896022612514,-650.4282372896809,-561.9394969428909,-681.4410252693656,-599.2683487806727,-755.8928253190145,-226.16498145226555,-501.7870098872298,41.47743546747474,892.9493532092985,782.5151279407046,704.9673512408053,634.9333323019291,-665.0876699958943,-632.8512953445916,-443.8159592641812,-558.1176982611762,-407.8016254039776,956.512157520065,495.1232512517052,-603.8570265789805,15.280016811958255,-301.2859497262156,-146.4484336654359,804.3130817565291,592.895962208341,-351.45110753410904,-770.881286752285,-449.8949043709293,-481.0607790094113,-587.3449489671581,-555.4711090593913,-639.0987665778804,-95.96808513756832,-524.6182762019747,-393.4142759242069,-1.5574736353169998,916.6367063325148,914.4905573176854,-257.1331695498069,-123.77554435910884,-290.7448887086022,-506.2272811937241,834.3114567218225,829.6771317803572,-239.9199240215938,-206.6294029215336,-129.32629866149742,-301.2238843010213,-429.19898596052366,-425.6130069998174,-299.13291306950646,-280.52624729647295,325.5265694344204,716.6610928586383,890.7369808575761,904.2018971132192,-254.39969741717772,-679.8397733687978,-633.6891940615411,-568.8749211106102,-557.240201485378,-426.6930298104431
-318.5828696215133,-306.1224248060602,237.2747958070952,-351.2798335630254,-163.19754413667349,-455.4363307960819,-330.0453068333267,321.48356116624507,767.4627309408331,-599.9652664310992,-413.50348273261454,583.5439196763194,12.373356541901504,-407.5106294513249,829.2689929346055,-50.611881069004966,-471.4075817322516,-674.2634924706482,-512.5027608195277,-660.7422388990503,-623.306873502062,-749.8868765806473,-152.2255663856076,-508.3024114268529,-3.850714877086412,917.5882590256756,835.4376366985648,775.9576315492849,676.7423583787222,-661.4238149323847,-660.3621021442724,-460.536104743637,-582.8060096227049,-343.96307654273687,972.8747354172264,440.0960094140755,-617.2299610357345,102.32575297731556,-245.6214989674561,-54.46971570887198,772.084485376202,552.998154240943,-355.65643469856883,-793.8650603037889,-457.12940588447873,-490.5367854975322,-586.2800826978491,-588.3804968549865,-652.0627417488666,-141.40735000701142,-546.2705920888402,-314.7360465621777,97.31280192039674,908.0059701110296,882.7202958922991,-273.99422477800897,-133.841018648224,-303.1952552657519,-457.9307123335219,815.0705331928683,816.3504033362935,-260.46908401616355,-214.0471481384741,-145.0541883165345,-316.1718700172019,-429.4307785625805,-434.8861047735961,-323.5921936002176,-294.0780398548606,254.51641610561515,677.0377249285093,872.6932328517902,903.6138054956914,-283.588902360667,-689.2647878626436,-641.1065216591905,-577.6513637785479,-560.2694346327012,-387.89666161046864
-341.8265837870168,-336.1527134267646,197.40838723165675,-355.64540379416206,-175.58573781877945,-457.5766556100498,-372.579522757666,259.8400038578258,747.3701795667412,-548.4182127057596,-414.5698076580116,659.8031634424701,-35.57455473512434,-369.6337993361674,876.7383936482873,-94.1433841400998,-478.91599151387663,-696.8259691157555,-454.95746988058687,-630.8810070907122,-645.1091358859244,-735.3557413988569,-72.02130337912584,-516.4598141336584,-47.994173076984254,933.6717959068884,880.7487995434866,839.7624347066741,710.5991385523955,-651.236123815427,-687.2635982718537,-479.1002092978907,-607.6428571554635,-273.62651260467175,981.689308300766,383.7672900595918,-630.6503956276833,191.3429304709636,-183.4884399616144,39.89287827270179,736.6745404034884,510.8194553829956,-360.0388928920796,-815.2437451607437,-466.4638681654664,-500.9727089618635,-578.8219485814452,-620.1755136897785,-659.3702375224959,-184.33449572199947,-569.6915867249273,-230.11232552388344,195.2047170748135,893.1425010008725,846.4139666809762,-287.68466752447927,-144.36048869572386,-313.8354539781989,-400.3933933366384,789.3475349424867,796.3286332961791,-277.91732170903373,-220.9564882310552,-159.58156571446932,-332.0138198353011,-428.4332878574385,-441.9225288918776,-350.8671865176958,-308.1893851240432,186.0969749899888,634.3549959476211,848.801694089413,895.8396470022897,-308.9494738970283,-693.2182265586742,-643.4756247605746,-581.8088142765175,-565.2136175993842,-341.53849837571886
-362.040881308035,-362.40581993500194,158.97587543881625,-358.0705049046541,-188.65116563868557,-460.4718656233478,-411.8593037046879,198.50940257797288,721.3783778929397,-488.6905999880741,-416.6993879261422,729.8840147388232,-80.61554730146844,-324.5635442211763,916.7117178081464,-135.06188294324048,-488.2470387812128,-717.3198620383763,-389.87566120100985,-591.6206599517068,-663.8211978313873,-711.8278893955858,13.363970207344432,-526.3535611365127,-90.78614318298318,941.5333385889658,918.2078129937032,895.803749852917,736.4656256545829,-633.9597175499994,-712.7084139766856,-499.4022165029656,-631.9298181495454,-197.619827517774,983.2556628346566,326.510214837958,-643.5279529824506,281.0467646531701,-115.41474565240983,135.13320377193912,698.4537602997988,466.7157127012338,-364.9975638816511,-834.2322138527492,-477.90422097271454,-512.546094954502,-564.3622704002192,-650.0676148898197,-660.1488216689859,-224.4563046488697,-594.3501364418161,-140.83715916748417,290.6180494964348,872.5771659723982,806.1593467700659,-298.34075878448056,-155.66603981179586,-322.9753242626864,-333.99891995510586,757.7392689825173,770.1859398511241,-292.34589543368213,-227.83524184378905,-173.0296955727379,-348.77417069692456,-426.6287632338366,-447.0482303859576,-380.4204075396365,-322.9981567487204,120.88335433148116,589.0202860327221,819.6710076109397,881.4574578583216,-330.4020891220854,-690.8501361185755,-640.0438634357237,-580.562493831761,-572.1574002472342,-288.14317427766684
-379.2468417446848,-384.88583539606657,122.13318781722548,-359.0347330471594,-202.70605696870965,-464.12807090040286,-447.53794357410806,137.9576149462879,690.0486006275063,-421.3120803826678,-420.35063400988287,793.1686502064945,-122.52542908617032,-272.55950974326504,949.1471602657324,-173.1111630302316,-499.4571450685835,-734.8990934432197,-318.04005240178265,-542.9106671689835,-678.5501511274781,-679.0058122985234,102.70687197790086,-538.0112106525045,-132.05489674200007,941.6157150880796,947.728220212876,943.6872292056084,754.4631291570558,-609.1618144284715,-735.8015005170229,-521.2440100680283,-654.8847085583529,-116.9432575145908,977.9357127803406,268.7371047901877,-655.1860365094593,370.1267688466276,-42.107327079352736,229.717797412898,657.7598438348072,421.0266240564198,-370.9071356609772,-849.9996827080631,-491.3675788580388,-525.3690804048133,-542.4284288490475,-677.1942796660741,-653.60053965237,-261.51083901278923,-619.6107249138868,-48.33595625869927,382.1284487260245,846.8378916736061,762.520614358702,-306.16603775710223,-168.0546177820823,-330.9444041461278,-259.3746432115694,720.8553986244209,738.5051113441623,-303.9001485404437,-235.13879058344384,-185.53095754189928,-366.4329983406931,-424.4536523667704,-450.6283311594945,-411.5878610338585,-338.62758466280707,59.414482526563965,541.4177270133644,785.8848408000853,861.0839627578075,-347.94294876300626,-681.3757414210353,-630.1097570403488,-573.1898460508318,-581.0852244209436,-228.4320497309405
-393.5201329603073,-403.6553005682442,87.01314845348455,-359.0634301673058,-218.0272425973165,-468.4901026943611,-479.3352569134976,78.63685398665878,653.9387806593973,-347.0136479776084,-425.9160000893826,849.196932629619,-161.14509873675402,-214.06740434072256,974.1122212717232,-208.07504411511465,-512.5219193196606,-748.6898419390823,-240.42624431763568,-484.9003439432221,-688.3885809745742,-636.7860894363351,194.67905521734863,-551.3865335145059,-171.62536067566168,934.4471847076084,969.3653544370708,983.1975312824356,764.8545742960378,-576.5641435415737,-755.6205175248091,-544.3305734078157,-675.6605898441169,-32.743823721608976,966.1381209617156,210.8969317152733,-664.8793188571884,457.2865033715253,35.56531706510718,322.1316879702041,614.9003885811704,374.079588345396,-378.1038042743817,-861.6894331287792,-506.6742958180508,-539.4788199598798,-512.7079921262663,-700.6358419088336,-639.035048521759,-295.2767260111069,-644.7450997356813,45.87787097761117,468.4264899918308,816.4338110010425,716.0366790687408,-311.42834722293804,-181.7807500200822,-338.0841701375156,-177.3820974113662,679.3053933756375,701.8673869692158,-312.78801630226786,-243.28895101725467,-197.22772238979184,-384.9212577326582,-422.3494413389674,-453.0591025030827,-443.58881383288434,-355.18200190415394,2.1464311415078883,491.9133406423612,747.9921245980702,835.3553237699567,-361.6478600189756,-664.1048036941984,-613.0511105759309,-559.0566801252672,-591.873219354882,-163.30636389837792
-404.9913726715026,-418.8363984163848,53.7218015326264,-358.71406780360724,-234.84903599104032,-473.4394786248644,-507.0508978682866,20.98130287907468,613.5932505990396,-266.71347642008743,-433.706569121421,897.6626936481917,-196.38326161412604,-149.71263030426078,991.7649797068042,-239.78410410218493,-527.3324294227637,-757.8161882956566,-158.17687838303976,-417.9465806984275,-692.4422559400697,-585.2740917956344,287.8858034640767,-566.3534947122401,-209.3218048949523,920.617438252153,983.2999937352284,1014.2876372529164,768.0231484703985,-536.061614055073,-771.2388675447115,-568.2679041269876,-693.3685778373653,53.7165118877612,948.304566626204,153.46941850290696,-671.8152651055096,541.2821840536021,116.59746338614325,410.922847009045,570.1578084611865,326.1934871429704,-386.87160228597327,-868.4413084375069,-523.5421950902625,-554.8293515642073,-475.069335381283,-719.436736383527,-615.901802840492,-325.5824311224757,-668.9472295661021,140.2497001353128,548.351004107297,781.8438866760373,667.221539948249,-314.45488816143666,-197.05009318694263,-344.7400239189674,-89.09846384371978,633.6885088909281,660.8455435835871,-319.27644947323773,-252.66438516150612,-208.27095801173647,-404.1160310266771,-420.752829230906,-454.7584271292133,-475.5398390511447,-372.74158231143866,-50.55342913434383,440.8605139622457,706.5014000194068,804.9103576394992,-371.67413991926,-638.4702541787303,-588.3531462831431,-537.6426549678649,-604.2835422720158,-93.82275472437428
-413.84527938370303,-430.6107433278512,22.335443768947496,-358.56117152202256,-253.3564888572649,-478.79461414946206,-530.5758317148781,-34.59871679271225,569.5360571184945,-181.49530933994535,-443.9381133222497,938.404573709013,-228.21750135012388,-80.28689388193507,1002.3350962558454,-268.1217255188095,-543.692871424639,-761.4282208887922,-72.56868137637177,-342.6147558282822,-689.8602113041162,-524.7922694584237,380.9069918653496,-582.7015287587749,-244.9714833971105,900.7546609544488,989.8192991562864,1037.0631939822133,764.4486202897394,-487.7361703684983,-781.7509693081385,-592.5641198739266,-707.1039363101385,141.09767061826932,924.8980396613442,96.95610825443556,-675.17919897171,620.9582262256534,199.8764399695383,494.7433142766626,523.795838659504,277.6820651913295,-397.42951693245743,-869.416533591307,-541.5836013706628,-571.285223671048,-429.57717590820056,-732.6308301588961,-583.8197742327321,-352.31492412140824,-691.3513774392608,233.23166995006025,620.9153586118373,743.5101910304335,616.5659563715872,-315.62541950903534,-214.0139250635789,-351.253233297095,4.210552708832378,584.586807053824,615.999904666651,-323.6859141774464,-263.592678467762,-218.8184935386913,-423.83607566821024,-420.0853356051755,-456.1549698039762,-506.4730767866467,-391.35609848216535,-98.41114062606,388.6051517400831,661.8789951660992,770.3766212366847,-378.2601084688682,-604.0549834266154,-555.6353336099123,-508.5650690451621,-617.961680077261,-21.161902365458545
-420.3185964042497,-439.2177454128513,-7.101449438492173,-359.18006606900644,-273.6790147876494,-484.3134681785372,-549.9011804680808,-87.72379723862133,522.2676556742714,-92.5800784346466,-456.7191135709932,971.3924172319894,-256.69366994644736,-6.728100002294751,1006.1057638934816,-293.0291095585252,-561.3197600908385,-758.7317533547549,15.02621966965883,-259.6722939234415,-679.8661798257492,-455.8811789719679,472.3386257176342,-600.132444258443,-278.40903552128617,875.5045254322482,989.2961840181648,1051.7630804517587,754.6826341418184,-431.8648621670986,-786.2992040507709,-616.6341212728762,-715.9747749220433,228.0216355817652,896.3933764266126,41.86890441610942,-674.1622008945892,695.2780448965802,284.21733801482435,572.385265848031,476.0669529986271,228.85664824761872,-409.9197290732829,-863.8242756888443,-560.3057490940165,-588.6172242239728,-376.50196074793945,-739.2702536400111,-542.6031534964887,-375.4271452646988,-711.0530135509117,323.32952866994765,685.3258311224494,701.8357141602701,564.5397385968514,-315.3637634898601,-232.76466036722323,-357.9529945764389,101.12560160550257,532.5610297207945,567.8767173903024,-326.3831981787693,-276.3440944041259,-229.0328860549082,-443.8380307717244,-420.7424635773463,-457.6763366511905,-535.3585135906951,-411.0378069719205,-141.24942069395553,335.489968275803,614.5505731125997,732.3595681015287,-381.7220045323052,-560.6156214883622,-514.6755158078182,-471.5998521624761,-632.4372090272362,53.40848381570399
-424.6967519427057,-444.9515718891516,-34.577314645524666,-361.12971304632697,-295.8844014438548,-489.69873946936656,-565.1237429843288,-138.05339937682206,472.26461110167423,-1.2918437950329649,-472.0412006749124,996.7103929699236,-281.9236130019823,69.9057687693069,1003.3975864208873,-314.50895172666424,-579.8427999662588,-749.0186302218948,103.18295287181542,-170.07470601856565,-661.7901493940745,-379.2926921853622,560.8331194410675,-618.2593160145675,-309.4814231179733,845.511781098483,982.168276720418,1058.7374579756124,739.3242220402656,-368.9213366992509,-784.1018136782801,-639.8080744283673,-719.132515620723,313.1141308787501,863.2700924909734,-11.283288299650582,-667.9909222701765,763.3487870838832,368.4004144940636,642.8106153419428,427.2200070324545,180.02800061677516,-424.397277384928,-850.9492245018613,-579.1150463462343,-606.5005646699211,-316.3222300287091,-738.4568897099505,-492.2815356365047,-394.94371841675456,-727.132197700818,409.1461786923291,740.9917153645479,657.1863017246571,511.594043905628,-314.12780722499576,-253.3324197856425,-365.1487302853438,200.11503668184625,478.1489701213128,517.0082510756897,-327.7727911587297,-291.1268979219765,-239.0788460666824,-463.8136848802466,-423.0825676334352,-459.7365430612956,-561.1299276138626,-431.7536669799529,-178.98916829722444,281.8575258078976,564.9054438208212,691.434786541367,-382.44822969098783,-508.1021384848921,-465.429916964856,-426.6986395802356,-647.1284501145881,128.57469638023673
-427.3092060474405,-448.15676029070505,-60.113607442449606,-364.93492276965617,-319.973265378349,-494.6056465578644,-576.4476139010484,-185.29432295276592,419.9817804322898,90.98047022999287,-489.7724428024548,1014.5380940059664,-304.08129187940614,148.46771953704962,994.5550860393504,-332.627534053112,-598.8076395458702,-731.696446141535,190.46850322555483,-74.94436703781678,-635.0987030462184,-295.9751806630471,645.1365326468595,-636.6077348496223,-338.0531660917485,811.4048947335465,968.9175854703188,1058.4245588694014,718.9966429795844,-299.57022189170243,-774.4808801385318,-661.3438414874481,-715.8031471348497,395.0458279063575,826.0074183522876,-62.00912102001456,-655.958224954232,824.4391011471938,451.209307659319,705.1731232626692,377.50745595851487,131.50717961947728,-440.8214374829811,-830.1793264723639,-597.3255423744563,-624.5158688321923,-249.71934682321975,-729.3754407060726,-433.1132320439217,-410.964436774144,-738.6789686327993,489.4199972753783,787.5272880540568,609.8960994147197,458.1631823487798,-312.3982113866319,-275.68262863412696,-373.1226766146107,299.5810475784008,421.8658552288308,463.9139493763622,-328.2871158119865,-308.08403944018414,-249.12018059758773,-483.3887304395389,-427.415602746943,-462.7231351694478,-582.7139836722787,-453.4172130136789,-211.64895411427509,228.05177738329223,513.3029292612548,648.1431516951359,-380.8909093804965,-446.6721425697382,-408.0476918501572,-374.00085941361584,-661.3513571974088,203.02011641556112
-428.5234390589661,-449.2225605160687,-83.76399746306932,-371.0682549189022,-345.87403849522894,-498.6522279767592,-584.1814926728758,-229.20925469239572,365.8563425904905,182.82377342388136,-509.6538475225456,1025.1308667924752,-323.3973991430224,227.75637741709184,979.936247393598,-347.51506137462707,-617.6807540543037,-706.3163948392341,275.4861120280055,24.45728446370885,-599.4227324301687,-207.0508778079957,724.1211360332707,-654.6197746925877,-364.0116435723676,773.7839866018339,950.0518468746276,1051.3274019720438,694.3264720983353,-224.6542061893005,-756.8893779966747,-680.4433281523657,-705.3181609825447,472.5711111203783,785.0813098616654,-109.84983288850876,-637.4534226281551,877.9895086672404,531.468186862991,758.8324118333346,327.19157454291843,83.60529349452464,-459.0491056441709,-801.0326623403872,-614.1717823735702,-642.1532871700737,-177.564328467456,-711.3267900390194,-365.5905943679268,-423.6651627692507,-744.820184322749,563.0563797752844,824.7462008831519,560.2757075851396,404.6655736646807,-310.6660515571686,-299.714578857177,-382.122759291593,397.9085441580887,364.2061678433096,409.1020067058007,-328.3758746083881,-327.2909194146024,-259.3162075088001,-502.1234281408316,-433.9919584745606,-466.9843226247144,-599.0617963861798,-475.8805187931225,-239.34230330009748,174.41801529288847,460.08001649103113,602.9885698304987,-377.5548583638012,-376.6988664766548,-342.87885828390654,-313.8398910089912,-674.3328351459769,275.4682025728601
-428.7375603973001,-448.57609568908015,-105.61276945971,-379.9319757946608,-373.4386096664599,-501.43199290749607,-588.7314785351851,-269.6249234922965,310.31296928666023,272.84199376499515,-531.2993771566806,1028.8005305939685,-340.1525858544744,306.55255732728745,959.905222783354,-359.36415068956654,-635.8567302733487,-672.5979107521482,356.91735115289225,126.76303205700088,-554.581117973182,-113.78606310873772,796.8119346231446,-671.6609929668549,-387.2722498476284,733.2121051751346,926.0883453046566,1037.9915048675305,665.9256366834489,-145.1740145253971,-730.9361781312036,-696.2725376607021,-687.1439652131569,544.5625782073954,740.9630921426192,-154.39405183139235,-611.9908228041646,923.6153970502918,608.076077758567,803.3597199839559,276.5492136289167,36.63211786094482,-478.830488725087,-763.1823348947302,-628.8260428574621,-658.8199973732504,-100.89692247918876,-683.760226373614,-290.4365685742833,-433.2959277671536,-744.7471617062145,629.1513904641887,852.6492162799028,508.62212844610735,351.50363818801446,-309.4196323806133,-325.2608659174818,-392.3557179388677,493.5145431008871,305.6462998442389,353.0708203622808,-328.4947518258175,-348.7539211863213,-269.8175877601722,-519.5155760150317,-442.99160885235966,-472.81648326966047,-609.182115118356,-498.9267928057512,-262.27266870423256,121.30125429454873,405.5595316658548,556.4378712607765,-372.9841475420524,-298.77202312400823,-270.4747266561641,-246.74255944186308,-685.2285118684932,344.72319848411206
-428.3715621674754,-446.6744371101552,-125.77256932047884,-391.8405049478662,-402.4387796852329,-502.5286385549622,-590.5893787823519,-306.4393712817138,253.76940504137207,359.695762989122,-554.1996968152948,1025.8974915857937,-354.66942880918435,383.65603847875855,934.8280701038576,-368.4264671356117,-652.6682226889949,-630.4487848452884,433.55991737536266,230.5372092875809,-500.5990436684826,-17.555158139441676,862.4061179068165,-687.0306980532132,-407.783228351941,690.2096986991797,897.5407404142952,1018.9845014992252,634.3768541653282,-62.2618976257425,-696.4078055433574,-707.9849281684883,-660.9085160707725,610.0397258682207,694.1193113400121,-195.2917000580832,-579.2352550894224,961.1030626983504,680.0368266403904,838.5356615370706,225.87474837772464,-9.106422769822226,-499.80741697372713,-716.4781516944219,-640.4197319766971,-673.8512623367629,-20.8975194036976,-646.3030189384948,-208.5921137744596,-440.1761746776487,-737.7433645236354,687.0068849300296,871.406461208748,455.2295217111806,299.06253831943866,-309.1307320891837,-352.08761478844946,-403.98042961058144,584.895729579237,246.64743431770685,296.3098758913804,-329.0936793736799,-372.4094125622402,-280.7615232445155,-535.0061220801618,-454.5138390835923,-480.45239440302464,-612.175126475041,-522.264218767323,-280.72609396236413,69.04318810190114,350.0581161343702,508.9223256556458,-367.74658464757096,-213.6909769851655,-191.58030562049652,-173.42151707075934,-693.1447875753005,409.7065085071117
-427.8573081821435,-443.9956888269181,-144.3816353120011,-407.00385108857967,-432.5637241963671,-501.5324349908666,-590.3168000500624,-339.6278434377212,196.6417413948749,442.13873306999,-577.7297885008056,1016.7950484769524,-367.3032648531919,457.9208018986913,905.0711847065746,-375.0075798239922,-667.3987991832754,-579.9795371761195,504.3594803294527,334.3153640561026,-437.7197666247192,80.19976703472099,920.2848161004388,-699.9755970252089,-425.5300436492044,645.2519832655302,864.9091602270272,994.8783825031828,600.2226880891035,22.85034460494945,-653.285736195903,-714.7474736548788,-626.4239042406547,668.190662013583,645.0123183865586,-232.26640052498533,-539.023327568405,990.3995820139362,746.4834773271726,864.3406420479508,175.48099487169213,-53.31184737618858,-521.5146017753872,-660.963870923027,-648.0685190023728,-686.5250987512472,61.14705084894644,-598.785832971705,-121.19459816661112,-444.6872394328832,-723.2112852807508,736.1369567979606,881.3355273249433,400.3997753089067,247.70780522121592,-310.2405567457694,-379.8954352129004,-417.1014086889888,670.6719553558623,187.65809832851443,239.2997393357317,-330.6048447529738,-398.1229755409636,-292.266285533052,-547.9876756200234,-468.56784811935415,-490.0505310002187,-607.2657248770643,-545.5216837893246,-295.061674532243,17.977945577203784,293.8933738261866,460.8402155298968,-362.4165317342771,-122.45001742301632,-107.11860105705112,-94.76041629444748,-697.1647634838337,469.4869754023107
-427.6274305667279,-441.0291767633416,-161.6006466405846,-425.5125991622931,-463.4186989459288,-498.0577680108199,-588.5255257991935,-369.2468194622272,139.34872708092146,519.0489034669126,-601.1604726536425,1001.8764504932584,-378.4320153697902,528.2871152436956,871.001926948448,-379.460178374184,-679.2987890415341,-521.511015701568,568.4342992148396,436.6444102689616,-366.4088950632418,178.01224649004982,970.0169913471929,-709.7067841750387,-440.5391785190173,598.7687846678723,828.6735377352862,966.234867773422,563.9582178772306,108.86743210219552,-601.7580739667309,-715.7686385639752,-583.7036905164033,718.3861527239782,594.1010965388909,-265.125854093905,-491.3792763455117,1011.5975573935584,806.696211479475,880.9389191990159,125.69798906614818,-95.69766764596169,-543.3841433572928,-596.888844158919,-650.9005331234772,-696.0804669351905,143.88238067575998,-541.2625574435447,-29.547795087508725,-447.2622986477608,-700.6975684921449,776.2660302161775,882.8768076666985,344.4519472053227,197.78198232905652,-313.1457077530306,-408.32109071843945,-431.762519793297,749.6236845049134,129.1159053293193,182.510947126326,-333.430596155474,-425.688723852131,-304.42508083540963,-557.8160637772255,-485.0645758505907,-501.6857498056455,-593.8349796947127,-568.2470171766847,-305.7000331989832,-31.573061962231144,237.38967198428867,412.559913064843,-357.55657607655024,-26.215922604001413,-18.16721163804243,-11.792178514417822,-696.3774176166407,523.30369444113
-428.1033931346406,-438.2648416611097,-177.60931186751637,-447.3250622650114,-494.525262973514,-491.7612326464324,-585.8548892926777,-395.4357498401882,82.31454696659436,589.4536983722367,-623.673779906377,981.5250260474512,-388.4451278647895,593.8090795221918,832.9908430144583,-382.17584228199087,-687.6040884174159,-455.5744594952057,625.0917698832579,536.121408815194,-287.35054246558,274.43538008024166,1011.3557490735308,-715.4198566153548,-452.8812521991958,551.1463522649915,789.2899225344728,933.5942088044312,526.0271287586454,194.46912016973823,-542.2245941406827,-710.3273054185538,-532.9739117268387,760.185811624707,541.8418696316506,-293.76974258899287,-436.5244567264557,1024.9159727587328,860.113421686776,888.6575369706941,76.86963502460205,-135.99472283177886,-564.7535463420693,-524.7130460823311,-648.0867519333458,-701.7387279172945,225.92822653483304,-474.02327976469576,64.91539066818993,-448.3741106327969,-669.9153396287529,807.3193393740967,876.5674449369396,287.72974133508666,149.60049077014622,-318.18448959414826,-436.9399228526233,-447.94102140666735,820.7217869336648,71.44811343137432,126.40169925247952,-337.9313880727474,-454.8286976328339,-317.29931851175803,-563.8249501633727,-503.8101626397896,-515.3416513764848,-571.4484435691273,-589.9082952244141,-313.11012666023896,-79.30686889694474,180.88220045697403,364.4229600743729,-353.6986395410508,73.7015529888252,74.0718773031571,74.32891507845517,-689.9091583406542,570.5804756693004
-429.68305982816497,-436.1819497730394,-192.60281243883333,-472.257248764085,-525.3233315152033,-482.3595904180394,-582.9470159659566,-418.4161425019259,25.96962330860422,652.5479638284326,-644.3820107544767,956.1174711961438,-397.7317824418601,653.676563005303,791.4148289720633,-383.5755896402654,-691.5576798534617,-382.90360547546055,673.8365451677611,631.4292443585526,-201.43511025113213,368.084371433514,1044.2277823285235,-716.3177597986165,-462.6733449896856,502.73061016806463,747.1893126549816,897.4675113258675,486.8208760041532,278.3493471995694,-475.2943827688067,-697.8015547040942,-474.6768743794193,793.3367206242705,488.6880867206492,-318.19480914497154,-374.8797625237224,1030.6784980136356,906.3359114730532,887.96151400366,29.348337687356395,-173.95708074949675,-584.8774213758637,-445.1047285650696,-638.8724950624827,-702.7279303336898,305.9211654840114,-397.599379173912,160.6758750348832,-448.5209442146908,-630.7626542651021,829.4068805829895,863.0151885782224,230.6063401207063,103.44697252873765,-325.62390499508774,-465.2691354917228,-465.5421448743092,883.1485723625541,15.070758879838037,71.4143719693055,-344.41391450051174,-485.1924656660515,-330.91142892610344,-565.3433812156351,-524.5015063891921,-530.9048816813421,-539.879917728911,-609.8986600836942,-317.79478446925333,-124.9449054016604,124.7190195070182,316.7467422688798,-351.32515105740805,175.8851824076137,168.30793369562866,162.3601798446316,-676.9566631197958,610.9315792720188
-432.7281644360143,-435.237262584648,-206.78820930473395,-499.97630990070166,-555.1753918141499,-469.64684763489805,-580.4209234274103,-438.4877494886036,-29.250860806602805,707.7045153710443,-662.3502103047532,926.0201854306268,-406.6685508245234,707.2308077905338,746.6605949493198,-384.09945132507227,-690.4334000941035,-304.41881616098976,714.3703538349781,721.36770403201,-109.7388861779844,457.67557587635446,1068.7170264470496,-711.6357843989013,-470.08039027771474,453.8313218809004,702.778440306638,858.3324732324838,446.6804650755692,359.25415462185106,-401.77563867466944,-677.6960988716096,-409.4671202104785,817.7651906350692,435.0894641998558,-338.496872777417,-307.0605495064427,1029.290605523007,945.124610482366,879.426721276707,-16.512162659875862,-209.36824603537028,-602.9429392505485,-358.93027004878456,-622.6087620790095,-698.3092934117869,382.55616278626457,-312.7600182291117,256.1750633546691,-448.2111307457832,-583.3359844015357,842.802170305723,842.8733278951071,173.486119625026,59.56839766190568,-335.647700116356,-492.7721062179384,-484.39449099261776,936.3095098707898,-39.61372526135802,17.97096770503767,-353.11959781631595,-516.3571981675245,-345.2374632143777,-561.7159538005021,-546.724419783376,-548.1616025838784,-499.1293331497306,-627.5449634450417,-320.2754475433245,-168.23881748087447,69.26095071654107,269.82646325228643,-350.85091878524054,278.8502626635752,263.2007976750178,251.007049592369,-656.8197204408568,644.158862990277
-437.5521045826025,-435.8528440076442,-220.38090689710668,-529.998117147901,-583.3732132028224,-453.50968537623015,-578.8465266147215,-456.021730811257,-82.91084984999699,754.4773188191825,-676.621668845768,891.5883752457391,-415.6067484984937,753.9733728874129,699.1278415966539,-384.1953247091599,-683.5612638347245,-221.2036395239806,746.5840930444651,804.8787916375563,-13.496101291471586,542.0602055634436,1085.043874645696,-700.66796558608,-475.31546958870416,404.7266912436224,656.4419088313994,816.632254753909,405.9003171174547,436.0166068852821,-322.65761947363063,-649.6671269159442,-338.1992797983201,833.5626991263777,381.4898715681006,-354.86964790999554,-233.8639765583192,1021.2168066780528,976.3925242370454,863.7118512353898,-60.36544330389182,-242.0473875040672,-618.0889620346306,-267.23619716401623,-598.7820226815877,-687.8050535744713,454.6251495337791,-220.49968618989192,349.86303058704976,-447.9466987678386,-527.9377334515798,847.9172829911231,816.8176952606792,116.80301010336346,18.170235332847504,-348.34583037721194,-518.8639432986591,-504.24658368287584,979.8356430385128,-92.22034044914106,-33.53229470701604,-364.213639651632,-547.8285798976883,-360.19979565874536,-552.3251069135265,-569.9548887688297,-566.7963289836131,-449.43353582951545,-642.1203854885257,-321.0766218970519,-208.97582759491763,14.879292899025268,223.9362458256377,-352.6063279246489,381.08727936614673,357.4018599007159,338.9614262022319,-628.9326563857089,670.2409644157811
-444.40847454718346,-438.4037237004118,-233.60124329316457,-561.6895611686821,-609.1473512198613,-433.9404792543463,-578.719598911593,-471.450803967009,-134.57967278683665,792.5977969211016,-686.2459341515599,853.1675128701866,-424.8597762839783,793.5684463930454,649.2316540661827,-384.3073602922053,-670.3534401508459,-134.47465039518252,770.543154933627,881.0654961473012,85.93546986879271,620.2511836600617,1093.5414706431693,-682.7939833091148,-478.6388315632251,355.6679945885181,608.545104695702,772.7770437906206,364.7336574057525,507.5871569303412,-239.08517341250317,-613.5433296990514,-261.9079162402783,840.967263739786,328.3239655943996,-367.6003592199026,-156.2490550654979,1006.9591884278926,1000.1918843483191,841.5307726061603,-101.88214404481764,-271.8552780999034,-629.4286083825737,-171.22380725097452,-567.040999438173,-670.6266553243696,521.0509295128476,-122.01687955455137,440.24591581389,-448.20656693810025,-465.0769332292306,845.2756756752054,785.5265270292392,61.01552012632557,-20.588011986754548,-363.70571451732616,-542.9185377697963,-524.764952985995,1013.5772412041435,-142.38659641904965,-82.73098126992693,-377.77489406600455,-579.043002311287,-375.6603334609888,-536.6148398891947,-593.5638817817899,-586.3933023654658,-391.2689889296842,-652.8609997625272,-320.7105960108705,-246.9833476575938,-38.04852335640098,179.32930475097072,-356.8224632182716,481.10522025709935,449.59456715708734,424.939988989784,-592.8928592644602,689.3155664468914
-453.4807111543829,-443.2056714614648,-246.6712381082269,-594.2760569690903,-631.6796783425059,-411.0471922280782,-580.438691429631,-485.256514018194,-183.84044788707237,821.9650968534821,-690.3086857957006,811.0966351603224,-434.69079615975977,825.8388966484224,597.4037359689039,-384.8641277854442,-650.329802168135,-45.54583145881297,786.4672469162737,949.2036464542168,187.1138880737044,691.4420829067224,1094.6306487486047,-657.5055340211178,-480.3554593695909,306.8839268290881,559.4373791092335,727.1477567461197,323.3988715415722,573.0582290976012,-152.32676391515818,-569.3419535528752,-181.77988124106247,840.341625617232,276.01260268042984,-377.0622615999043,-75.31009606412542,987.0382385917902,1016.6976181888152,813.6263980637426,-140.76033637800992,-298.69963604328353,-636.0748252523939,-72.21727742986977,-527.2189958574926,-646.3021092443162,580.915044031554,-18.684474800995048,525.930297323553,-449.4297842737905,-395.4625316372123,835.4842420751011,749.6637420883774,6.598695996580025,-56.59662428099893,-381.60562846165016,-564.2773615891095,-545.5341290600774,1037.5896830232214,-189.7785033833245,-129.29872467374173,-393.7868896939305,-609.3714977132504,-391.4147125396861,-514.1149645107909,-616.8260578852321,-606.4405476699161,-325.3457237213088,-658.9860580542758,-319.6629841765948,-282.132611558795,-89.1450982610542,136.23723593269057,-363.6187169800391,577.473477684733,538.532376060155,507.7206090617681,-548.4849263336611,701.6561365465365
-464.8731648200821,-450.5033661143933,-259.81148438542425,-626.8545810961982,-650.1190666349395,-385.0595073293492,-584.2849214804559,-497.95387820937634,-230.30024877198505,842.6314090023401,-687.9626764589899,765.7128944318594,-445.3011200472067,850.7567231965263,544.0922324586207,-386.2667969525911,-623.141846523659,44.21090410027649,794.7061644615044,1008.7468962324872,288.55561583480244,755.0175853415077,1088.7950411434026,-624.4310480310739,-480.8110358002255,258.5844397814698,509.45508881015706,680.1012313662754,282.0863149541938,631.6821907115276,-63.73731861989505,-517.278872874251,-99.12013398004312,832.1496294113151,224.9571813938212,-383.7042858706729,7.755362273742534,961.9767088554248,1026.1883197295533,780.7469837404665,-176.73599541876214,-322.53956889721786,-637.1683459564941,28.373436762728065,-479.3504282063786,-614.5012307212871,633.4785930280268,87.9871722289185,605.662523975451,-451.99931727951576,-319.98902299231435,819.2058960993103,709.8659614530851,-45.96648553320924,-89.79856736427585,-401.8105627170554,-582.2602281062738,-566.0589169538483,1052.1129208918978,-234.09707872572568,-172.9534583289496,-412.1303987029875,-638.125855813304,-407.1880123370877,-484.46482929226846,-638.9325784376351,-626.3367413559567,-252.59227494619665,-659.7215608528809,-318.37964607242344,-314.3411605283145,-138.04068196191125,94.86854624994044,-372.99339527137977,668.8603945697688,623.0722881545556,586.1751686945981,-495.6990522586697,707.6447714083296
-478.60383705585735,-460.459262438854,-273.23812118734946,-658.4123629582134,-663.600200306403,-356.3306870347969,-590.4054197590286,-510.0737726557388,-273.60150019107067,854.7835850845325,-678.4587969686746,717.3567307611966,-456.8197053892873,868.4288030468388,489.7600144445002,-388.8775543871584,-588.5937228777785,133.40719972889715,795.7130711638526,1059.3252635490987,388.7792699456971,810.5554183202859,1076.5577269585126,-583.3575738429257,-480.3862014039767,210.96394551977335,458.924187249428,631.9762286335533,240.9651250989528,682.8823133476957,25.282422888076376,-457.7718810973192,-15.312377258609413,816.9321130217198,175.53317624078514,-388.0381258372832,91.68271437818984,932.2869920653966,1029.0258867902842,743.6255503778497,-209.5930271198432,-343.3888576235461,-631.9072259110252,129.09327002277257,-423.6804240898608,-575.0574321782169,678.1954105722152,196.39291404956305,678.3613134079258,-456.2268861679193,-239.7145862477818,797.1337887900643,666.7333590060019,-96.2056179367456,-120.19125926687764,-423.9708308147406,-596.1781563043478,-585.7692869122673,1057.5461093669658,-275.08492453376346,-213.4632839279801,-432.5780130483347,-664.5672953657208,-422.632546061246,-447.4353336581888,-659.008051187422,-645.4009978820789,-174.1318036477236,-654.326466416323,-317.25548996979063,-343.5740884077798,-184.3818024249305,55.40660514571898,-384.81777406200433,754.0667601903274,702.2024489279714,659.2973611260805,-434.74246404284406,707.7429077869325
-494.5989586269237,-473.1434732480715,-287.15977220348066,-687.851114850715,-671.2653160234461,-325.3347986869484,-598.8010863772774,-522.1435371185001,-313.4339555875739,858.7223634356127,-661.1761830662109,666.3770281317312,-469.2941470928605,879.0790000864226,434.8814053571164,-393.0084625683999,-546.6591377186048,220.67978321926807,790.0168387071548,1100.7379707614027,486.34847236400617,857.820220734739,1058.4605718955218,-534.2486558050709,-479.4890666748767,164.2038406009256,408.162153640321,583.0995672690905,200.1896602299501,726.2567457696355,113.32816370305146,-391.4366703114032,68.22378830406801,795.2834779263394,128.08321195657038,-390.6231571062885,175.1788356584535,898.4622054367297,1025.634910659476,702.9628860992344,-239.17231230058184,-361.3178753319025,-619.5769734293043,228.48440288678924,-360.66665148554586,-527.9847846701477,714.7173943003816,304.87941897501275,743.1423598638715,-462.339341376463,-155.8323504067641,769.9680409695235,620.8242151190963,-143.66447650207934,-147.82702708048674,-447.6236749227079,-605.3483648999967,-604.0281516679503,1054.41909471808,-312.53243101057404,-250.65168845328063,-454.7912261568707,-687.9179554758409,-437.32826397131225,-402.94799841005215,-676.1314381169702,-662.885650848438,-91.25011013118127,-642.1206843597147,-316.6255953167409,-369.84402910028064,-227.8404055002332,18.00723565276759,-398.8339792645762,832.052921274998,775.0627427216046,726.2244085737404,-366.042983186214,702.4616747512692
-512.6895280393528,-488.52499418161307,-301.77428679417056,-714.0164258509881,-672.2884696421166,-292.65912767072496,-609.319158963267,-534.6663744481756,-349.5465280135034,854.8404819555541,-635.6501693185265,613.135649695891,-482.6835347901597,883.0278120191874,379.937423498708,-398.9109556721616,-497.4930082582397,304.73008752558974,778.194909892476,1132.9415690690334,579.9117654420315,896.7502403260054,1035.047117675014,-477.2571069829852,-478.5460198426426,118.47436958974625,357.4791320218155,533.79176374306,159.9052644202105,761.5759013334973,199.03392243093492,-319.07529573416434,150.0772379135878,767.8299220669795,82.91009048515897,-392.049631634156,256.9611730694674,860.9708964658463,1016.4827801389754,659.414377438401,-265.3792755974142,-376.45400907665794,-599.5801438521092,325.1283071688504,-290.97292545968025,-473.489198984105,742.892168893063,411.79356409183725,799.3341893380207,-470.46704363343474,-69.6358616606811,738.3956481920861,572.6528525018014,-187.92291950789607,-172.81214673875664,-472.1980698343103,-609.1112705456549,-620.1422067878092,1043.362461537997,-346.283192667976,-284.4018783524164,-478.3205169372352,-707.3753299602344,-450.78623814624376,-351.08989093355467,-689.3605495046829,-677.9920536068919,-5.356732723892975,-622.5138100127763,-316.7589966353743,-393.20993576879766,-268.1230025351885,-17.203819155175115,-414.6569659908945,901.9586024233024,840.9578196917389,786.2520490822351,-290.2441570018079,692.3335670616902
-532.6098929193525,-506.46461052061153,-317.2650825727057,-735.7316744338427,-665.9017270986365,-258.9918089957403,-621.6509481094689,-548.1002095312374,-381.7582109810306,843.6008622081134,-601.5968273426474,558.010823795424,-496.8535134005133,880.670768039358,325.4096871888664,-406.7661621218099,-441.4369410464543,384.3601777658708,760.8479853382026,1156.0344779604516,668.2377560317956,927.4381302618276,1006.8495483850024,-412.7317323588811,-477.99096015002806,73.93588446254276,307.1782239843978,484.371636564011,120.25313068124382,788.7739804056448,281.11159553887984,-241.657290245915,228.8891414018251,735.2101022770667,40.270216966579646,-392.9206261292069,335.79552127614966,820.255045865898,1002.0613106641226,613.5807292111953,-288.1895694692532,-388.9805317854997,-571.4641520926936,417.6854994206615,-215.454582123802,-411.9728007379205,762.7536096474403,515.5303614223847,846.4850176856419,-480.6346651310235,17.51976215836946,703.073996808092,522.6904768077216,-228.60828444480623,-195.304431341927,-497.02287743139306,-606.8491861050107,-633.3758851111216,1025.0777276292918,-376.2382829165696,-314.660057912893,-502.6088859533951,-722.1296033191983,-462.455576321753,-292.1233239675044,-697.7595370695544,-689.8893431100431,82.0592244505397,-595.0333983869216,-317.8553616345488,-413.77475299099206,-304.9793501185602,-50.133317709005766,-431.7807538284948,963.1149850134904,899.3625018220828,838.8425714783949,-208.19183024679484,677.8869260668481
-553.9984381022682,-526.7098409185666,-333.7968756506157,-751.8355454216961,-651.4224903847158,-225.10493893068372,-635.334949249247,-562.836744310951,-409.96734577055565,825.5159004284759,-558.9328188922678,501.3989698796016,-511.57385003413634,872.4567611831943,271.7731892916202,-416.6762495820036,-379.0178868702344,458.5034729229458,738.5776134655533,1170.2391232669258,750.2439822600628,950.1073787053202,974.379911245968,-341.2172873590339,-478.25317496566174,30.73957183959364,257.5549377904403,435.1594483082813,81.37410072919121,807.9355887388858,358.38645760970365,-160.29398829390792,303.3941609763595,698.0587688338784,0.3678720227858462,-393.83324091433445,410.5307538198068,776.7308481375036,982.870543661686,566.0024784673172,-307.6525727093427,-399.1339435801724,-534.9459933397617,504.931171041297,-135.13607774034628,-344.0308803348641,774.5060554819827,614.5782095309089,884.360867760579,-492.7547664779897,104.2591820559684,664.6182236702741,471.3683305471162,-265.4075670993782,-215.50940771854852,-521.3384467232391,-598.0062265083278,-642.9683309268237,1000.3090875701856,-402.35911180244864,-341.4375353734014,-526.9992010875172,-731.3836691558346,-471.7339473537708,-226.48945145410164,-700.4285988522279,-697.7359948674239,169.47652553292795,-559.351467199154,-320.04467727777,-431.6821176040386,-338.21024569191604,-80.7226100925128,-449.5889413640721,1015.0490349373238,949.919988041779,883.6260894768541,-120.9124981956166,659.6244425085489
-576.4004415826904,-548.8922905158901,-351.51060800737616,-761.2219826348908,-628.2810073485196,-191.83367304688747,-649.765396244737,-579.181496250287,-434.15857068886646,801.1287192598008,-507.78936420273897,443.7147011846583,-526.5187744174568,858.8674047277849,219.488194036772,-428.6570038440652,-310.9396609280307,526.2491059687129,711.9674993877651,1175.882827286359,825.0184250547345,965.0860553719208,938.1254323517388,-263.44725419066833,-479.7441597287968,-10.97228227988075,208.89584527916864,386.47829329978,43.41130129841507,819.2785697590967,429.8271190558003,-76.20701271605837,372.4571248533234,656.9936923826762,-36.649258358491785,-395.35955236471966,480.1290185804612,730.791614889383,959.4051900593583,517.1580792157027,-323.89252521096967,-407.1998582982668,-489.932557110481,585.7851398730314,-51.18172830872058,-270.4411722249389,778.5032937405389,707.5594592816288,912.9356493649792,-506.6244267839321,189.2286895776641,623.5924591453231,419.0825019994668,-298.07779680809426,-233.67518947078136,-544.3116843190182,-582.1087514955647,-648.1531458921704,969.8178495136164,-424.6686846797336,-364.81158443741697,-550.745577769281,-734.3754318844263,-477.98170672299415,-154.80516350255056,-696.5349268343984,-700.7038471932848,255.39024096087977,-515.3078709069599,-323.3899322688734,-447.112245565058,-367.6741020960503,-108.9492112758478,-467.3693813487299,1057.4804665971924,992.433678087762,920.3956094833508,-29.58425924499376,638.006568106974
-599.273168018635,-572.5277985615747,-370.51744704165054,-762.8811839720227,-596.0469822347332,-160.05206141530206,-664.2061802413565,-597.3356313910656,-454.4069208519888,770.9970304698152,-448.5192828484983,385.3889017262824,-541.2703201845653,840.3983494497267,168.99154193079497,-442.6318760329187,-238.06739165357288,586.8591662473791,681.5690587863792,1173.378503619008,891.8330721541771,972.7795903421857,898.5474736895881,-180.3293672793196,-482.8437443210335,-51.0664345321054,161.47653740480115,338.653582048206,6.511574781968934,823.134242231356,494.5688012381745,9.307759350167284,435.103566005615,612.6059913427692,-70.69295669016856,-398.0278193571869,543.6902262188942,682.812073064515,932.1440187136668,467.4652236285991,-337.1072394250098,-413.5075469043017,-436.5352877716554,659.3349486482829,35.139085674191904,-192.14563622651156,775.2235928159841,793.2646015821479,932.3742749146804,-521.9251183878689,271.1365100969868,580.5048180630879,366.1997121331008,-326.4541755969296,-250.08621386236408,-565.0545331990738,-558.7855275186374,-648.1805060923919,934.3604116201086,-443.25118000743606,-384.9250143341511,-573.0288558931443,-730.4018187481649,-480.5394051578248,-77.85301912047872,-685.3437730708031,-698.0040967555412,338.35883335240885,-462.9292131432639,-327.8926571491329,-460.2771757736474,-393.2920535609862,-134.82771867616324,-484.33275312169707,1090.3120673503718,1026.8537375103306,949.0967365381258,64.4983685675074,613.4403645137055
-621.993282362571,-597.0197630696347,-390.89183689462135,-755.9400639766332,-554.454107620059,-130.64659466685265,-677.8099155300229,-617.3803926345282,-470.8787195625324,735.6800431634247,-381.6963117673828,326.86493009591527,-555.3248424512959,817.5432996745159,120.6876672718801,-458.427757807188,-161.40534836458184,639.7784831336658,647.8914470551691,1163.206053581313,950.1494420598784,973.6442183524356,856.0834490959018,-92.92419841110042,-487.885931588738,-89.41919659958316,115.55899810209172,292.01061404371865,-29.17428160840136,819.9262290554517,551.9291769967646,94.9191396052268,490.5429050387607,565.4537732579684,-101.73551659714036,-402.3044345345299,600.4700250672915,633.1533201017448,901.5423177076132,417.2849626421772,-347.56443099815294,-418.4232638178283,-375.0780930541821,724.8513885198915,122.4905985875148,-110.22534647463944,765.2421838033673,870.678792212737,943.0101584698768,-538.225930853346,348.7896172897074,535.805852495194,313.06342919182407,-350.4557155936837,-265.0560571213533,-582.6456931729235,-527.7866921342891,-642.3411014076887,894.6703080666177,-458.2498651722437,-401.9844074366901,-592.9760520525315,-718.8437659371737,-478.74826262240816,3.4356702015544784,-666.2483891964195,-688.914576177265,417.0476081732194,-402.44207073463787,-333.5010587562069,-471.4155491989828,-415.051435994007,-158.4099881168705,-499.6346243319663,1113.614377304781,1053.2597215717212,969.8130650675772,159.96412740158766,586.2739533907923
-643.8666748713371,-621.6659963290491,-412.66371249302006,-739.7004817450434,-503.4212854752207,-104.4886098225523,-689.6417878972647,-639.2648735094027,-483.82909232096193,695.728632625654,-308.10623783004456,268.59313484420665,-568.1028145053436,790.781235397066,74.9396393491711,-475.7727639018271,-82.06897509551293,684.6370141932888,611.3960111623902,1145.8951675616836,999.6164493458668,968.1625397083044,811.1508657209405,-2.4174980455389004,-495.144872252253,-125.91729948787383,71.38853235091673,246.8703599179539,-63.4923995150498,810.1489872054441,601.4164380148242,179.3006728284408,538.183504859647,516.0588341054757,-129.80884423667837,-408.57709595490593,649.890839391115,582.1677463309078,868.0273875667392,366.9280913981404,-355.5957896556524,-422.342477577115,-306.09763480941484,781.796210365964,209.51136061330055,-25.86950611147889,749.2026412959614,938.9998922602388,945.3186197670656,-554.9901673410097,421.1253680705598,489.8900593661028,259.99972526852207,-370.08826988795454,-278.9195746584855,-596.1552930657334,-489.0005624682258,-629.9912029372439,851.444544609353,-469.8634619509297,-416.2569748572708,-609.6834710139543,-699.1912915652805,-471.97300483171256,88.00410371923527,-638.7975178887046,-672.8074330082904,490.2664890819425,-334.27949112404093,-340.12036981551546,-480.787100826084,-433.007567168153,-179.78453354923235,-512.4004527340469,1127.6059231516338,1071.8406636632087,982.7484135861928,255.40728985547693,556.7963818135881
-664.1407836734152,-645.6694016482496,-435.8101282329861,-713.6734704780782,-443.06930568201903,-82.40680731288973,-698.7076653604789,-662.7977966458558,-493.59611824522096,651.6787709544465,-228.7297864157756,211.02396300093665,-578.9619087645353,760.5671018162209,32.06053794574352,-494.29630540661645,-1.252304554541582,721.2452709763405,572.4948590570566,1122.0100214834315,1040.0614066333058,956.822386198712,764.152587157175,89.91264624950965,-504.8214008361796,-160.45910000142615,29.190389327547585,203.54368867437975,-96.2877286489962,794.347016973393,642.7296655942552,261.1699015611703,577.6392938399443,464.90602355980167,-155.00164317396843,-417.13965311479,691.5459292019185,530.2033318626312,831.9968661806017,316.6631791864218,-361.5889653118877,-425.68110940281207,-230.3354537434265,829.8222577355149,294.8550198983293,59.66003530589136,727.7885807419078,997.6476910649944,939.88778922493,-571.5852645128265,487.2366276152173,443.0999474648734,207.32238094780865,-385.44499073143913,-292.0246249966221,-604.6720786534546,-442.46734486221095,-610.5780198554031,805.3341630614574,-478.3411490070524,-428.0659678455846,-622.2429626922832,-671.0676332553189,-459.6262968453803,174.69871842833163,-602.7190967122054,-649.1761569479937,557.0004656513902,-259.0799937630345,-347.6249330739086,-488.6670292416556,-447.28382049023537,-199.0751600361249,-521.7528461430086,1132.6303409289685,1082.8740222853717,988.2070920131832,349.4304826790499,525.2424009081741
-682.0194733854241,-668.1526587528542,-460.246686012586,-677.6077224695001,-373.7318157376817,-65.16114502597453,-703.9857837859713,-687.6438287440805,-500.5917924041346,604.0480220678292,-144.717660148932,154.5999993564801,-587.2132458594377,727.3259844987139,-7.6945283596792065,-513.5317173661631,79.80778147959131,749.5835321867685,531.5530329216717,1092.136143489345,1071.4752851059827,940.0998601675692,715.4824221936963,182.73246093254068,-517.0305492095057,-192.956114892674,-10.833779317189444,162.32437402540876,-127.40677676290844,773.0955569981376,675.7519752235886,339.32503131869225,608.7281101509042,412.44478926037226,-177.45483819714144,-428.17905094097256,725.1967899654335,477.6068568126375,793.8195423836489,266.72556191875515,-365.97767771662944,-428.8658614481729,-148.721778054668,868.7666724579831,377.2293041043935,145.06710626483246,701.6969763647745,1046.2644581717966,927.3885903244632,-587.2959262806138,546.3894883457982,395.73211163428704,155.3368519504758,-396.7043550963404,-304.72362597340145,-607.3325098917966,-388.3888702722911,-583.6643676938429,756.9387395676396,-483.9764407928476,-437.7845784054835,-629.7706186098533,-634.2513199597552,-441.1938699333495,262.30214907942064,-557.9388893104508,-617.6607703894542,616.4315515399204,-177.67864710485722,-355.87145847160303,-495.34038172944497,-458.0700360743189,-216.43887347680592,-526.840281805061,1129.13178851855,1086.704783580372,986.5733489116964,440.6860372947986,491.8013864589032
-696.680471612002,-688.1769624706952,-485.8192573587275,-631.510695435834,-295.95955639928377,-53.41929966419304,-704.4611432891184,-713.3248083605373,-505.2900970602889,553.3347310810705,-57.35859119634764,99.74729446979194,-592.1405578138435,691.4505664584725,-44.135453931657786,-532.9216587996067,159.86876701616828,769.785844623866,488.8936178682498,1056.8695256544231,1093.993576925226,918.4470611036232,665.530221995545,274.6913413667302,-531.7904470258043,-223.3348504229078,-48.50948792918355,123.48129267479791,-156.7010234889527,746.983377255066,700.5372556871658,412.6773645468085,631.4623355732448,359.0923630519371,-197.35550761828205,-441.764755145411,750.7645319668268,424.7257137687176,753.8381956147582,217.32659020400763,-369.2301795407062,-432.323702780177,-62.35133198835816,898.6381579824458,455.4314967409136,229.06054561789605,671.614219868942,1084.7074080404595,908.5452714898214,-601.3403102102317,598.0331571117918,348.0447329393941,104.34282806658952,-404.12596821309165,-317.3651596310225,-603.3509724413689,-327.13359448892635,-548.9515489814623,706.8043419237089,-487.1002081054923,-445.8282756720852,-631.4370236294171,-588.6949839750857,-416.2593213946487,349.5689041215666,-504.5928979331948,-578.069925425198,667.9516343560806,-91.09019172038283,-364.7128355853106,-501.0965532017359,-465.61934644152376,-232.0631333155241,-526.8663928063304,1117.6300396532895,1083.7258509817907,978.2910479442388,527.9139807680123,456.629418417037
-707.2952760140596,-704.7646810464425,-512.2965732117221,-575.6609255187561,-210.51706299060757,-47.73673046690568,-699.1615749146089,-739.2260900839113,-508.2125703838376,500.0194017480465,31.95828395805099,46.86633567129331,-593.0218674584825,653.3014783524301,-77.1429129858794,-551.8264367253624,237.71940640534623,782.1199905128461,444.8050215140332,1016.8078838255896,1107.8742132092484,892.2846501274686,614.685805921633,364.4611701586808,-549.013017323298,-251.5388708831488,-83.69287584551728,87.25028206474349,-184.0308258152482,716.5980823773774,717.2916094568589,480.2781648999085,646.032740264606,305.2380432361966,-214.92967999908805,-457.840995336698,768.3161465509827,371.908164781194,712.3739094058318,168.66244557498752,-371.8363231053992,-436.4705856637376,27.54803258687516,919.5995212615658,528.3789716141599,310.3926451709369,638.1958041300637,1113.034029784271,884.1077842437637,-612.8890573128909,641.8020544193303,300.26591672637267,54.63523495549463,-408.04439477827617,-330.28579319627,-592.0501174480187,-259.23626258516896,-506.2992655852452,655.4243489774367,-488.07310759747816,-452.64555946692303,-626.498022753525,-534.5397194116579,-384.5274711452208,435.2620459434652,-443.0326399229966,-530.3986520902308,711.1661461978368,-0.4846133617940381,-374.0118536367488,-506.2239521244492,-470.2435160060991,-246.1625269799392,-521.1188638194398,1098.696563370318,1074.3606371088486,963.8444823656456,609.9750330466479,419.8633894909818
-713.0513216838036,-716.9255945254807,-539.3643004812549,-510.6104621676456,-118.3713446590664,-48.541163788181045,-687.1942767546008,-764.6080296964898,-509.9118239433873,444.5676643661442,121.7850411767688,-3.6770005749093744,-589.153147207264,613.2100145104351,-106.6725853314942,-569.5353254425484,312.2145472031407,786.9647032324557,399.54962148751855,972.5438349910814,1113.4739950266105,861.9990534022984,563.3412151243443,450.7743293820444,-568.4968823429898,-277.5310281439979,-116.27392441837158,53.82615206689277,-209.2696419732778,682.5141465931405,726.3508053795177,541.3389784095527,652.7867343696597,251.2480480242118,-230.43440236332765,-476.2221141335377,778.0467678273,319.50202971557,669.7312521659029,120.9219020516056,-374.2935065911342,-441.699491701716,119.65255363106046,931.9468480642498,595.1336815535903,387.8948675242616,602.0502487831641,1131.4815183618327,854.8270755636867,-621.0869018432966,677.5106033447717,252.6022903547485,6.503648058990717,-408.86128275257744,-343.8022275668193,-572.8901705946054,-185.39184435946476,-455.7413634988606,603.2424698401844,-487.277670525302,-458.7071685427846,-614.3248361261205,-472.123874517131,-345.8450910997028,518.1890862259888,-373.82268459728624,-474.8405861630235,745.888994885265,92.84399307459832,-383.6541776668306,-511.0048451523506,-472.30690800016697,-258.974950213989,-508.9969429117795,1072.9327269228868,1059.0485215598903,943.7410670032324,685.8773200920864,381.6359371580517
-713.1760433804295,-723.6861503840473,-566.6212379511903,-437.17677138810166,-20.672449677616218,-56.122060648953976,-667.7814936800485,-788.6224591109687,-510.9535027367794,387.4341952232788,210.65862432248096,-51.56019640928662,-579.8732939303017,571.4825986159046,-132.7575563156802,-585.2808639448516,382.3062399175192,784.7854414894009,353.372991499914,924.6596703458824,1111.2249044893556,827.9437970321746,511.89099382761424,532.4587122232252,-589.922906793596,-301.2957634937161,-146.1793075246174,23.35534275586787,-232.30841704076528,645.2837279013156,728.1551671397198,595.2448384170449,652.2024094278022,197.4704536016768,-244.1494993254195,-496.5912660183234,780.2591651900201,267.85191991464166,626.2037036574167,74.29251376898877,-377.0918065696403,-448.3679552586374,212.58385027001307,936.0867043290444,654.9198755845293,460.5091948662442,563.7276063299697,1140.4417372531034,821.4340985676421,-625.0765273277759,705.1415530906579,205.24730671474975,-39.76980369826706,-407.0360438355503,-358.2038346473618,-545.4959177181554,-106.443602237827,-397.4962761075313,550.6572891771214,-485.110270262966,-464.4938545112208,-594.4322655884006,-401.9853385114567,-300.2178021038248,597.2353592509439,-297.7302305867003,-411.7936734966867,772.1296373875175,187.5140189459408,-393.559951875184,-515.7103602459853,-472.21920170104335,-270.7573797930433,-490.036568629474,1040.9510248104436,1038.2335665887806,918.4964615773576,754.7959225583145,342.08999250400365
-706.9622863767123,-724.1209455826654,-593.5782456188749,-356.4239671690319,81.27371368970206,-70.6253539565333,-640.2939426532773,-810.33383430606,-511.8972097458083,329.066955502216,297.14446330537896,-96.51224071433964,-564.5896466770847,528.4063422158947,-155.50865761491835,-598.2560202160225,447.0697593263376,776.1099859042941,306.5129723830535,873.7233545706465,1101.6114967273388,790.4442217230046,460.7304009130512,608.4682142339476,-612.852815121315,-322.8413953956236,-173.37476444775427,-4.070311400401398,-253.05998787061125,605.4301573063665,723.2233403245331,641.5601859108955,644.8598512754097,144.2397767881582,-256.3694179101359,-518.5026705330262,775.3417503620569,217.2952346388761,582.078732209116,28.964841222427182,-380.6986360259543,-456.7852762251546,304.952181133958,932.5127083263284,707.1347214308817,527.3137705189685,523.712615915569,1140.4332452956169,784.6230640980044,-624.024240683427,724.8289617955913,158.38873978359263,-83.91387704272736,-403.0753440762056,-373.74561140623007,-509.6799991506758,-23.365450930481224,-331.9711966059978,498.02770018651023,-481.9731486471955,-470.482917264757,-566.5036928782196,-324.85665181016674,-247.82198274232195,671.3933147960813,-215.70693098872343,-341.858598402519,790.0735250404434,282.0967971859486,-403.6934491553387,-520.5956046851392,-470.4269869552497,-281.7813261965818,-463.9321302875632,1003.3599486947508,1012.3566067979524,888.6224880513918,816.0848234548723,301.391814386605
-693.7943259946826,-717.3854265166414,-619.66046830184,-269.6337985751363,186.03943920613133,-92.05346508381288,-604.2805772372357,-828.7445890393009,-513.2769340245303,269.9111626941258,379.8780071840585,-138.32089362210277,-542.8031811944816,484.2550446613043,-175.1125803738122,-607.6340102772306,505.7235123876637,761.5050065007346,259.20794007713306,820.2853778062229,1085.1503543826927,749.8046608337098,410.2516416918784,677.9074501205006,-636.7313113787536,-342.2023168759172,-197.8669022442884,-28.418311516177287,-271.463368915446,563.443872620359,712.1263131087194,680.0277234235086,631.4112203143895,91.8808146008226,-267.39549831188725,-541.3875886587197,763.7463545491759,168.15721269456134,537.6419968046125,-14.865522369375016,-385.5432967366029,-467.199710058055,395.39939507594806,921.782697147028,751.3519108757902,587.541889101463,482.4223211956742,1132.0719346445285,745.0391725232644,-617.146915435141,736.837146958087,112.2149174793998,-125.67276177616723,-397.5216424261376,-390.6415650468181,-465.4611447108909,62.76090399405861,-259.7592808998084,445.67865684704026,-478.2666375786404,-477.1337858047728,-530.4115843341228,-241.6526232664758,-189.0106764887892,739.7864605139703,-128.8636099081082,-265.82950624858546,800.0573919717409,375.15905831790695,-414.0702566492918,-525.8948349117359,-467.4043624098842,-292.3280515084706,-430.5539251243271,960.7527950734528,981.850568579217,854.6180156123403,869.2812596471424,259.7415251536588
-673.1735668120573,-702.7486072740788,-644.2133217893967,-178.26740537752954,292.1148328029896,-120.27034432184664,-559.4933449661979,-842.8240936518199,-515.5815276285707,210.41247678565213,457.6022955840902,-176.838796700941,-514.1324396367245,439.2950318613338,-191.827680140188,-612.5904502214596,557.6422204615305,741.5545749122506,211.70372607918296,764.8761250143227,1062.3723395285526,706.31708684666,360.838368824111,740.0497843119026,-660.8920886174069,-359.4410327704573,-219.7043549858644,-49.7184086299859,-287.487772759643,519.7804698552732,695.4629215562123,710.5607713837155,612.5510316032869,40.71141222199987,-277.52893656887386,-564.5641525819111,745.9669339273124,120.7453744125708,493.1802558531075,-56.99820633006389,-392.0018193796682,-479.7860025534762,482.6393243118477,904.4975275544932,787.3186939840654,640.5938360495786,440.2077481373376,1116.0417575396605,703.2707959822461,-603.7395121005137,741.5370029466438,66.91931695093132,-164.81145614640835,-390.94099763522814,-409.0585460454599,-413.0760681993879,150.7732291290564,-181.62955105997224,393.90676534395817,-474.3816683667614,-484.8730102435353,-486.23230095532045,-153.4505585984675,-124.3127301156686,801.6870527789185,-38.43892019498455,-184.67697048693265,802.540993422414,465.305387468181,-424.7615753290224,-531.816596581919,-463.64266112202176,-302.68362774593345,-389.9604524370745,913.7003861680604,947.1386516037738,816.9628053825669,914.1028869008596,217.38037544059208
-644.7428280775,-679.6244586508628,-666.5125745716028,-83.9194124024045,397.9512335705813,-155.01103613718564,-505.9057202416333,-851.5404993114626,-519.2357731841728,151.01896525432053,529.1999765357533,-211.9881731809662,-478.3351988784199,393.7903174853831,-205.9774975212295,-612.3274004549997,602.3632002168476,716.8413777392095,164.25875977472157,708.0035018351625,1033.8081264431123,660.2702373523549,312.8588254751505,794.3481590680306,-684.568028188866,-374.6499592796525,-238.9782461569665,-68.06350911318171,-301.13620595460594,474.860482687239,673.8378649009236,733.2299943101932,588.9879372962321,-8.956101436614922,-287.06461999589027,-587.2511273205046,722.5202059122129,75.34369974433575,448.9826999324641,-97.23052455897162,-400.3825015188484,-494.6337104640915,565.4935878742906,881.2823173859344,814.9470975811646,686.0415316761282,397.359054159877,1093.066874655526,659.8458410152892,-583.202330591208,739.3810929002894,22.70324762362181,-201.12166261958083,-383.91034639486406,-429.1105565428874,-352.98392275048093,239.45930815526725,-98.50961003809418,342.9853252898416,-470.6926202517749,-494.0790974026009,-434.2541746213523,-61.46365831117157,-54.42474314164962,856.5270490371174,54.236668859226064,-99.52357379462386,798.0769398652319,551.2186818838059,-435.895312523375,-538.538738090439,-459.6394274917008,-313.13389083409965,-342.4047981893106,862.7473851454329,908.6348357219888,776.1141388902854,950.4385090689464,174.59422523041613
-608.3080035251477,-647.6005311995224,-685.7786811440444,11.73358790184529,502.00641675434935,-195.89505583647505,-443.7239913381007,-853.8946375436951,-524.5825746401571,92.18150136868675,593.7185489268104,-243.76388575751332,-435.3268560934444,348.0066827859355,-217.9421279597668,-606.0987342408839,639.5859888217042,687.9311488485057,117.14712338060896,650.1506535837461,999.9772591308584,611.9583136624722,266.6580906505114,840.438620488611,-706.9057564693635,-387.9528817889369,-255.8219156728807,-83.60851376396026,-312.448471810864,429.070474438707,647.8430069869721,748.2455941253937,561.4191324892054,-56.814994742729766,-296.2859257531604,-608.5856063545642,693.9290173980783,32.20687125273661,405.3405732907344,-135.3619211808767,-410.912559546477,-511.7368068735684,642.9211567007259,852.7706657016151,834.3003145533643,723.6263584667046,354.11341661148606,1063.8863495753735,615.2318212517727,-555.0670039889791,730.878857685847,-20.22353572443449,-234.42788613923383,-377.00443880483846,-450.85357448509137,-285.8625008933996,327.5894199460986,-11.461748649047603,293.1685142501439,-467.55052377060383,-505.0676675497046,-374.9780556346916,32.991410242024045,19.80416721017051,903.9022555813066,147.77992300673438,-11.61290981546806,787.280231141379,631.6967503249925,-447.6537588903122,-546.2031967124753,-455.8867783061975,-323.9593182249235,-288.33452240289506,808.4116509989159,866.7460713001645,732.5059073684887,978.333382384904,131.71301515423588
-563.8558324800758,-606.462358773081,-701.1953111021694,106.98775757063387,602.7893926920128,-242.442686723073,-373.39053925629946,-848.9550364713765,-531.8667945035903,34.352352398973544,650.3880375420396,-272.2346577794854,-385.1945308135229,302.21439470529447,-228.14767626146735,-593.2361300595991,669.1659302679418,655.3606006429252,70.65933670157357,591.7737168023033,961.3807591113002,561.6884865312345,222.549936100219,878.1368439904484,-726.9845542081995,-399.5059256659718,-270.40988306781713,-96.56717163059815,-321.50341468781494,382.7650366989959,618.0424686055495,755.9362162208488,530.508288627265,-102.56583052233218,-305.4604812628976,-627.6445339732305,660.7090137875683,-8.445127192646424,362.5450921213121,-171.20004568401174,-423.7263033329967,-530.9851030529167,714.0405314568735,819.5921098205338,845.5753945000556,753.2509079777393,310.6648323172559,1029.232258678732,569.8390160401229,-519.0201278136752,716.5731580792316,-61.64432026733779,-264.59342278918155,-370.7826026702036,-474.2809463164484,-212.59574259013723,413.9492728328525,78.3465260483433,244.69448227490375,-465.2766057589582,-518.0774303723481,-309.1098611130621,128.53136982858663,97.39431789629562,943.5699971364204,240.79517346211685,77.72676317920123,770.7989859656034,705.6834640166513,-460.2677675957215,-554.9104723549143,-452.8593002781069,-335.4298291346156,-228.3846744226483,751.1859246054261,821.8754705209184,686.5497215173447,997.9702814049024,89.10629028376354
-511.5665520293187,-556.2122544970304,-711.9317839782603,200.16732593409893,698.9026050038664,-294.09317532172844,-295.5786646445701,-835.8930050714947,-541.2212549309978,-22.018167813034857,698.6307710048743,-297.5423218598782,-328.2059635690705,256.68940117874405,-237.0541176151605,-573.1748537411634,691.1026341035999,619.6289152383453,25.100816630333878,533.2996341090322,918.4971154886796,509.786621339816,180.80881809957808,907.4283134812994,-743.8394126241351,-409.4978498214147,-282.9560214371513,-107.20714761929624,-328.4202570161504,336.26932786405143,584.9617444141464,756.7258749120634,496.8676808144842,-145.91978806099203,-314.83679781827146,-643.469802488912,623.3589295474919,-46.43181759258199,320.8837932965845,-204.56799885783465,-438.8552212976949,-552.1580191884863,778.1439405251604,782.3628106645525,849.0834246297675,774.9656510265102,267.17495847457616,989.8118027244346,524.0259866047644,-474.9233582489325,697.0191880946772,-101.33892396204904,-291.5259480269156,-365.7754993795671,-499.31941414187247,-134.25257530811095,497.3719014382485,169.67613889913022,197.7871909864128,-464.1561416513771,-533.2574747093896,-237.5450465447582,223.74592778167303,177.26320842790054,975.4409709055273,331.9141498691988,167.12261053723313,749.2876961667412,772.2932328253294,-474.0074951226729,-564.7137461706104,-451.00166382912886,-347.79947939551846,-163.3638311029715,691.5410734802254,774.4258369628899,638.6375204507452,1009.6476089485038,47.175102704895856
-451.8203277316726,-497.08126446356886,-717.1688772994914,289.6778373051114,789.0794744399421,-350.22372802991816,-211.1788910896632,-814.0166261745891,-552.6554161628595,-76.48697496160146,738.0633943482097,-319.8990376356809,-264.8124415548035,211.71294801594453,-245.14195203976848,-545.4783700104716,705.524417569024,581.1926673152857,-19.21191893374697,475.1241319196427,871.7813228624976,456.6008260504899,141.66251031699954,928.4530897560104,-756.4878116747383,-418.14943857577913,-293.710911141593,-115.843582535622,-333.3589073932808,289.8818422711092,549.080827902296,751.1101809188538,461.0449290124712,-186.6035226686828,-324.6416126365247,-655.0964982840719,582.3545725105006,-81.61626178343685,280.6355465171465,-235.31222066670543,-456.2203307702864,-574.9212015170725,834.7035186408451,741.67922827866,845.2283726848221,788.9517008121258,223.78414376598084,946.293717418568,478.1066680852799,-422.8288277319933,672.7665770499716,-139.08896423689458,-315.18244745624725,-362.4720350968996,-525.8258608285585,-52.0576228537419,576.7671184672323,261.2526148639343,152.65690052961182,-464.4325678662882,-550.6563428492011,-161.34536189703576,317.23824985464466,258.2577513841408,999.5662102408476,419.83362688611646,255.19916214504684,723.3841187257121,830.8280025909934,-489.16991790081687,-575.6126717208272,-450.7161621723273,-361.3009991713323,-94.23337421678366,629.9301415738745,724.802940917967,589.1451186458531,1013.7558567219484,6.340838443806335
-385.1965863905167,-429.5332870841518,-716.1272378425286,374.054805345052,872.2155309830806,-410.1682070446771,-121.27708509965912,-782.8023969602565,-566.047239073226,-128.62527321292407,768.4916709485206,-339.58250957228995,-195.6452023858622,167.56965209008837,-252.8980812764583,-509.8607182397826,712.6699407137821,540.4638969327283,-61.95711440171551,417.610001487465,821.666496825236,402.5026114368962,105.28584143666258,941.4863033782892,-763.9595707145457,-425.7117559320219,-302.95833006952387,-122.8314602794105,-336.51914951548184,243.8771636955394,510.8311134450707,739.6330540630313,423.5145289314645,-224.3653767245724,-335.07771703001407,-661.5836780472056,538.1463388703294,-113.90820037032128,242.0645323329525,-263.31046058096706,-475.6271068816599,-598.8264148254884,883.3699245837038,698.1143745388777,834.485685963804,795.5009056831059,180.62187413511225,899.2990073041776,432.3582542425403,-362.9888287124632,644.3452457140046,-174.684574927908,-335.5732736169016,-361.3066029976343,-553.5848817121054,32.64515632885308,651.1472814041525,351.80299791144154,109.49928186096844,-466.3018036345162,-570.2133227176598,-81.70870580661543,407.6644292720947,339.18937341190406,1016.1202644700376,503.3493730435044,340.6200609033769,693.69065629392,880.7864129656087,-506.063498858342,-587.5469615632087,-452.350411209218,-376.14010345275005,-22.080580566294277,566.79253599186,673.4180531191795,538.4361320708305,1010.7536834360368,-32.96832348428544
-312.4656944422203,-354.26069456322034,-708.0974048152328,452.00553862206846,947.3918096990178,-473.2344943388999,-27.125158564158145,-741.9231812031713,-581.13872159239,-178.02711823654946,789.898979210224,-356.92932305561106,-121.50505125027618,124.54414465423667,-260.80135556382453,-466.2055240652019,712.8682481134745,497.8109349849701,-102.81540898558517,361.0858342227631,768.5674960749044,347.8856240536969,71.79593692825044,946.9156254826148,-765.3289020396512,-432.46304353175134,-311.0108250024652,-128.55709495755147,-338.1386516815274,198.5085157977704,470.595674138056,722.8649448933688,384.6741159360814,-258.9826584736758,-346.3220161842885,-662.0468587429575,491.1598848835493,-143.26622221197667,205.41353084282997,-288.47928059819685,-496.7632559524784,-623.3150429019083,923.964261014391,652.2161186182697,817.3816178556915,794.9944897324848,137.8159772516251,849.3957875050337,387.0291394381511,-295.85890652231143,612.2553101722789,-207.93214723239672,-352.7651527118761,-362.6468529207879,-582.307324076024,118.43435253052918,719.648363565516,440.0917774627641,68.49321264252497,-469.9067403545157,-591.7523463899166,0.0666849403977979,493.7701740594108,418.8701983039563,1025.3818018887705,581.3851421213666,422.1275651670518,660.7607737802549,921.865186651896,-524.9905307733527,-600.3900039344564,-456.185467526846,-392.4894991137422,51.91353270670668,502.5578132123458,620.6893715382978,486.8657660953529,1001.144779886732,-70.33251061237661
-234.572824797196,-272.1711968893518,-692.4702594769961,522.442341521311,1013.8897186236208,-538.7196404615784,69.89447929564855,-691.2711164403623,-597.5355617760687,-224.3190902435521,802.4296648614686,-372.3265894595264,-43.34526148590817,82.9164697796397,-269.3082331441836,-414.580519591298,706.5183573598968,453.5615056432765,-141.47884369917327,305.8453423541355,712.8859173493879,293.1620621763173,41.24927965229613,945.217012745024,-759.7475966794465,-438.70408866199136,-318.20430501035406,-133.42902011091084,-338.48976159997585,154.00997099938655,428.71239020868217,701.3833881079485,344.8451931723307,-290.2696147227274,-358.5235646849447,-655.691214026587,441.7994037218318,-169.69892481182416,170.8968881365051,-310.7805873918298,-519.1995497026808,-647.7254126871485,956.4644502277216,604.5069727206225,794.4740993245166,787.8813749294877,95.50007571066855,797.0978206835467,342.3462725876581,-222.09377074831997,576.9610514157259,-238.6626000791608,-366.88300159683,-366.78220963564326,-611.6299709108006,203.8565575174445,781.545597942992,524.9542220124797,29.79740023856663,-475.331880688244,-614.9788357696742,82.62211938324255,574.4231541440834,496.148479541341,1027.712866919701,653.0157525914667,498.5778931904988,625.0906678383511,953.9532135228152,-546.2278147023995,-613.9428602035371,-462.4246398404048,-410.482528217249,126.51031687669392,437.6486783490074,567.042098143159,434.7840204410229,985.456545000578,-105.35596115675104
-152.6143076533089,-184.36614804082205,-668.7665608234389,584.5058460399875,1071.197165897932,-605.922131667814,168.30921695194996,-630.9741770197568,-614.7113334319333,-267.1705931265099,806.3685622414883,-386.20213957722245,37.75180530973186,42.9564855280571,-278.8389689873281,-355.2465286816494,694.0694053146827,408.0075861658607,-177.66077017267418,252.1473489756376,655.0158041681699,238.75700926464708,13.640799820973356,936.929998773607,-746.4781023438106,-444.7519565771669,-324.8916097681075,-137.86851352003063,-337.875070519441,110.59821710568768,385.479323675068,675.7564870867405,304.27787147125593,-318.0856488106072,-371.801352856594,-641.8442969338628,390.4528197267157,-193.2650508869067,138.69353716873303,-330.2267658912297,-542.3938874198298,-671.3040273571512,980.9873932791746,555.4847942662396,766.3357978404958,774.6571892079746,53.81893640325224,742.8661867565543,298.5213982433913,-142.53576601171525,538.8887070044615,-266.7396450524456,-378.1104483048717,-373.9133856203197,-641.1165770358103,287.4731603414614,836.2632793958636,605.3257474837678,-6.453939984053618,-482.5981505274314,-639.4797884449566,164.5805650989877,648.6397485612716,569.9415405990034,1023.5379754948848,717.4836367907178,568.9707767940135,587.1160707844089,977.11912703617,-570.0064280249884,-627.9290988964565,-471.1832874105556,-430.20643231180446,200.45197519546505,372.48295833616856,512.907035431056,382.5379595148679,964.2214159321976,-137.68268326131542
-67.80723324215528,-92.11097883958632,-636.6641260590777,637.5778440454583,1119.0062976668037,-674.1508760329217,266.59953878624503,-561.4052474639481,-632.0164563363609,-306.30423628479616,802.1180533202886,-399.0135258734749,120.60355108099456,4.917565436844928,-289.76470257292124,-288.6600497261347,676.0021995348926,361.4114908483714,-211.1061342089718,200.21646398107103,595.3494201500723,185.10101531051976,-11.09491583541472,922.6337211056126,-724.9251275793719,-450.9320649156956,-331.43503588557155,-142.2999353512936,-336.62174596048726,68.47381012437425,341.161696558162,646.5296993350238,263.15902026812,-342.3432843516504,-386.241677153255,-619.9869658458088,337.4981247478001,-214.0726068307357,108.94045018993693,-346.8840839149051,-565.6987049600756,-693.2206550897404,997.7683074175732,505.62389580258537,733.5398182013041,755.844808734159,12.931522577963005,687.1134237433097,255.75579653902568,-58.196019716155135,498.42761203144806,-292.067510421605,-386.68898179026985,-384.1431559981947,-670.2604874967718,367.9061485328431,883.3786475413385,680.2662325015848,-40.15604529778912,-491.6579630510792,-664.7273481525441,244.58900990230785,715.6052818952614,639.2646983318699,1013.3241211808236,774.2085866276913,632.4719831917108,547.2137578808846,991.5934335536616,-596.4913887375044,-641.9910022315458,-482.4799230746615,-451.6952962855895,272.5006515258506,307.4744358325669,458.7176753315376,330.4727990657092,937.9614916341808,-167.01116655008167
18.546470561970214,3.2010865972633407,-596.0211836353305,681.2836116713919,1157.203692681162,-742.7307990172968,363.2434525510303,-483.1828139709718,-648.6920991893754,-341.5057289680718,790.1740053773758,-411.2360885184103,203.96030825927627,-30.970069139525844,-302.39575016481496,-215.46883478306924,652.8128423296095,314.012658523158,-241.60157898887053,150.24438289624197,534.2824796331804,132.62132232325934,-33.08033635558537,902.9247374850388,-694.6643345187806,-457.56867008115313,-338.19785076376144,-147.14100483152453,-335.0746471608348,27.82186578734524,295.9998264323081,614.2160719900213,221.62311928560143,-363.0153562657116,-401.8950023664373,-589.7810929817332,283.31004803538866,-232.27698925594845,81.72688896891042,-360.87414684507456,-588.3717982953966,-712.587078379337,1007.138615004996,455.376143296173,696.6483059504175,731.9771115584421,-26.988290311828408,630.2094310683292,214.2432737495789,29.77121443791264,455.93403721742015,-314.5976334755801,-392.9156894342669,-397.4686808165417,-698.4890760543042,443.8806420537508,922.6201031252476,748.9785131812882,-71.23883633238013,-502.3906817303355,-690.0860503040061,321.3590844697428,774.6872123874825,703.2549645841489,997.5625976112714,822.7907575094979,688.4280334058768,505.707060552833,997.7464411491732,-625.7620310735614,-655.6877267166685,-496.228972365716,-474.9228251176432,341.47628953787955,243.0325263841456,404.90584933859583,278.9316638402524,907.1768724631944,-193.10742673261967
105.09986458716666,100.09045516606982,-546.894481032098,715.4842972388684,1185.8542441559157,-811.0052180605434,456.7601491918028,-397.1627283875033,-663.8889711646827,-372.6327233471931,771.1018334984429,-423.35031430668937,286.54137462155285,-64.50604066137619,-316.9713298932262,-136.50020871539184,624.9989117319664,266.03465756689786,-268.9848112391562,102.3916648675308,472.2183006486662,81.7321669895874,-52.4897901761012,878.3975051504874,-655.4666755607449,-464.9739310316425,-345.5348808618932,-152.79309805643555,-333.5882567626888,-11.18783530113592,250.21739650658935,579.2898769401177,179.76502863544852,-380.1409286362464,-418.7723017808012,-551.0925990913314,228.26627505115465,-248.0781681982748,57.08979179759104,-372.373292210126,-609.5905674147637,-728.4791671656914,1009.5036615336352,405.1717332843338,656.2040234513673,703.5824406734972,-65.75323003937278,572.4884294940981,174.171291113763,120.1000985955732,411.7369559875391,-334.33391592316843,-397.1395714518365,-413.7756723559328,-725.1702324886145,514.2621186456922,953.86030745449,810.8206298399518,-99.67200770236322,-514.5987035885138,-714.823864684873,393.704076776948,825.4411101139287,761.1887086644375,976.7533340920868,863.0072995230882,736.3728515221123,462.87448513623406,996.0633399203958,-657.7938825182858,-668.4960058576047,-512.2355794846079,-499.7952103745909,406.2914973027851,179.56084694264408,351.8960999846464,228.253971593882,872.3379153469641,-215.81577777144963
190.50280563574404,197.0358297845287,-489.55088117409576,740.2604423914604,1205.1802134252782,-878.335402312966,545.7510728959467,-304.4209240180706,-676.6907445706905,-399.6220805038862,745.5137869996279,-435.8286810676579,367.0722665099705,-95.52618746595246,-333.65086668766844,-52.74227160468336,593.0485049837988,217.69197297610128,-293.15269807927353,56.78977836437375,409.5704457382382,32.82460490352635,-69.54264424482444,849.6281836044429,-607.3169984794707,-473.4358119574261,-353.78232287652423,-159.63162037128694,-332.5174914711433,-48.40132980262526,204.02947971556836,542.1834243406875,137.65385579069405,-393.8294934457903,-436.840935008747,-504.0084012448607,172.7525091352306,-261.71699931237964,35.01058929013241,-381.6099165957885,-628.469605671862,-739.9618014444922,1005.32138195712,355.4194537854228,612.7247914266106,671.173090722327,-103.16614377302486,514.2563183589743,135.72024925797868,211.44935421028453,366.1449278328903,-351.3362492500832,-399.7564456307649,-432.8347107511501,-749.6210986624264,578.086655555534,977.1049551785228,865.3117393996522,-125.46955534339024,-528.0044595585836,-738.1270646502404,460.5707063037328,867.6096214186156,812.492878412602,951.3922083603092,894.803250305114,776.0265770546124,418.96040906321394,987.1178106367328,-692.4427882643778,-679.8139491185768,-530.1928807075493,-526.1444418249936,465.9818434502165,117.45476515030992,300.0990165878524,178.77249577783263,833.8813817918874,-235.06685990262957
273.4436411994153,292.5200178781999,-424.471434665584,755.8880977769072,1215.537059215215,-944.097894953472,628.9367432961526,-206.2274435558515,-686.1416196967705,-422.495100028532,714.0483720239332,-449.1221433473327,444.3214476190717,-123.90828815178789,-352.5069502956945,34.68145060165836,557.4322792738255,169.19619898581877,-314.06761344489007,13.543164693964684,346.763538820446,-13.743706883894758,-84.49523038389151,817.1621875359809,-550.4257013185729,-483.2051792876413,-363.24698556721086,-167.99649203359047,-332.2074968037677,-83.68151273911437,157.64979319821168,503.2866946669642,95.34708804530932,-404.2630878651479,-456.02019038359913,-448.84599771568656,117.16579417257816,-273.4707602186624,15.41367544448236,-388.8598150999374,-644.0814574487069,-746.1160394769086,995.0828249609948,306.5063366009312,566.7005351777257,635.2369478377959,-139.02518346111955,455.7978518450277,99.06106866467374,302.4414254405024,319.4533122254422,-365.7221373338701,-401.20247155391456,-454.3000065818758,-771.1192033130557,634.5829736248418,992.4781799486756,912.131928565384,-148.6933364636743,-542.2486987323816,-759.1188294073054,521.0643621641202,901.1149363367508,856.7497821383421,921.9615626139376,918.2775382960972,807.2872210153613,374.1867801822052,971.5454877096143,-729.431978291631,-688.9684176983934,-549.6821667774815,-553.7225000059316,519.7302992210889,57.09804379368589,249.90384624231723,130.80925217369733,792.2102426220298,-250.8825943594441
352.68868225561886,385.07473545822063,-352.34726259856814,762.8092671160992,1217.387638687361,-1007.68027411401,705.1879167028776,-104.01264288096046,-691.2773089638049,-441.3603438210172,677.3526076145151,-463.6463877467561,517.1348150322959,-149.57683996732777,-373.5199660024613,124.5429367596684,518.5984625649437,120.76132085485956,-331.7616319769336,-27.268928531246868,284.23208135887376,-57.65835197604567,-97.6319455042141,781.5056743340807,-485.23246970468455,-494.482536217381,-374.19522183596536,-178.18278555257092,-332.98258663082515,-116.90967307296025,111.2967323164028,462.9493240987316,52.90417820397656,-411.6960688356001,-476.17668300805633,-386.15465805061535,61.915672482285366,-283.6480245317872,-1.83331854284439,-394.4396843912457,-655.4802478922527,-746.0678093643822,979.2952038867916,258.79668638119387,518.592553252499,596.2322327219651,-173.13025499634077,397.3831609807933,64.35131978810898,391.7028822231096,271.9511159031807,-377.6663572508508,-401.94633105154406,-477.71089036307495,-788.916075242126,683.1855860095332,1000.2056428063806,951.11644278298,-169.4553090174444,-556.8904799362032,-776.8813360640967,574.466918501596,926.0455445637406,893.695796069721,888.923923766768,933.6651044603124,830.2162113445193,328.7647784834692,950.0184855398218,-768.3427205891885,-695.2263456749464,-570.1763158043381,-582.1969176214196,566.8848980756718,-1.141289509860548,201.6707380716998,84.67044023722201,747.6967072623737,-263.3778787995302
427.1174898495544,473.3223569714212,-274.0670065919298,761.5985652497902,1211.276258272016,-1068.4760634612787,773.5499865377545,0.6730832041601289,-691.1584961748304,-456.4137899024066,636.0675820600767,-479.7679780740628,584.4663643093338,-172.50664043398382,-396.57439470232526,215.5448591564929,476.9706555573503,72.60782755204714,-346.3382742264757,-65.59104897409046,222.4172281991557,-98.65723140936772,-109.25597307052708,743.1209111642775,-412.4014721140072,-507.4049126380445,-386.8418530537474,-190.43156736971224,-335.1345531991897,-147.9874174948695,65.19782547639772,421.4844077010726,10.398821014674436,-416.4523910719019,-497.1198647957864,-316.7075449247683,7.422926890892221,-292.5829967327601,-16.91738664818669,-398.6989947221625,-661.7277604365755,-739.0172952530734,958.4678976000732,212.63051814549635,468.83454323820746,554.5851323979177,-205.2902781594435,339.2732655451639,31.730252259907857,477.90420069688895,223.9269071350908,-387.3986974209007,-402.4801043210525,-502.4962725071607,-802.2533262710351,723.5388888972033,1000.5963670926682,982.2450698486072,-187.91817540961551,-571.4093284619898,-790.4809311361017,620.2466913275435,942.638273604205,923.2146591215998,852.7187294891295,941.316253726726,845.0191342865556,282.90550220294625,923.2220258374564,-808.6091510914805,-697.8102238050224,-591.0467978907318,-611.1482155265379,606.96908552268,-56.91570528174864,155.7230012443113,40.640741013575926,700.6878748124656,-272.7589760237366
495.7523053269199,556.0127946598067,-190.69606891383543,752.9280133975383,1197.8038476990907,-1125.8794968634502,833.2598879772966,106.20429441554523,-684.9056315823481,-467.936161830133,590.8175433225516,-497.7905302382649,645.4037013411314,-192.724988635942,-421.4567908084798,306.3584349185484,432.94810756019,24.965453726724448,-357.971636216861,-101.39070751452616,161.76161621334916,-136.53851713127585,-119.6800610812066,702.4252418314146,-332.8078090900273,-522.0334814786473,-401.3394208732643,-204.9210261654735,-338.9106412522112,-176.83883326047865,19.592362642060664,379.1735524224984,-32.070759670303104,-418.920340465924,-518.5979697269105,-241.48456049598607,-45.8841602051002,-300.6294281413773,-30.076174817309237,-402.0104749598863,-661.9214067207207,-724.2680938215822,933.1015965110544,168.32145329362805,417.8348782235549,510.6899657424284,-235.3307826147096,281.7243387972461,1.3131423703581635,559.7970990636827,175.67337962633405,-395.1998910861216,-403.3088850075766,-527.9822614780595,-810.3810901252939,755.4925489106049,994.024333767732,1005.6275796035104,-204.2942500982529,-585.2100185835457,-798.995801151793,658.0605587430239,951.2567456335212,945.3262357759088,813.7616952135569,941.6743924346024,852.0231275131445,236.82889498991227,891.8339896238581,-849.5178111644929,-695.9177690270416,-611.5744402491642,-640.0697025126863,639.6846508792792,-109.90341187763644,112.33975595202178,-1.022677401698288,651.513267442196,-279.3186774860592
557.780369033529,632.0540354852221,-103.44834178873086,737.5318301463266,1177.605269425542,-1179.280817901268,883.7551688996949,210.9281605611511,-671.7337666292483,-476.2873837292151,542.202533701259,-517.9411091683868,699.1874032184971,-210.31240476491905,-447.8554879052243,395.6621733576571,386.9080309252526,-21.925593455501662,-366.9028816783409,-134.65815430492935,102.70246452237396,-171.16716028470316,-129.21774950131058,659.7931772993967,-247.5154854893372,-538.3424969403171,-417.7681272484091,-221.7580158934012,-344.5015437227798,-203.41270409142265,-25.267924296564505,336.27261933823013,-74.37407630545967,-419.5447735619019,-540.2947829512261,-161.64625575003598,-97.575913502326,-308.1542166070843,-41.59228843153548,-404.7594789102175,-655.2234015588236,-701.2551331543126,903.680587003068,126.154127189706,365.9796278647465,464.91141984772446,-263.1013708696949,224.9905992392424,-26.814585424533703,636.2477640408262,127.49029402845292,-401.3959201622944,-404.939190124328,-553.4030537861295,-812.5785789229534,779.0890047071464,980.9107539182768,1021.4862245333264,-218.8424701966416,-597.6304048750219,-801.5454026647114,687.7486965442871,952.3674668877386,960.171765898879,772.4463269533669,935.2532928119632,851.6524214047482,190.77031886442825,856.5079747475796,-890.2123483437484,-688.7455625240325,-630.9640047273717,-668.3700811244869,664.9075409213003,-159.8138963311154,71.74933615139032,-40.09607427405838,600.4934124838358,-283.4284366867842
612.5683672105376,700.5352860687244,-13.651577823473138,716.1729239922088,1151.3294902157877,-1228.0627707709878,924.6752970408234,313.2125722928022,-650.9860237506334,-481.8982055865369,490.7943733212182,-540.3571221522792,745.2236279453136,-225.40185181803452,-475.3621388168701,482.1796930156872,339.2094290030104,-67.81500756370401,-373.4342252054659,-165.40671426751732,45.663280227708015,-202.47967295102595,-138.17537323371832,615.5609797060483,-157.7476656565881,-556.2101435423899,-436.12684247607024,-240.9702033141033,-352.02983095438213,-227.6845704194618,-69.12012259052308,293.0176395809712,-116.3436080060695,-418.81700103357423,-561.8276807701676,-78.49971839999277,-147.2294458858057,-315.5307599411333,-51.78607762045945,-407.33251255846346,-640.8903238862563,-669.5702809421776,870.6679925823937,86.38116489857134,313.63585455711404,417.588324962157,-288.48261476553023,169.3258022331105,-52.60300744968158,706.2645633972551,79.68565189599101,-406.3508980636253,-407.8662483447986,-577.9151213522168,-808.1763702222052,794.5442767319392,961.7078040059728,1030.1363561885264,-231.86355934754087,-607.9526395568856,-797.3207725625745,709.3227533041124,946.5147780391108,967.9966828114924,729.1469922293863,922.6149505360692,844.4034666590234,144.98438312209723,817.860183309315,-929.7037359201676,-675.5161570534253,-648.3624742700125,-695.3792291294355,682.6772227929648,-206.39356577946597,34.12376879674469,-76.39460616990229,547.9485960072907,-285.5277617255885
659.6687733847004,760.7421388994447,77.29205165596515,689.6125684107725,1119.6230617774982,-1271.5989166334402,955.855667640678,411.49251224747,-622.1642448912266,-485.2591303511892,437.13561599602434,-565.0740844819861,783.0898005332731,-238.1765181120483,-503.4752503874908,564.7148413586117,290.197858574611,-112.444378636563,-377.9206736872096,-193.67355404418103,-8.95539847804932,-230.48695002843803,-146.84508429262388,570.0330089533819,-64.85043808312267,-575.4118507247459,-456.3255742796517,-262.4990837660235,-361.539266812362,-249.6584235279392,-111.69321414233744,249.63046284211916,-157.77322656435706,-417.262527387903,-582.7474318019375,6.542097201661734,-194.4384721600889,-323.1320881889085,-61.00716440728426,-410.1052030254969,-618.3021169241384,-628.9845334274072,834.5036445645986,49.219797054211625,261.15477850858224,369.0384100657455,-311.3920184588337,114.98338736239052,-76.0427008110181,769.0191859551836,32.575060457918056,-410.4587508077909,-412.5602962507551,-600.6146245424661,-796.5798626151111,802.223548230222,936.8844512507447,1031.9662152826786,-243.6934286032885,-615.4179744051742,-785.614723118361,722.9485806767176,934.2958507366476,969.1320778490634,684.2229091641982,904.3489718666264,830.8209426083783,99.74585056966592,776.4602104807618,-966.8862337708892,-655.5078455147743,-662.880777608037,-720.3574312740985,693.180564919692,-249.43126484518743,-0.4253902224452841,-109.77702489628751,494.2069236315508,-286.111229884783
698.8183589134425,812.1636375369026,167.94836521773647,658.5844599026295,1083.1171044672506,-1309.2543766893102,977.3151306313414,504.3126559328903,-584.9553746261257,-486.9068582251173,381.7409514194135,-592.0147393527055,812.5336239947819,-248.86627376390743,-531.6059078977949,642.1825257255302,240.21053437711936,-155.5507683941833,-380.7599053918125,-219.52069163651504,-60.78571834233209,-255.27495892413185,-155.4990486675922,523.4890593053877,29.748284855349013,-595.6165727815018,-478.17979642908375,-286.19420661911425,-372.9854892461057,-269.3678465088239,-152.71273647776815,206.32378846603132,-198.4198455868064,-415.4269224017016,-602.5402658664458,92.00567699326622,-238.82419801613165,-331.32374969447915,-69.62502254881917,-413.4299853720833,-586.9894665721642,-579.4656844832006,795.6041446728148,14.848219762587131,208.87448402005444,319.5634986722856,-331.78877301810945,62.21540269671977,-97.16874084548428,823.8605590321358,-13.520669683820516,-414.1339069641748,-419.4520765175003,-620.5578767900496,-777.2931446563628,802.6131351607679,906.9148159214244,1027.4169123682968,-254.69494964870825,-619.24515600433,-765.8508331609655,728.9248332135115,916.3368196899556,963.9758323045778,638.0224055462696,881.0542521120099,811.4757280266602,55.34765086113816,732.8255749954225,-1000.5591417423092,-628.0859740359803,-673.6185108333032,-742.5082206939214,696.73142436871,-288.76342993751814,-31.84963790500158,-140.14933647788106,439.6108968614692,-285.71354210839297
729.9295929451416,854.4915495831003,256.89453314586177,623.7740395345993,1042.4177718192643,-1340.389538904515,989.238146036708,590.364458301582,-539.2522176383131,-487.4085478875779,325.10041758655075,-620.9801091268384,833.4660419207204,-257.74294444331935,-559.0858909506111,713.6339432324646,189.58121234943636,-196.8717544887733,-382.3807392647501,-243.03602172793717,-109.50214582086636,-277.00320324053723,-164.38488693758612,476.1919313411879,124.58281294320068,-616.3864638511213,-501.4070285201464,-311.8090200769126,-386.228534478324,-286.87646282526646,-191.90672295011672,163.30532347436247,-238.00811121753972,-413.8601556143818,-620.6326917013517,176.40465267607917,-280.0466536629937,-340.4563821471108,-78.01894513785454,-417.6237788890085,-546.6584110070044,-521.1904396482107,754.364610602055,-16.59815016785808,157.12192170455933,269.45465653260914,-349.67713364405466,11.27037269410139,-116.06342642806236,870.3213340975421,-58.2795802836618,-417.8011836767365,-428.9178110224408,-636.7845815029009,-749.9423308981543,796.2905067973325,872.2693200974647,1016.9635310940636,-265.2482672360482,-618.6521919740712,-737.6100801310882,727.6588545106299,893.2709983512219,952.9743361803244,590.8868384409966,853.3235005414627,786.9456567352358,12.096227905979566,687.4196392254231,-1029.4541876547164,-592.7344072550674,-679.6910488163196,-760.9948554385184,693.7472615788155,-324.2786430552923,-60.164364204666406,-167.46723112326382,384.5218437167904,-284.89307628485244
753.0760021491922,887.6125262931689,342.76135256358407,585.8036147443531,998.09999472014,-1364.3671471912628,991.952880630256,668.5163535655796,-485.1673746004143,-487.3442802974724,267.6837227400003,-651.6431252189276,845.9490846215085,-265.1145517266361,-585.1783593987202,778.2752574152578,138.6443559992269,-236.15176475593825,-383.230676899117,-264.33411701845114,-154.8304821832896,-295.900960951362,-173.7223476306581,428.3945569655017,218.1945880197974,-637.1802944690253,-525.626034040898,-338.9987886883754,-401.0276593216232,-302.27761891048834,-229.0125644824924,120.78089898669822,-276.237759571671,-413.0997763176792,-636.3994650351731,258.28752213089314,-317.81581429497413,-350.85787553503417,-86.56773663103384,-422.9559258873982,-497.2109934304049,-454.5500740887251,711.1615634658488,-45.030317186224906,106.21403896727465,218.99687570184,-365.10835433170905,-37.609698724785495,-132.85755106658112,908.1171675384068,-101.38409511729456,-421.8850236985218,-441.26400802653376,-648.3434538860134,-714.297258107117,783.8939642117559,833.4086680206595,1001.0981572382918,-275.7398368553596,-612.8810085426036,-700.6539260121247,719.6412780240341,865.7199489368318,936.6055751193242,543.1536504788601,821.7309452294716,757.7996011652818,-29.69537515747533,640.6524249870533,-1052.268149656745,-549.0855435614634,-680.2582848021183,-774.9603028327143,684.7241513941475,-355.92136700037,-85.44786889448753,-191.7371784030182,329.3217221885758,-284.21442979443736
768.4727976647703,911.5941184675256,424.2725034642507,545.2234655721643,950.7041607145898,-1380.563006090525,985.9066681007138,737.8361178018631,-423.0394121429502,-487.28819524878514,209.94495773154983,-683.5455163406731,850.1797433743502,-271.318654897268,-609.0912345446045,835.4791824660414,87.73818761496926,-273.14945371824194,-383.7629884025714,-283.5565812268213,-196.5557594764164,-312.2613980788135,-183.7011315799804,380.3461107072209,309.175851798238,-657.3608585268568,-550.358958748442,-367.321043326205,-417.0388668727481,-315.6932987228957,-263.7844058344768,78.95645141508537,-312.7931107749114,-413.6533691017312,-649.1749703338202,336.2830368510212,-351.9018676259827,-362.8250398195839,-95.63944671039548,-429.6366756430801,-438.7607892508441,-380.1489419093984,666.3564211384629,-70.40898575671568,56.4579393460584,168.47296072763925,-378.1812027136556,-84.19299421498535,-147.730114919033,937.1394175357848,-142.52778115961306,-426.7982044972737,-456.7125462497257,-654.3197261130747,-670.2903325569921,766.0934463863942,790.7805045577953,980.3154676006628,-286.5503921622709,-601.2242548839783,-654.9426861977647,705.4207013170636,834.277975273444,915.3641981945208,495.158165792576,786.8233327919603,724.5851560827181,-69.71614499057333,592.8837439510046,-1067.7000473611736,-496.9471614578614,-674.5540967993728,-783.5504303483025,670.2115313172375,-383.6946779018244,-107.83856295742996,-213.01616373833053,274.41202808935776,-284.23046447002
776.4541980778135,926.6658206454084,500.279076327172,502.5087733105978,900.735276586963,-1388.380281417541,971.6402701558972,797.6048879608452,-353.4306604530755,-487.78884637087776,152.32700479751023,-716.0986185674706,846.4711292414389,-276.71490141594336,-629.9933176801062,884.789371530669,37.2063405510614,-307.64580667531794,-384.42376763567233,-300.8717712016649,-234.52858708649265,-326.4337521863503,-194.4797253918692,332.2966829223755,396.21007233450257,-676.2065047865211,-575.0366656538647,-396.2389850024923,-433.81547436371545,-327.2723325443809,-296.000678158468,38.03883732106685,-347.35406913370025,-415.9807590530453,-658.2680896609494,409.1411132647924,-382.1440470536433,-376.6147318395815,-105.58142662121048,-437.8065121313505,-371.64223088878936,-298.79542473374164,620.2991013743001,-92.74718007726574,8.150030267133767,118.16636467422394,-389.0411418265899,-128.262036478187,-160.90643080455712,957.4421990128014,-181.4230395630761,-432.9301147737217,-475.3865507810523,-653.8639084796391,-618.0312980653946,743.5637316978335,744.8184214584069,955.101311034556,-298.0420758577939,-583.0532576930768,-600.6480891835564,685.5796544438541,799.5003906872122,889.748987397204,447.233885142043,749.114137400631,687.8199532001148,-107.66679196070652,544.4280272120252,-1074.4919614704356,-436.3243766107221,-661.9155178643356,-785.9399053664887,650.7879340868859,-407.66185280892046,-127.53045861161615,-231.41011334705627,220.2097649927541,-285.46437744047887
777.4488920747715,933.1964296248876,569.7879794864774,458.0618866820228,848.6640940221761,-1387.2670749857516,949.7623061353772,847.3227729658278,-277.1164426203485,-489.34937728020327,95.2650143600842,-748.5886973319783,835.2321877076516,-281.676862646341,-647.0330761386138,925.9179322848516,-12.602052175209431,-339.45259534460547,-385.6393118491528,-316.4737652978471,-268.66961158056847,-338.8138544957208,-206.18505165746552,284.5002420250166,478.1073498168469,-692.9267926974022,-599.0074380982599,-425.1281792849478,-450.8119872917806,-337.1880099249039,-325.4713758740198,-1.764496753888159,-379.6079585008548,-420.4764800613504,-662.9804072893833,475.7674694306112,-408.4575393803554,-392.4344727796346,-116.71093991930675,-447.52664214473424,-296.4128254434739,-211.4852495265357,573.3313083446906,-112.11190323563802,-38.42582857239844,68.36280031920977,-397.8783031690807,-169.61817431522897,-172.65461366860606,969.22496597873,-217.80937175537588,-440.634686507372,-497.29763007798215,-646.2210380211833,-557.8167687706579,716.9610556274247,695.942842336292,925.9244903884272,-310.5450136176993,-557.8459125474827,-538.159089103708,660.7128916070183,761.8956933137969,860.2529465318539,399.71120835364,709.0807204763953,647.9864357031033,-143.26981608204343,495.5602529105288,-1071.4722720917778,-367.4351174273879,-641.8104891321865,-781.3600932643211,627.0388010506598,-427.9467119781608,-144.76714730627776,-247.07111031881303,167.14065356934242,-288.3923151584262
771.9550102680035,931.6690373373332,631.9832202554679,412.21915986744153,794.9296517377741,-1376.73663037813,920.9250766431286,886.7064113055305,-195.06599776818305,-492.4081544023512,39.188424439343294,-780.1872376313748,816.9471702587864,-286.5832076656454,-659.3598899581712,958.7367794363558,-61.33388527635636,-368.42075990935575,-387.8040976742051,-330.5805186983707,-298.9718648886972,-349.83330834957866,-218.91270116374537,237.21575871617983,553.8333370584078,-706.6821163086624,-621.5491205433741,-453.2867509631588,-467.39146701899807,-345.6352327545534,-352.04471181915994,-40.246923385062274,-409.2615339737753,-427.4530523711136,-662.6273593278761,535.2506318495178,-430.83809017630136,-410.43269165683625,-129.306506197759,-458.7709757647517,-213.8476139291754,-119.37749183124122,525.7891661576429,-128.6245662435157,-83.00111373595311,19.350522735071653,-404.92438743084193,-208.0862779336994,-183.28046259385056,972.8119161194064,-251.4618229514786,-450.2180896381491,-522.3350763910407,-630.7594923938694,-490.133547309256,686.9038940818864,644.5632296043232,893.2317238281279,-324.3436713995349,-525.2131377874753,-468.08022825111016,631.4088078335919,721.9215680851022,827.3560284980767,352.9146710083739,667.1640427718872,605.5297617185965,-176.27927234851185,446.5224252521536,-1057.5998567738004,-290.717789031098,-613.8630078002653,-769.1280269335932,599.5372735497197,-444.7326522763869,-159.83454727913212,-260.19354379720846,115.629954825872,-293.4270241237807
760.5158341133596,922.6549459047905,686.2394773609367,365.2613770387344,739.9427016177118,-1356.389227023384,885.802807330839,915.6792064699108,-108.41583142309597,-497.32050190477,-15.478867213995448,-809.9664676695187,792.1559255004427,-291.80825816163923,-666.1473970055582,983.263850651344,-108.6351786985043,-394.4482645014694,-391.2695426086278,-343.4311996614094,-325.5009030839655,-359.94766360687066,-232.7274790617642,190.70649581215076,622.5306022438126,-716.6069629419551,-641.8846502378299,-479.9491272338904,-482.8365006032536,-352.82734784106435,-375.6128311851622,-77.20501757094542,-436.0525615051848,-437.1256386691343,-656.5617015988581,586.8804548112723,-449.3640605481325,-430.6888476263774,-143.60010503116374,-471.41994007655416,-124.92555030581607,-23.76398867550049,478.0049594302983,-142.45998746733798,-125.32625050586653,-28.580755257998028,-410.4486183420812,-243.5195464525442,-193.12075870015985,968.6295386436784,-282.1991765076584,-461.926344609992,-550.2576415276627,-606.9982926746301,-415.6550262115242,653.9583851749665,591.0810263683508,857.445545701576,-339.6634030695078,-484.9224304218384,-391.222158593471,598.23453757524,679.9844382143459,791.5203415945515,307.1589112539769,623.7704277134287,560.8583869340652,-206.48964265849628,397.5301376541931,-1032.0075775678613,-206.83017976502668,-577.8744590807939,-748.6753192749853,568.828621990864,-458.2603391221928,-173.05276080754246,-271.0093583030922,66.0914449979932,-300.90299292733187
743.6972821700203,906.7877083785916,732.1278126603559,317.4266351935692,684.0895331539585,-1325.934583663322,845.0730987059667,934.3552903925854,-18.43667175041183,-504.3421769752417,-68.320407385163,-836.9201424603443,761.4358825110825,-297.7119751798465,-666.6184110489816,999.6454370562088,-154.15561860803325,-417.4869747934935,-396.3336706424595,-355.2827351008075,-348.3927710897893,-369.6239241058873,-247.66397683952377,145.23757784184406,683.5318110265051,-721.8362792009432,-659.2008043325745,-504.3031950704735,-496.3637982137273,-358.9927801363562,-396.11632848062334,-112.44177694018498,-459.7604321575988,-449.5986580874416,-644.198450728488,630.1578071782913,-464.19582711349744,-453.2037975604357,-159.77032192777332,-485.2564662594139,-30.80787270541271,73.96671190592951,430.3078309312318,-153.84386113593342,-165.17488525978575,-75.14229019293316,-414.7528463708289,-275.80434153076914,-202.53502554678525,957.1835639070198,-309.89146230923603,-475.9330828137028,-580.688483392231,-574.6316849678303,-335.23033507561905,618.628597127359,535.8927719092706,818.9647203255187,-356.6576556434213,-436.9170678301683,-308.5843048639352,561.7250453745742,636.4421182111172,753.1875305908189,262.7436705084209,579.274811296919,514.3467990461087,-233.74334658351276,348.7788384235348,-994.0432320058792,-116.63914454684893,-533.8399556719057,-719.5757235962578,535.418710459603,-468.8240510854481,-184.76741036641664,-279.782584288958,18.91520098974592,-311.0634901123231
722.0679986994321,884.7383722882672,769.4137798772481,268.92449947911985,627.7357783026362,-1285.2134538714315,799.4021034529192,943.0185094987988,73.50441409523533,-513.6152037586257,-118.9312215943284,-859.9893415173246,725.3863739946264,-304.6294547050098,-660.0707264091672,1008.1360002082556,-197.5543505947173,-437.5481416623867,-403.2317521352283,-366.40560763626576,-367.8499539457917,-379.3277038277739,-263.7268798533354,101.07204367779558,736.3645848272647,-721.5342144787139,-672.6698485978764,-525.5105517022145,-507.1423482576612,-364.3715509877602,-413.5473852942544,-145.77051610547787,-480.2153674163928,-464.8549304435643,-625.0402669722837,664.7955753650791,-475.5725494424585,-477.8908698123798,-177.93647947383164,-499.96447673088886,67.19102019226659,172.36937453919222,383.023361575644,-163.0487016038534,-202.3486043424524,-120.04998970450772,-418.1658609037046,-304.86495074966274,-211.89584164684436,939.0364398774334,-334.4663549450314,-492.32777879004544,-613.1138332665273,-533.5497040513378,-249.8663233088457,581.3516069919924,479.39290117810987,778.1666027426241,-375.3963420784494,-381.3296068168603,-221.33006263293825,522.3762808784178,591.6089828291828,712.7779262198738,219.94817895768824,534.024891189175,466.3398401096404,-257.9365752045199,300.4494952040433,-943.3060658236802,-21.201140736711128,-481.95861485857216,-681.5699370551474,499.76662569058914,-476.7666948550973,-195.34082149173497,-286.80333663253145,-25.54507038307017,-324.0498437998732
696.1826424783419,857.1928410194646,798.0485546907046,219.95027136641565,571.229857169679,-1234.2170736884248,749.4336799331529,942.0978828207924,165.98492395937748,-525.1566514472026,-166.92385443661934,-878.092744674034,684.6157026447071,-312.8600519999887,-645.9029726317697,1009.0768638462306,-238.50678109831145,-454.7061422036522,-412.1279671092453,-377.0789428783932,-384.1355781467861,-389.510313821146,-280.8907402286049,58.46565427125161,780.7483679770389,-714.9243139633672,-681.4736283504124,-542.7293535142479,-514.3149436580477,-369.21171650422974,-427.9514212339194,-177.01925552720033,-497.3058683276563,-482.74789449589787,-598.7021085938337,690.7115768791288,-483.8064422707163,-504.56816947452216,-198.1537650359041,-515.1301692832526,167.6392161551765,269.98429805785867,336.4720175754758,-170.3883698342162,-236.68184158929364,-163.02919825371782,-421.03693280186224,-330.66815471534244,-221.5778591232071,914.7862791550566,-355.9140757328376,-511.1048778997194,-646.8858570705127,-483.85341172553785,-160.70292329824554,542.4971387208523,421.975840907612,735.4107979677384,-395.8559078918641,-318.4885503253586,-130.75534319962082,480.64224831945904,545.7629679333902,670.6910025868248,179.0252905932507,488.3456060859685,417.1580543013148,-279.02329348380374,252.7134198192048,-879.676961349847,78.26574240475522,-422.6368929433574,-634.5862131343661,462.2813418154769,-482.4735299993512,-205.14338969616904,-292.38146505087826,-66.98439832608406,-339.89324427452976
666.568748444342,824.832076459022,818.1540169716067,170.69830930048326,514.9058061354951,-1173.103213657934,695.7825041192701,932.1410368399596,257.5688974170677,-538.8508929442069,-211.9361260355432,-890.1605599213306,639.7311086009137,-322.65630997270995,-623.6395498239747,1002.8750882504012,-276.7120977595993,-469.1002209021024,-423.1081483762776,-387.58491225884194,-397.5661958999359,-400.59602425595415,-299.09899163881806,17.660778735427296,816.5840715401235,-701.320054748548,-684.8294930771463,-555.1391202168561,-517.0227451654695,-373.7657085442839,-439.4272183604352,-206.03541669514885,-510.9841580459524,-502.9973899868756,-564.9339125612297,708.0143506679048,-489.2747738097811,-532.9526701194229,-220.40934226958535,-530.2463456903573,269.02805232222147,365.37978742555407,290.96649773462,-176.21136944374743,-268.0466817741507,-203.82037723321432,-423.7285840002346,-353.22743201443626,-231.94576109178743,885.0480148577394,-374.2904770860147,-532.154331922273,-681.2300756392832,-425.8635945147924,-68.98288207350839,502.37131902072935,364.03712959991645,691.0434467889336,-417.91160347540807,-248.91737929562083,-38.25167231138349,436.9356385253254,499.15366456591016,627.3066749160755,140.1957214311305,442.5434325585677,367.103531707693,-297.0174096477591,205.7360710934652,-803.3405343221315,180.4170687122052,-356.4843728840479,-578.7554231380824,423.32206567552254,-486.3646654399231,-214.5454128067911,-296.8400276117245,-105.15786321833647,-358.5092834902271
633.7173224711696,788.3156544669281,830.0029501168056,121.3734976565019,459.0853089253913,-1102.207776786947,639.0308766956175,913.7870760889796,346.84803064364525,-554.4458116351836,-253.64016936609144,-895.1710064236925,591.3315674695699,-334.21292869193934,-592.9535704070059,989.9836699092442,-311.9011793393841,-480.9340775745532,-436.1736925837982,-398.2024611207266,-408.503515617888,-412.9697106529208,-318.2620599778897,-21.120281694724103,843.9376236066515,-680.1544768705808,-682.0172977753078,-561.9667320060731,-514.4323658773361,-378.2865155428702,-448.12553527732166,-232.6906322858206,-521.269461663165,-525.1894115314641,-523.6400567418583,716.9830708361158,-492.40986413200176,-562.6566429492983,-244.61941994167583,-544.7199621714597,369.8162210965766,457.1928912213189,246.8080567342882,-180.8931582948282,-296.3572482652038,-242.1854179851679,-426.6085737739685,-372.60659808071625,-243.3414712667551,850.4372926547495,-389.7180745368147,-555.2541157888911,-715.2575714606496,-360.12191758473034,23.982760523116585,461.2239429245095,305.9733999300485,645.4014986860658,-441.3324295333191,-173.32556715781843,54.73460968989029,391.6314938494793,452.0107591493928,582.9870018667829,103.64271457553622,396.9100731112151,316.46577369753027,-311.99323600342103,159.67970551270065,-714.7975981854485,283.8229694021529,-284.3017561552702,-514.4193977297404,383.201727771604,-488.8864157994217,-223.9095950034101,-300.5087341817715,-139.89017006558316,-379.6953811131584
598.0771372063533,748.2689643692948,833.9956760758073,72.20015576104247,404.0788246746065,-1022.0511408735842,579.728750604753,887.7402112733669,432.4801317386734,-571.5533332503529,-291.75219696446266,-892.1880244939086,540.0031531599918,-347.6560753988452,-553.6866729699511,970.883976794338,-343.8445326462714,-490.47325340610166,-451.2367761606215,-409.2003608428468,-417.3454338102164,-426.9650628639427,-338.25453187811354,-57.68214915934929,863.0188211920746,-651.0075718557345,-672.4065819489102,-562.5127658516716,-505.7647529220404,-383.02361114171424,-454.2462688953419,-256.8854784505025,-528.2490595873641,-548.7801341540128,-474.8944389751345,718.0430113803681,-493.6873831078696,-593.1869402253474,-270.627252318676,-557.8829911158366,468.4751945266117,544.1665227453499,204.2819224095524,-184.82775748639105,-321.57336704005075,-277.9142840568859,-430.0411041496049,-388.9226477413736,-256.0710010320869,811.5574199029065,-402.3848929090517,-580.065320357277,-747.9820457004186,-287.38386684063977,116.85177222788408,419.258497950727,248.18115902399515,598.8164143341434,-465.7791540462992,-92.591679075667,146.74524440848373,345.0732295930808,404.5521116673783,538.0779139227895,69.50741072132925,351.72521547751666,265.5271704120833,-324.0844472946796,114.70479943026795,-614.8667902814416,387.0126126675121,-207.0612234011648,-442.1316859557264,342.1929598357073,-490.5016359106583,-233.58434311720345,-303.71747072761127,-171.082884293285,-403.1311901721699
560.0525276721687,705.2741273457748,830.6345140102858,23.42789855954145,350.1857729955555,-933.3387331304878,518.396337639424,854.7452558584812,513.2233540327536,-589.6545479601533,-326.042366551504,-880.3987084416194,486.31654837207935,-363.0333908877372,-505.8645779328091,946.0710539740166,-372.3598725941813,-498.040364357532,-468.11706892323394,-420.8295834926773,-424.5166809907984,-442.8535094446667,-358.9114736303623,-91.86301149229716,874.157035535534,-613.6300679298212,-655.4829006571132,-556.177249255177,-490.3249261116426,-388.2185297036464,-458.0342515079562,-278.5539354613845,-532.077142530584,-573.1043806317073,-418.9501649273909,711.7380729424287,-493.6132536653703,-623.9475889025738,-298.20206477783927,-569.0065821299522,563.5338338524476,625.1813159822509,163.65196910335837,-188.41895204844877,-343.70323038657506,-310.8316499567305,-434.37727680950434,-402.3475621291687,-270.3913729271544,768.9894967562658,-412.54109843943706,-606.1303960668595,-778.3416033892315,-208.60325280612275,208.28856156105476,376.6440820655037,191.05438006200143,551.6168611619564,-490.8057132501565,-7.739169112594187,236.3531059681798,297.5802282024314,356.9908489433554,492.9106589825428,37.885145417933295,307.2581577525984,214.5677452217158,-333.4817709554073,70.97022510770516,-504.6745970772734,488.5199118394698,-125.8797683690994,-362.6502715810827,300.5358307332663,-491.6791819251637,-243.89788746994145,-306.7899697604445,-198.7188683607327,-428.3820289806762
520.0043401785274,659.8645081025938,820.4974377459093,-24.665810196555224,297.6937909883409,-836.9556127670985,455.52853841332734,815.565841404729,587.964955123378,-608.1095570525657,-356.34408132930514,-859.148847416203,430.8261830930744,-380.3050927595789,-449.7073379985329,916.0421451755988,-397.31895871984847,-504.00831751439904,-486.5401879401903,-433.3150147299208,-430.45932452663743,-460.8339899090931,-380.02413335806415,-123.54066381267462,877.775368830163,-567.9623038031189,-630.8721843843019,-542.4838637462586,-467.5314340139763,-394.0999981996523,-459.77379177349127,-297.6673855097173,-532.9715852484436,-597.3885572207873,-356.24306075165777,698.7018760547733,-492.7094623327959,-654.2460631441147,-327.038937748354,-577.3183991330948,653.620095459664,699.2809096166366,125.15485551350254,-192.07136682594785,-362.8048421283195,-340.80319118153955,-439.9448753900298,-413.1088496654365,-286.4980892036568,723.2856741292969,-420.4934890040032,-632.8750634263312,-805.2249409783731,-124.90856189541157,297.0008736433278,333.52827798060423,134.98097916337954,504.1301102978698,-515.8642130894684,80.09401949899893,322.20345002111094,249.45616397875216,309.5409771226176,447.8027299195076,8.822829173901749,263.7682058104135,163.868879163621,-340.4296214041297,28.63222623970693,-385.6335568896014,586.9280852142956,-41.986537077238296,-276.9222501423209,258.4465902557285,-492.88267220053103,-255.15317484941437,-310.0376420599198,-222.86362714500797,-454.9053487398857
478.2535673901878,612.5225200155616,804.212220721429,-71.77644715076067,246.87711714855627,-733.9550975854611,391.6003820186377,770.96591756853,655.743694067403,-626.1720327516358,-382.56207661074814,-827.9749189133722,374.07042929906544,-399.3366039295672,-385.6334052373514,881.2885029624174,-418.6533233810867,-508.7917162228192,-506.1381652853334,-446.8465621135153,-435.623284892124,-481.0236979249741,-401.33539516437673,-152.6375849754574,874.3648025778307,-514.1470197244545,-598.3619520992144,-521.1016082266059,-436.94423028228056,-400.87855850405737,-459.7820836566975,-314.23796724464444,-531.2088357983093,-620.7679336926614,-287.3885060985691,679.6288408057699,-491.4990736431182,-683.3034900676015,-356.7597371030322,-582.0228897134753,737.4979366498713,765.6897731212862,88.993881403489,-196.1816697049778,-378.98610713763264,-367.7411854785341,-447.0375959025869,-421.4886167501214,-304.5136167761744,674.9653271902679,-426.598003719731,-659.6143128082981,-827.5013960887073,-37.57197101598586,381.7736027266495,290.050026863132,80.33829908698368,456.6819940622878,-540.3136457105196,169.6905223127415,403.0515186829653,200.99721412637624,262.4211740746348,403.0581132550528,-17.682499395120693,221.5038497323194,113.71578198987164,-345.22183143920523,-12.15769621886422,-259.4090356297249,680.9107902218996,43.31442014483566,-186.0609507754819,216.12668576901535,-494.5587373246911,-267.6234048882672,-313.75353924355494,-243.66346448341503,-482.0602140169703
435.08710723152967,563.6802846649553,782.4322097177507,-117.57639204178297,197.9941815241896,-625.5416927136978,327.0726594526502,721.694821376357,715.7653754208367,-643.0083241205319,-404.6787089085236,-786.630916075298,316.5722768806164,-419.893144149951,-314.25688612469764,842.290325831825,-436.3585769931331,-512.8367104376389,-526.4522064541877,-461.56978410789645,-440.456931957278,-503.449926199229,-422.53547192401294,-179.1247286314762,864.4597274251237,-452.53511905038215,-557.9182117171,-491.8629413212236,-398.2895785941744,-408.74064782510993,-458.4016191220962,-328.3211288742698,-527.1171778019897,-642.3079904303538,-213.17140211932903,655.2465248215924,-490.49074456709417,-710.2689028375357,-386.9152388425652,-582.3241124532226,814.09784406486,823.8231535201256,55.33285866910933,-201.130108070442,-392.4035208501736,-391.6091083541348,-455.9039026996105,-427.821005198366,-324.47733612470034,624.5138080239936,-431.2504868917066,-685.562791140711,-844.0541039707678,52.0276685828235,461.4982311126311,246.35158502732813,27.487760699654277,409.5954241767839,-563.4323299441706,259.79145254306496,477.79488556834383,152.4993712934992,215.85658918354827,358.9667721264001,-41.68391445713705,180.70080933107644,64.39853190890886,-348.1965569740457,-51.25581479605606,-127.87562256509952,769.2678327450564,128.6842867785023,-91.316438690953,173.771361730638,-497.12495696160505,-281.54801780641145,-318.20638603238643,-261.340556967846,-509.1197399159369
